3 1885 
4 2530 
8 3682 
9 3606 1237 2306 890 2965 2898 2124 1119 
13 1207 
14 3339 
16 3001 
17 3183 2728 1012 1887 2789 
18 3441 2297 
21 364 1482 2983 2647 
22 1943 
23 589 151 1889 
25 2199 
27 2928 315 
32 1932 582 
33 1932 16 
34 1656 699 
35 2693 912 3509 3676 293 
36 601 
37 1626 
41 2612 
42 2928 
43 2105 
47 2726 549 1085 9 2286 345 
50 33 
52 1891 1632 3458 1641 1326 2506 907 2421 3509 2242 
57 161 2279 2255 1356 1081 
58 1262 
61 49 3349 3128 2114 1959 2659 1887 2946 941 
64 2694 
71 3178 
72 2631 1182 
74 665 2777 2361 2020 1081 
77 1482 
81 345 
84 2630 
89 3349 2513 
91 542 
92 170 1196 
95 2199 3031 
96 109 
100 642 
102 2739 2025 
103 2421 
105 1951 
106 901 1232 
107 3868 
108 3003 
113 451 
114 1680 
116 3590 2463 2125 2596 642 
117 1932 3029 1111 1372 
120 607 
121 220 
122 1076 2970 907 1195 
123 1604 
126 3349 1696 
129 349 2324 
130 1211 2264 2904 
132 2260 589 1166 1226 2530 
133 520 
134 2654 2849 
135 807 
136 770 2694 103 1351 1078 
140 476 
141 3091 0 
143 3116 
145 3090 1264 943 1182 257 
147 770 422 2024 3635 1529 
148 342 1673 3435 1322 3259 232 2975 20 2623 855 2916 109 
149 1171 1176 
150 1564 1196 80 2527 
152 2625 
155 352 1030 
156 3435 1230 1268 1573 511 
157 72 
160 887 1590 293 3003 1766 
161 108 436 3467 
163 1234 
164 3317 
165 3793 1218 605 2075 2951 1016 1672 916 1046 1393 896 855 
166 3465 
168 1087 436 1861 31 3569 3383 1256 1875 1405 1180 
169 3196 1263 
170 1211 
172 2111 2231 1279 2933 910 897 902 
174 1737 2267 3327 2086 
177 2728 
180 1482 2124 1575 1081 
181 3120 
182 2117 2179 
183 1081 2225 
185 1959 2472 
186 444 3090 3105 3357 711 1627 
189 5 
191 2039 1034 2472 31 220 
192 1575 27 
194 664 221 364 818 3127 1178 17 
197 1373 996 1081 1064 1018 770 3078 
198 3465 2460 1377 273 2378 376 
200 1628 
201 9 2322 1581 3402 184 1063 
202 1634 
203 3038 1250 1892 2693 
204 3258 1766 3439 
206 1672 
207 2852 3602 1324 
215 450 2364 3585 2643 1589 2082 912 1681 
218 3793 2936 2327 
219 1575 
221 1239 
222 647 
223 3291 102 
224 3349 1036 1925 35 910 
225 1063 
227 476 
228 2890 61 
230 847 1023 
233 1380 
234 2315 958 1175 1245 2530 
235 1892 
236 9 1180 33 
237 84 3351 3400 
238 333 2623 
239 1644 
240 892 
244 2125 2890 
245 1959 
251 102 
253 2219 
254 31 
255 3509 2502 
260 912 20 
263 2849 
264 1439 
267 3525 
268 3549 
269 1931 2802 
270 2378 313 525 1568 1950 
271 549 2042 1203 3466 1204 
272 194 325 3420 
273 2614 3684 1627 
279 3474 
282 523 
283 2286 3486 2803 
286 2638 2643 
287 1353 2502 
292 1166 57 1998 305 1648 
294 918 
299 1023 
300 1937 642 2559 1220 1230 
301 657 1196 
302 1692 
305 724 2098 220 
306 1212 
307 3483 3458 900 584 
308 1179 2630 
313 1884 908 139 
315 2242 1840 
316 1274 
318 3132 1256 3841 1214 1373 1215 504 
320 1329 186 
322 2813 
325 617 
328 285 
330 2373 3841 1164 1079 2789 
337 1636 
338 2255 2900 1895 
340 108 
341 1182 
342 2325 914 
345 699 335 902 1016 2105 1945 
346 3742 1656 1575 1395 
348 3509 2433 
350 1566 
351 1079 1061 1539 173 547 1595 490 
352 49 
353 896 
354 2928 1430 
358 2916 
361 1214 3882 
365 2385 2283 902 3420 
367 1954 1073 3724 
368 1179 
372 2502 
375 1337 
379 2337 
380 1182 
384 921 1022 
385 493 3029 2184 
391 2199 
395 915 
398 2326 
401 2232 1216 
402 2 
403 212 
405 2199 1220 
406 2199 
407 3349 1239 
408 1278 196 92 
409 2677 2012 2722 
410 3379 3294 2553 
411 1995 2374 493 3325 3190 
412 2244 
413 352 1247 3602 
414 2302 1275 1891 671 
415 2641 
416 3045 
418 1878 49 
423 3202 1247 1251 2303 1262 2219 2302 1058 1271 1448 2220 2327 1806 3357 1355 2660 
424 581 
425 3570 1656 724 
426 3686 3091 1505 
428 69 1182 453 2326 1843 
429 1208 
432 1529 
434 3757 
435 476 
437 979 3480 1073 2265 1943 329 
438 3351 
441 3539 2693 768 1178 1235 
443 2728 
444 3412 
449 1120 
450 1156 2969 611 
451 3859 549 
452 155 1424 1388 941 
453 3091 3793 2890 3475 
455 3585 
456 1548 2722 2571 1913 
459 2290 
460 1202 325 
463 1499 262 
464 1184 912 
465 2012 1899 1062 2903 893 
470 1192 
473 2637 3186 
474 2875 3509 
475 1355 2018 91 2237 698 2470 
476 372 
478 1287 
480 589 890 
481 232 774 1647 3399 1439 
484 1890 
485 35 2649 
486 1257 
491 2119 
492 344 
493 1659 2992 2285 
494 523 
495 1313 
496 108 
497 2401 
498 2336 
501 3352 
503 1228 
504 2105 1807 
506 1216 
507 2407 
508 589 293 2179 2288 505 1201 17 2543 486 
509 1178 
511 3107 
512 437 148 
515 1196 
516 2354 2498 
517 1060 1999 1871 1085 3182 1386 
519 3135 1078 2820 3607 
523 293 427 711 3682 528 2124 3328 901 2964 565 3752 
527 1543 1192 1023 3457 1085 148 
529 257 
530 700 2965 1265 2530 3323 593 1889 2031 2846 
532 3858 2722 1928 3566 
533 3379 
536 3435 
538 1267 9 
542 2003 792 1891 1599 49 642 665 2080 
545 3564 2789 
548 938 1250 2187 1301 2793 1601 2040 936 894 1366 655 3402 1748 2801 
549 2030 582 493 1683 1353 2588 911 
550 2125 2681 335 
552 2252 1653 3106 
553 2693 
554 896 
555 994 1227 
557 1881 1180 262 
559 3245 
560 2255 3339 
562 2858 
564 585 
565 1814 1058 
569 2225 
570 542 
572 890 1176 
573 604 
574 584 3200 
576 2041 
579 847 
581 2614 
582 773 
584 3794 1182 
586 2409 2255 
587 1265 3175 3616 57 1201 1192 304 914 
589 2222 3288 
590 1172 919 
593 2179 3798 3443 
597 2638 
598 3399 1176 
600 634 
601 1985 
603 1349 
604 901 
605 1179 
606 108 1284 
608 1959 
609 1595 
611 1249 
619 3724 
622 523 1120 293 
623 1232 942 
629 2647 886 
630 3457 
632 3714 
634 2030 908 1871 3295 1231 
636 2001 
637 2918 
638 2956 583 1050 1888 487 
640 148 589 
644 2789 
645 3633 1356 
646 838 1720 3695 
647 3724 914 2625 
650 1815 2361 3460 892 
652 2617 
653 523 1085 1353 
654 2904 220 
658 3349 
659 1190 533 3803 
660 2942 
662 1925 
663 3549 3682 2857 
667 352 46 
668 2209 623 1179 1956 362 513 35 
670 1250 
672 1503 2843 3557 1230 
674 2472 
675 1366 3684 
677 1569 3144 143 3827 2721 738 938 1326 362 
681 740 
685 293 589 
688 1937 
689 1169 1726 3602 1248 
690 3749 
691 373 192 2511 2811 2724 740 
692 3845 
694 453 
695 731 900 2031 297 1313 3056 
697 657 
698 1636 2821 1539 2950 49 2326 
699 537 2658 
701 908 2647 2875 
704 2386 
705 1047 
708 3593 
709 1063 719 711 315 2290 2338 1913 3841 1172 789 790 1989 1247 2090 
710 2081 1928 1582 
711 489 
712 2460 3684 2878 
713 1239 1366 2771 1627 366 2702 2471 2619 364 2027 
714 1238 
715 2211 1931 900 1190 88 1196 1254 
717 584 
718 2875 
719 1255 3392 
720 1375 1076 904 3724 1178 
723 1349 
724 3014 
725 1539 
726 2043 1628 1887 2039 
728 1163 
730 1865 2072 3555 2071 1179 2394 
731 2960 2492 
732 1179 912 220 
734 2666 372 1212 3629 
735 3091 
736 1894 1887 585 
738 1239 593 
739 3866 1262 
742 1205 1232 
743 3691 551 1366 285 1196 1197 3660 
745 585 
746 1178 
748 1256 293 2116 2322 3664 1643 1177 
751 38 3487 2822 3551 3649 471 
752 1245 2252 2588 
753 1726 3150 2432 
756 1073 1482 1271 3724 178 
759 1373 2789 3025 
762 3038 
763 1250 2031 
764 47 1337 
766 3682 
769 3291 1885 2890 2970 
773 3248 
777 2209 1197 
778 1111 
779 2360 2931 1226 1255 43 
783 108 
787 3410 
790 2401 1819 
792 584 1663 
794 3248 
795 1068 1261 2808 
796 2560 
797 2873 
799 1010 
800 212 
801 582 539 2349 3617 1355 3150 1742 1181 1545 1375 2162 612 
804 3128 
806 2618 
807 378 3658 
808 2039 2537 
815 1258 
816 156 1284 2798 2043 
817 1337 2421 1989 
821 257 1945 453 
822 3003 3184 3602 2735 3113 
823 3631 1252 1172 
825 3608 577 
827 1634 2693 
829 3630 1928 896 
831 3539 2983 3456 2810 
836 1284 
837 2637 2491 3757 
838 1877 1201 2133 3012 313 511 368 3522 3841 840 3366 28 518 
839 1193 3673 911 1186 
842 1889 3602 
845 2938 
847 1628 
849 3507 2902 1218 3682 2294 3116 3780 1309 
852 724 
853 453 2602 1336 476 1591 1318 
854 886 3823 3039 735 1229 1854 1087 1478 1188 1843 2725 147 
857 1301 2652 
858 1367 
859 1114 
864 3293 
865 0 3676 
868 2964 3106 2530 2890 175 
870 2928 
871 3633 2220 
876 3349 2021 3379 253 1064 
878 921 2064 
880 2036 462 1223 444 
881 1840 
885 3840 
886 257 
888 408 3292 1055 1867 916 939 3105 1951 1999 
889 1813 47 
890 1036 1959 3507 584 
894 2267 
896 1593 2722 
898 3036 
899 2001 
903 3033 738 
904 1079 
906 3398 
908 2657 
910 3602 3259 886 476 2694 352 148 3129 1156 2734 2009 3367 2458 900 3428 
913 938 
918 2904 1088 2220 1176 
920 2125 1595 
921 2364 1023 2937 
923 907 505 
925 2618 
927 1168 3614 2091 
928 1238 2302 2853 2473 
931 1577 
933 1178 0 
934 2693 450 1843 
936 1943 1632 3090 711 3109 
938 109 
942 61 641 1236 
944 942 792 3684 
947 1543 2011 3022 1006 1220 
948 364 2345 1335 1181 
951 1726 
952 1183 642 2294 
953 1180 268 
954 3631 1388 
955 1081 
956 1087 982 3846 1196 3801 1240 3467 947 
957 2722 
958 16 
959 1190 293 3745 
962 160 1063 353 
963 827 
969 2849 2325 1505 
970 257 3106 
972 1212 
974 3616 1701 519 1190 3134 
976 3184 1950 2432 3539 1061 
980 3400 1245 1062 
983 2400 3348 3400 2856 1548 1203 1233 3382 1283 
984 3352 
986 2290 2174 
994 593 
995 2125 1183 345 
996 148 
998 1533 540 404 
999 2735 
1000 442 2700 1529 2498 
1003 770 510 2502 
1007 3352 
1009 705 3827 3798 2970 
1011 2337 
1014 793 2288 1159 912 1670 1232 2637 1683 2701 2525 492 3878 1116 232 453 885 2543 1195 510 584 204 2986 
1015 3248 2602 
1016 508 3805 3366 1182 2916 
1017 257 
1018 3694 3132 2388 2657 378 604 2938 1203 3560 
1020 1236 3560 378 1074 1894 
1023 855 
1024 2703 
1025 918 
1030 1545 2595 
1031 3106 1647 148 
1032 3259 2448 2692 1301 
1033 2992 1267 3522 916 
1034 907 
1037 1887 
1039 2625 3141 
1040 3366 1268 
1043 1179 1996 1212 
1045 2882 
1046 108 
1049 2847 
1050 1482 1892 547 1043 2098 3003 986 907 1746 3078 892 
1052 2880 1202 2875 2879 588 
1053 2025 3120 2233 
1055 1909 
1056 1539 
1057 3084 1284 1196 1024 3014 3823 
1058 1023 1847 
1060 592 
1061 3793 2878 
1062 1685 
1065 1242 904 
1066 2623 
1068 643 1955 1708 232 
1070 2959 
1071 523 1287 
1072 589 
1073 2337 1220 
1076 2661 585 
1077 2190 
1080 3355 
1084 1207 
1085 711 523 3106 3671 
1086 108 3455 589 2514 
1087 270 2874 453 3684 3317 641 1574 3083 
1094 1115 
1096 1959 
1098 1876 
1100 31 1022 1816 1928 2327 891 
1101 3032 
1104 1180 
1107 3859 
1108 589 
1109 3684 
1111 1491 1246 1185 1115 2571 2559 1206 
1112 1455 3113 1203 
1113 1529 
1115 1211 1223 
1116 2096 31 1070 1173 3191 9 3509 
1118 1761 
1119 588 2081 1430 2572 2312 1176 
1120 3381 2102 3339 2734 1029 2271 
1122 1878 
1123 1617 2803 1200 
1124 1838 1893 1192 
1127 1183 912 1185 1180 
1129 2879 1246 
1131 731 
1132 293 46 3637 
1133 1268 2105 1224 1959 2789 
1134 49 
1135 2394 15 
1136 244 2637 1215 1899 558 1628 1885 585 3509 
1137 3496 3186 
1138 1337 
1139 3672 1190 919 
1140 1185 896 2012 
1141 496 
1145 1840 
1146 1180 2113 2261 1790 
1149 2657 44 
1150 1023 1593 319 3289 1349 2209 
1154 589 
1156 1899 
1157 2655 
1158 537 
1159 2693 
1161 890 
1162 1513 
1163 1956 2373 1160 1198 
1167 719 2433 
1169 890 1593 3132 921 1672 
1171 1111 1176 523 3465 
1172 1174 2364 
1174 1529 
1175 740 1375 
1177 2398 
1178 1271 
1180 3585 1246 2125 1229 
1181 3749 
1182 901 937 
1183 1046 1539 1482 
1185 1307 1329 2963 2530 
1186 2693 
1190 1997 2949 
1191 2327 2530 
1192 2693 3441 
1193 622 1804 
1194 1990 
1195 1156 353 
1196 1176 
1198 163 1628 
1200 2511 
1201 3666 912 1022 582 
1202 263 2548 2438 3793 3091 2264 
1204 1499 
1205 3628 
1206 956 
1207 2700 1792 
1208 2735 1252 2559 3291 3566 
1209 2623 
1210 1313 835 
1212 2693 
1214 1355 
1215 1683 1575 
1217 3392 
1219 1482 
1220 1274 2725 
1222 1087 2588 493 
1223 2814 108 230 2300 3602 1865 1496 
1226 2039 
1228 523 
1229 1178 1696 1931 1942 
1231 3435 2267 
1233 901 
1234 450 
1235 3798 
1236 2341 1384 
1238 1568 
1239 890 3812 
1240 1814 655 
1241 3175 1603 2076 3019 754 643 
1242 3676 1287 2327 1120 2846 
1243 3714 
1244 585 
1245 375 349 731 171 3412 452 43 
1246 911 3555 
1247 3855 898 
1250 937 3105 
1251 1575 2063 
1253 1166 
1254 2839 3844 365 3039 315 
1255 896 
1259 103 1696 3612 333 
1260 912 2421 
1261 1959 
1262 547 2849 
1263 28 2125 2821 477 3002 
1264 1887 2637 1226 
1265 2928 590 373 1831 889 3879 1009 
1266 1176 2647 
1267 1063 
1270 1061 554 
1271 2252 2068 
1273 855 2345 3065 2789 966 913 
1275 3292 
1283 35 444 551 1466 
1284 1113 2016 1882 855 3666 1079 442 2413 5 1949 821 999 3293 3083 2260 1814 1942 476 3608 1892 1319 2850 1193 
1286 229 
1287 1081 16 
1289 2364 
1290 1447 
1291 3091 
1293 1245 3106 
1294 1115 
1296 173 698 1663 
1297 847 345 285 549 1156 887 3079 2647 1765 
1298 1696 1196 
1299 3486 606 1366 3340 
1300 453 928 3182 3807 5 
1301 1045 1073 1398 
1302 213 1023 1079 1189 912 
1305 3354 1196 2322 1166 2552 
1310 1178 3675 
1314 911 1287 
1316 1942 2797 1351 985 2787 163 671 
1319 1568 
1320 893 
1321 2802 3537 2966 3007 1194 
1322 1171 
1324 2009 
1325 453 
1328 2231 1849 
1330 1189 220 2968 3441 3036 
1331 2530 
1332 1267 1190 919 3381 1178 2294 
1334 1399 2178 912 3014 
1335 589 
1339 1182 1220 1230 373 3635 
1340 1599 
1342 2252 1224 1193 3615 1182 1176 909 1184 1064 1201 
1343 2728 
1344 1834 599 38 
1346 2260 
1347 1541 2807 1012 
1349 2260 
1353 1696 1771 1572 539 3014 2540 1179 516 1814 59 
1355 2091 2090 
1357 434 1847 2502 
1359 1943 
1360 1262 2091 
1361 1220 
1366 2401 1776 
1368 2070 1964 2647 581 
1369 1268 
1371 2559 
1372 2027 
1373 315 1214 
1376 1192 2916 
1379 1405 
1381 900 3238 1189 
1382 1634 535 1279 889 2847 942 3175 1109 
1384 2222 
1386 160 57 
1388 907 1163 3045 
1389 2602 2081 453 233 1284 2812 314 
1390 2336 
1394 912 2381 1374 2623 49 537 3717 
1395 1593 
1396 2953 
1398 2836 584 49 821 
1399 1854 
1400 959 
1405 1954 
1406 1828 
1407 462 
1408 109 
1411 1232 
1413 1405 
1414 1282 160 
1417 2847 
1419 1263 1250 476 
1421 1366 1019 1888 1595 
1423 1366 
1424 1378 558 2821 1079 3724 1022 
1425 437 
1429 2693 
1433 2444 3179 
1434 3231 
1435 912 
1436 1068 3436 
1440 1239 
1441 1028 3635 
1445 3742 
1446 1575 263 57 1673 1375 1840 547 2789 2975 3091 1941 
1447 2512 1898 2976 2459 143 2850 3743 531 430 1889 1647 1202 354 1883 504 
1448 1569 2641 
1450 226 1022 1196 698 2245 1942 2327 894 2019 3857 2850 
1453 1959 
1456 1268 1588 3239 1189 523 92 3091 
1457 584 3827 
1458 2814 
1462 1937 
1463 1074 
1464 1590 3569 3382 1004 3672 1886 2334 1393 
1465 1242 1255 325 3629 1545 
1466 2530 3317 
1469 340 901 2496 
1471 1807 
1473 232 
1474 2839 
1477 3335 
1478 2433 896 
1483 263 297 
1484 1063 2735 
1485 1179 
1489 1458 462 
1491 1854 
1492 2789 
1495 31 2433 1064 
1496 1284 
1497 108 
1498 3595 
1499 3184 
1500 1446 2546 1 1359 1819 2255 
1501 979 2184 
1502 3436 2847 
1504 3673 2105 2595 1366 
1505 941 
1506 3457 1249 
1508 334 467 1023 
1512 899 886 
1515 642 520 
1517 2460 
1519 2386 
1523 293 3714 161 
1528 85 
1529 2086 352 319 
1534 3294 1058 
1538 911 
1540 1591 
1541 2260 1267 1632 405 3190 1627 
1542 583 623 1548 
1543 1350 
1545 1058 436 21 1364 98 360 
1549 604 
1550 1058 1180 
1551 2692 1279 1424 
1552 3088 
1555 1242 941 1959 
1558 3630 
1560 1593 2789 1943 1015 
1566 1185 
1567 2693 
1568 3024 
1570 2193 1169 
1578 2012 1543 3429 1252 1104 3229 1656 2794 173 373 2016 2167 
1581 2936 
1583 2918 1354 2081 
1585 1242 1186 3467 1349 1268 912 655 2722 
1586 3201 
1589 2850 
1590 1023 1190 3191 3634 
1591 3292 
1593 943 
1594 1219 257 
1597 1543 
1598 1928 1854 1672 1892 520 269 
1600 642 2473 3029 85 1021 
1601 1073 
1603 1192 
1604 2820 1034 315 2728 2571 1936 305 2075 
1608 847 
1610 1907 2014 1910 227 2964 3722 
1612 1250 1591 1876 590 2114 2638 591 1210 
1615 3483 
1616 49 
1620 3509 
1623 93 3566 1271 
1626 3196 
1627 1672 558 1371 3412 2096 244 1169 3248 2618 1482 
1630 3075 2722 2255 
1631 912 
1634 1226 2951 2025 6 1593 3193 2965 1233 2966 2553 2502 1340 3045 
1638 1239 2775 3060 3351 2641 585 1166 1819 892 
1642 891 
1644 3420 2045 2875 3852 2011 3467 
1645 3882 
1646 2027 1074 2125 1012 3458 
1652 3685 3878 
1654 3827 
1656 3878 259 2012 
1657 1382 1630 2518 
1664 2916 
1665 1695 
1666 3635 3265 1548 
1667 523 
1670 1359 33 2858 2496 537 
1672 3554 
1674 592 1366 419 2964 
1675 2690 476 711 1132 2386 175 1908 
1676 108 
1677 3339 3781 
1679 337 84 226 284 2964 1306 230 647 349 2398 719 1491 296 1284 3646 2850 1922 419 2315 2664 
1682 537 3432 2081 
1683 3457 
1684 2875 1190 1627 2735 891 437 
1686 582 2857 1726 
1687 3412 2548 
1688 450 
1689 1647 
1690 3841 
1691 3402 1028 2575 1892 
1692 918 604 
1693 1283 2726 1354 1156 2918 2635 558 2125 
1694 1064 
1695 1239 2617 2282 
1696 1250 2325 1287 10 
1697 3393 3414 3649 2322 3612 1816 408 3130 2661 1670 3031 243 2874 3196 2460 359 1122 1077 3129 3827 3073 3795 493 525 2531 
1698 31 1247 3761 1424 896 1240 2662 1228 1876 
1700 16 837 3441 2821 277 3038 
1703 1237 
1704 1045 
1708 3360 2711 3319 2082 
1709 1254 3090 
1711 2432 899 3439 336 33 
1712 3285 
1713 2899 
1715 1393 
1716 561 1074 2163 2593 1179 3827 1373 898 
1718 1111 
1721 528 1329 3865 
1722 257 
1725 3635 
1726 3337 3349 3519 3355 335 1180 
1732 71 1916 1195 2279 1272 1037 
1733 1210 1279 
1734 3184 
1735 1936 
1736 2271 1065 3545 583 513 15 1245 544 1849 3507 
1740 3084 1510 505 3132 2358 1888 1349 928 1652 
1742 3091 
1743 1185 
1745 3328 1205 2163 323 
1747 1349 476 2750 3590 
1748 1497 
1751 1934 1573 1252 1179 2448 2255 2916 
1752 908 206 642 3014 
1753 1177 
1754 1251 2199 2326 
1756 6 2047 2899 
1757 3229 1286 2918 1180 1173 
1758 1220 
1763 2070 1467 3247 3174 3051 1854 2875 
1765 3555 
1766 1647 2588 2693 3742 497 
1768 2530 
1770 1192 
1775 375 2351 2075 1180 1203 
1777 1015 3751 2614 1271 2092 1196 
1778 514 
1787 1952 3193 
1789 1190 3258 2194 3611 1024 1301 438 
1790 1847 1265 
1792 1271 1195 2875 2647 
1793 46 
1794 2252 
1795 3352 982 
1796 1190 
1799 1424 1239 1036 329 
1801 3666 959 1959 152 3614 
1802 1813 
1804 1197 2849 
1805 1989 2327 1607 548 2204 
1809 1194 
1811 1081 2572 1959 1352 3839 1208 2003 1287 
1816 3360 
1819 2386 1176 108 3628 3186 1210 1329 2802 2999 
1820 109 
1822 2255 
1823 1892 
1824 1634 
1825 1256 1375 
1826 2107 
1828 604 
1834 3658 534 884 471 2286 40 353 120 1279 520 1255 2065 1217 2302 497 
1835 644 1272 3131 1063 
1836 1285 855 232 827 3880 311 317 3701 3100 1647 1617 
1837 3486 
1838 476 1937 
1841 1095 220 601 259 821 
1842 2938 
1844 1046 
1850 3091 
1852 1258 886 2102 1720 20 
1855 1491 
1859 957 2502 
1860 1566 
1861 1478 
1862 1028 1234 898 
1864 1178 233 2637 1116 3466 589 
1865 3740 2233 2502 585 2433 
1869 770 6 
1871 470 
1872 1364 5 
1874 273 1300 
1875 2928 
1878 1989 1513 
1879 1088 1207 470 
1881 257 
1882 3614 1553 1001 
1883 46 1439 919 2601 1219 2338 1393 2049 
1884 3682 
1888 2180 3466 5 3327 2880 3190 
1889 2199 
1890 1242 2531 2918 2242 642 
1892 3339 
1893 3509 
1894 588 3757 
1895 3435 3479 
1896 1280 2571 3032 2856 2530 3672 904 3602 2839 1998 3823 1845 1219 
1897 2928 
1898 1036 1284 531 1274 2204 2571 711 1672 160 2783 891 3355 3366 
1899 3116 
1900 325 1066 
1901 3407 49 
1902 489 1954 
1903 148 1195 3181 
1907 3444 
1910 2511 
1911 2657 
1914 3558 
1915 1255 1202 3100 1232 
1916 1852 2358 
1917 2368 2977 
1918 1490 
1919 2632 2069 591 3774 2902 3104 
1921 1854 2009 228 2031 1539 1766 1607 
1924 3296 2882 
1925 2783 1889 1678 2458 1888 1233 1230 3310 2019 1188 1672 2850 
1927 2694 2693 2983 1989 
1929 1245 3841 
1931 1553 1178 
1936 1182 
1938 2007 847 2847 
1940 2118 2722 2728 1640 1196 3569 2771 3372 23 2694 1004 896 3086 2652 1078 3447 1359 3862 1338 3397 
1942 2631 2917 3107 1934 3232 5 2290 711 2055 2983 2918 
1943 2530 
1945 2789 
1946 900 3724 
1947 462 1468 
1948 1178 1063 108 
1949 1220 
1951 1244 3483 492 3466 
1952 586 
1953 911 589 
1954 220 
1955 108 
1957 642 
1958 1083 
1959 2081 1232 3614 886 
1961 178 2641 
1962 297 
1964 3107 
1966 2321 
1967 584 
1968 3184 2072 1355 3205 297 2462 2003 
1970 108 1959 2849 
1971 1227 
1973 3094 2460 81 1190 2849 
1975 376 
1978 908 
1979 741 1852 957 3203 2512 2290 1568 1702 352 3435 3509 2014 1614 2016 959 3177 
1980 2789 
1981 2098 2531 
1982 3603 3192 2055 
1983 1113 3616 595 2179 1568 
1986 1838 
1987 3477 2027 3823 2007 3878 1885 
1988 2421 69 
1990 1195 315 
1991 3793 1854 
1992 1178 
1995 1349 1533 
1997 333 257 1179 2255 
1999 360 
2000 3474 
2001 1022 2588 
2003 1543 2964 
2008 1073 
2009 1239 349 
2010 2284 372 1215 1931 
2014 2310 3139 588 1278 1023 
2015 1356 2464 2625 2945 1301 
2016 724 
2017 3020 2802 2670 3127 1726 2966 1959 
2018 3107 
2019 911 1439 957 
2021 1247 583 1737 
2022 3198 33 1197 1995 
2023 3185 3018 789 3549 584 
2025 1944 3701 
2026 2125 
2028 539 
2029 901 3707 2802 1884 1243 2719 
2031 1849 
2034 1178 2788 
2035 3003 
2037 1222 257 3509 900 1858 966 
2038 1203 
2039 3878 
2040 2571 2265 1373 
2041 2918 
2046 1166 2356 
2047 108 263 
2049 3106 2588 453 2007 
2050 1599 80 315 
2053 2849 2983 
2054 589 
2055 2789 1188 220 607 770 1326 
2058 2461 
2059 2354 
2060 3862 
2061 3675 
2062 108 907 1913 
2063 3477 3290 939 3393 
2064 1190 
2065 263 
2066 2670 2790 
2070 2983 3722 
2071 263 3265 
2072 1249 3654 1626 3327 72 1207 2602 
2076 775 2641 1220 3177 1384 3200 821 3317 
2077 1720 2267 
2081 1937 1513 
2083 1079 15 
2084 3496 509 
2087 1944 1313 928 
2089 345 1065 1111 
2090 2009 
2091 1395 345 2018 3020 604 3272 908 3099 
2095 257 1491 2075 3749 
2096 1499 
2097 290 1239 1234 3107 1599 1543 161 
2099 2233 
2101 1081 3614 
2102 3555 
2104 2846 1156 315 2890 2091 2209 1683 
2105 1883 1683 897 
2106 3412 
2108 2713 1664 1258 1854 3402 17 2582 
2109 1513 363 
2110 908 
2111 1376 
2115 2811 2233 724 3547 2812 1505 270 1699 1455 3194 159 1357 431 1002 
2117 2267 
2119 642 1683 
2120 954 
2122 2602 1426 
2123 942 1009 1951 1886 342 1937 3438 3452 656 2839 3281 2211 2798 3358 2849 
2124 2326 1887 1214 3388 2091 
2125 1182 3793 
2126 3079 
2127 1239 
2128 547 2286 896 
2130 2204 1656 3443 1384 
2134 333 
2136 2572 738 
2139 3083 1179 1236 
2140 1264 
2144 1016 2461 1254 
2147 642 1673 220 
2149 1180 
2151 3648 
2152 604 
2153 711 1190 
2154 2444 
2155 2012 
2156 2056 900 
2157 2002 1925 
2158 3609 
2161 589 941 3018 
2163 481 2001 3658 
2164 1358 1673 163 1326 3634 2920 2057 
2165 3077 
2167 2867 99 2290 3873 
2168 2359 1923 879 
2169 108 2070 2688 2857 
2170 916 35 
2171 2473 
2172 2039 352 1337 
2173 315 586 
2175 3793 1313 3001 1370 
2176 1078 
2177 3457 108 1212 
2179 3045 2880 1355 
2180 1212 1366 2565 1284 3859 488 3443 
2184 1196 2315 891 2105 3476 
2185 1084 588 3247 3671 
2186 2421 
2187 196 
2188 3441 
2189 1468 1246 
2190 1539 
2191 2264 2839 
2192 2502 
2194 642 257 1250 3402 
2198 2241 
2202 606 2300 3319 3738 1211 2341 1840 
2204 1627 900 2171 
2205 671 2631 
2206 3180 3258 
2207 1047 33 3105 
2210 1188 890 2846 3102 1284 1887 1258 2451 
2213 886 1250 
2214 2125 46 
2215 3841 
2218 1726 601 49 
2220 1852 1251 1245 
2222 453 
2224 3329 
2225 453 
2230 2277 1078 2868 
2231 476 2036 3724 2829 2821 15 1370 3782 
2232 604 
2234 2631 
2236 3655 3047 623 299 593 2647 
2239 1627 1189 
2240 910 943 
2241 2071 262 1075 
2243 641 893 589 1220 3026 2878 1238 3823 3412 
2246 2999 1185 
2247 2112 
2248 1185 
2250 775 2356 1889 821 1219 1063 2459 504 
2252 996 
2253 1192 
2254 1838 
2255 647 
2257 1898 1202 537 1085 696 592 
2258 2400 3823 38 
2260 3648 
2261 585 3297 
2262 2694 1182 
2263 585 3042 511 168 
2264 2337 3303 3038 
2265 315 
2270 2719 352 2220 
2271 1887 
2272 1455 
2274 2364 
2275 1590 2432 1575 
2278 3294 2846 478 1895 2722 2875 1301 
2280 3469 
2281 2343 
2282 2984 
2284 1726 
2285 220 
2286 1279 
2287 2117 
2289 2496 1636 
2292 1269 740 1878 
2297 1111 2222 1239 
2298 476 
2301 3294 1716 
2302 1932 1166 2260 
2303 1696 544 372 2661 1776 1989 2937 1069 151 2693 2701 
2305 1878 
2306 1079 1603 2222 
2308 3485 
2309 33 
2313 2300 
2314 3001 
2315 3178 
2316 2472 108 
2320 49 1539 2623 
2321 3441 
2322 3412 3671 2735 3134 
2331 3609 
2333 914 3031 3175 180 2801 149 2225 1212 1227 3191 902 
2337 1196 1543 
2339 239 537 1673 289 3175 338 373 353 
2347 1243 
2350 1954 
2352 2927 
2356 3247 
2362 1196 69 
2365 1250 
2366 345 
2367 78 3427 2874 
2368 891 
2369 257 1183 
2371 2898 
2373 3458 2722 1064 
2375 3459 855 3379 3060 
2377 3194 1813 
2378 1120 
2379 2233 2852 2530 142 
2382 2222 1249 2964 2880 1840 899 2031 
2383 46 
2386 3696 
2387 2878 
2388 1186 1885 109 2530 928 2285 2125 
2392 108 
2394 1267 520 
2398 1074 
2401 1203 1940 196 671 3270 533 1890 1074 315 2647 
2402 3555 
2403 1943 1599 
2406 1247 
2408 2338 
2409 2329 3078 
2410 1196 
2413 1204 1012 
2416 3474 
2418 2848 1284 
2420 2460 
2422 2872 900 
2426 2365 731 
2427 940 
2431 1794 
2434 3194 
2435 2918 2726 
2437 1195 1630 
2441 1250 1878 
2443 3032 259 108 
2444 983 
2445 1553 1239 2462 453 2318 
2450 957 2722 908 
2452 2927 3367 3628 3684 1499 2773 
2453 3190 2512 1120 
2455 1265 
2456 3013 2750 1016 2039 250 
2457 453 3352 
2461 591 257 
2463 2076 
2464 2750 1068 1180 1172 855 
2467 3036 
2469 589 
2471 1203 547 
2474 1366 
2477 3294 2878 
2478 1384 
2479 585 
2480 2880 
2483 1892 3194 2603 2529 1245 3684 2821 3105 
2484 1243 2374 
2486 1236 1207 2993 
2488 1287 
2493 2812 
2494 2655 
2495 2244 
2496 3063 2338 219 3655 
2498 2630 
2500 2950 2623 
2501 2530 
2502 2007 
2505 373 1951 
2506 3412 3293 505 892 2400 2998 906 1806 1244 3349 3537 1807 2916 
2511 589 1203 
2515 3186 
2521 2352 
2522 1262 2036 303 3039 2124 
2524 2849 
2525 2283 1207 1252 
2527 1765 2199 
2528 3602 3803 2337 1838 2406 1065 
2530 900 
2532 1529 2847 1664 33 
2536 2041 2009 1063 
2539 727 250 3349 1380 
2540 286 
2541 1249 
2543 2458 941 912 1182 3089 353 577 
2546 1676 
2550 2074 
2552 1885 
2553 3116 
2554 1264 
2555 659 
2558 3684 
2561 1111 3045 
2564 1636 3483 2428 
2565 1180 
2566 1373 
2568 2234 
2571 896 1337 
2574 1533 
2575 1950 1375 
2576 142 
2578 900 
2580 1256 525 1502 2735 2728 1179 740 
2582 257 528 1356 1284 1386 1928 
2584 1928 
2587 3060 
2588 523 
2589 3430 3840 2246 1934 
2591 1252 3031 1214 
2592 2647 1575 
2597 1242 
2598 2878 3360 1985 1382 1268 
2604 2993 
2608 453 1811 1196 
2610 3203 2002 2849 
2618 1243 49 
2619 3684 
2625 3079 
2626 3482 232 2090 1063 1204 
2627 3031 
2628 2077 3379 1287 2694 623 2746 
2630 887 
2633 1568 2502 
2637 1720 49 257 979 
2640 1203 3150 315 584 3379 
2641 2890 
2642 999 3265 3078 
2643 3412 
2644 1468 0 1854 1989 
2646 3545 
2647 1015 
2648 1178 
2650 2993 
2652 2614 
2655 470 
2660 2400 0 2039 
2661 1239 1899 
2662 724 
2663 1204 1023 3776 
2664 1211 685 1109 373 1424 228 1252 1256 1482 
2667 3327 2386 
2669 2595 2105 897 
2672 3229 
2673 1239 
2675 20 502 1069 1224 450 
2677 3724 
2678 918 0 
2679 886 
2680 2722 2401 315 
2682 1848 1566 1287 1545 1202 
2683 1258 
2684 1063 
2690 2890 
2691 1539 
2692 3602 352 
2698 3090 
2699 227 1672 2502 
2703 3026 
2708 3091 
2711 2812 
2718 892 
2723 139 3094 1016 773 
2729 1178 3218 2878 2879 3196 
2730 1355 2919 
2732 1603 160 
2733 49 2228 
2734 3509 23 775 
2735 49 2220 1264 
2736 1078 3105 2326 
2737 1337 1195 3089 3036 
2739 2546 1196 
2740 2694 
2742 2225 1192 2355 
2744 163 
2746 1931 1033 
2747 1246 896 
2748 1335 
2749 1894 943 1155 1595 
2750 3032 
2751 2849 1959 1854 2798 
2752 3182 2848 
2754 691 
2755 1179 1023 1595 548 1252 
2756 1274 
2758 1503 
2760 1386 2719 2030 1680 1575 2297 
2763 2659 3614 257 
2764 1022 1242 2735 
2765 1274 
2770 1023 
2771 1628 1932 
2773 2847 2401 1274 2573 
2774 1203 
2775 1287 585 2031 2970 3774 2327 68 3035 2176 377 
2776 4 874 549 31 1466 1346 
2777 2857 1250 1157 
2778 3673 
2780 1556 1195 2249 1224 2031 537 
2783 1186 2789 
2785 1959 1271 3585 3841 3339 1215 
2786 2105 
2787 1242 1179 
2788 476 
2789 1959 
2790 1284 
2791 1180 
2792 3682 2899 1385 1373 
2793 3585 892 3393 1656 35 3355 
2795 257 
2796 1022 
2799 376 
2800 589 
2802 1080 344 
2806 2039 918 3028 
2807 537 1229 
2808 1636 3032 
2809 2571 2702 
2811 257 
2813 1891 1849 1178 1195 
2815 2559 
2816 315 
2817 1178 551 1287 1366 1595 
2819 1627 3841 1324 1201 1194 
2821 3469 1416 
2823 2736 
2824 226 1247 303 
2825 2170 
2829 896 
2831 1284 1215 
2832 2641 
2836 1624 1595 
2838 220 162 
2839 108 
2840 1028 2432 1636 2255 2847 2267 1499 1706 2690 
2843 1852 
2846 2287 642 
2847 28 2631 
2848 1203 
2850 2839 
2851 2832 2444 
2852 2849 
2853 3549 2648 126 2527 740 2693 3660 
2854 2637 
2856 1568 1258 2878 3857 1085 1989 
2857 2085 
2858 2647 2542 3412 
2859 1283 906 3672 1096 
2860 2264 
2861 3766 
2862 2102 
2865 1885 1073 148 1237 
2867 3857 1182 2862 
2869 476 
2871 1224 51 3248 1590 
2872 166 1632 
2874 1271 1884 
2875 2098 1198 1545 
2877 1120 2728 1595 1251 1069 1335 3285 2959 903 
2879 3292 3673 3141 
2884 1892 
2886 727 1183 3798 
2887 2595 1023 3724 1931 376 2617 
2888 3564 2233 
2893 168 1944 
2894 1029 2405 3841 1271 2970 
2895 3232 
2898 3325 1109 1359 3456 2963 665 
2899 3078 1021 1073 28 983 
2900 2623 
2904 891 2225 
2905 907 
2906 3740 2046 1245 776 1203 
2908 423 3229 3038 3361 3180 453 1078 1403 1693 1020 3141 2559 2429 418 367 2392 2653 14 1644 3029 2564 
2909 1904 
2912 3474 1275 3289 1065 1216 38 213 
2915 20 3823 
2917 3827 333 1771 
2918 1214 
2919 1179 
2920 1505 
2921 547 
2925 1566 
2927 3327 900 1073 2928 1327 2647 1055 
2928 3293 2450 2643 2448 1156 1329 
2930 1568 
2931 1322 
2932 1726 
2933 1250 2284 2421 1619 1245 2970 
2934 520 655 
2936 1568 
2937 1063 770 1925 1539 
2938 2105 
2939 220 
2940 2011 2134 323 
2941 2794 1256 1869 
2943 3615 108 
2945 2043 
2946 2063 92 3412 
2947 3258 
2948 956 
2951 3714 1575 2878 2370 
2952 1890 
2954 2322 3259 
2959 257 
2961 2117 2719 
2965 1085 1885 1373 
2966 1159 2261 2657 3477 3608 933 
2967 2734 9 3554 376 2167 1720 
2968 2847 1262 1491 1301 
2970 3058 1286 
2971 2284 
2973 549 3509 
2974 888 
2976 2906 
2979 2176 1204 
2982 2645 
2985 3602 3317 
2988 1250 2588 1941 
2989 711 33 2803 2496 1593 
2993 174 
2994 1202 1000 3087 825 2878 2548 1058 
2995 430 
2996 1937 1268 
3000 1721 49 9 1189 
3001 1424 3841 
3003 891 1156 
3004 3458 2654 
3006 313 912 
3008 1250 
3011 2916 
3012 436 2846 
3013 2797 
3015 1353 
3017 1943 3293 2875 2405 2076 110 2582 1074 1256 1113 2713 2695 1568 1439 2918 
3019 353 
3023 3420 1884 1950 3358 585 
3024 1373 
3025 819 
3028 2936 2693 1182 2678 20 2220 2338 
3030 2433 3202 2354 2077 657 1627 51 1265 3827 
3031 2286 1771 19 1190 680 1893 1201 2020 1568 2875 873 548 1565 105 1065 1910 3045 466 3848 
3032 1192 
3033 1372 
3034 1078 
3035 1931 1163 
3036 2260 1388 
3037 2916 2571 
3040 3846 
3041 315 
3043 161 1023 315 1568 
3044 1228 1232 
3046 1439 
3050 2011 
3052 2802 2007 344 2386 
3053 15 1627 855 959 2722 1185 
3054 3774 827 
3055 1204 1349 
3056 1238 
3057 3349 
3059 604 
3064 1072 49 3190 2693 2938 641 
3065 3077 
3066 1202 3188 510 1995 341 2665 3150 1636 1720 1854 519 1155 2964 904 
3068 3878 
3071 2872 
3073 523 1245 1726 604 
3074 3482 2134 108 604 
3078 1078 1207 2556 
3079 1683 711 2302 
3080 1009 1250 606 
3081 3184 1656 1337 333 
3082 2684 3766 
3084 1166 
3085 333 1989 3078 
3086 1889 1891 1951 1450 1664 
3088 2036 2806 
3092 1064 
3093 585 
3094 3878 2819 773 1287 
3095 1353 2496 583 
3098 1726 462 2502 
3101 2693 
3102 290 
3103 3793 
3104 942 
3105 3441 290 
3107 1216 1876 3664 369 
3109 586 2924 
3110 2433 
3117 3196 711 31 
3120 2300 
3124 1641 3039 3013 2423 
3125 1989 
3127 1179 2647 3366 523 2460 
3128 15 2040 5 1220 
3129 3684 
3131 3682 
3137 3524 2055 3729 900 
3139 263 3187 1222 
3144 1271 2502 
3146 3045 2614 
3147 1726 907 
3148 1271 
3150 183 
3153 250 1823 16 
3155 313 
3157 1255 2654 2315 1159 2839 2286 
3158 1111 2638 
3160 1220 
3161 1220 
3162 2621 918 2511 444 3640 3522 504 1282 109 1421 719 1439 3684 
3163 2364 
3166 352 2264 2502 
3168 158 740 
3170 523 3739 
3171 2693 
3172 1952 1672 
3173 1634 
3175 3686 
3179 2631 35 1189 
3181 35 2559 1990 
3183 591 
3185 2137 
3187 1647 
3188 1227 229 250 2067 
3190 436 
3191 3184 3740 2220 
3192 2491 290 
3197 3132 
3198 1556 
3199 1223 604 
3200 1284 1566 1513 1224 
3201 450 1990 
3204 1271 
3206 606 
3207 3134 2327 
3208 373 
3209 3116 
3210 109 
3212 453 724 
3215 1336 966 
3216 1022 1451 233 1366 1323 1332 3410 1499 
3217 42 
3218 3104 
3219 901 3127 
3221 1190 
3223 3456 771 1617 2064 585 427 479 532 3397 1204 3063 1942 892 314 2433 2571 
3225 1131 
3226 2336 1637 2623 
3227 589 2325 
3228 2744 1880 35 
3229 3206 
3231 2327 
3232 3855 
3233 1952 
3239 15 49 
3241 3569 2334 
3242 1989 1720 
3243 2502 
3245 1214 1439 2162 
3252 1120 1216 
3253 3327 
3256 2735 
3258 584 1246 3509 719 891 1257 
3259 3684 2530 
3260 2275 2211 1337 1322 586 1156 
3262 2875 
3264 1468 2407 1120 
3265 3172 1229 
3266 2614 
3270 1017 
3271 2402 2677 2286 3847 3186 821 2735 2788 
3272 900 
3276 2222 2255 
3277 3560 
3279 1104 
3280 1673 2252 2284 907 1617 
3282 3045 
3284 768 35 285 1568 3766 3458 3740 1222 1246 
3291 3094 1543 1502 1317 2593 1356 2902 931 1862 999 
3293 1203 2849 
3298 1840 1192 1120 497 
3299 476 3029 3127 
3300 2693 2117 160 1194 1333 
3301 2078 
3302 898 2928 
3303 2579 1222 
3304 1028 1627 3096 44 315 1195 
3307 868 922 1074 792 2292 731 
3310 2074 1064 665 2471 516 1898 163 
3311 2735 3066 38 
3312 3702 3349 1644 
3313 1374 537 
3314 1222 1598 537 
3316 1858 1696 2879 
3319 2970 1266 23 3522 
3321 1045 
3322 1222 3352 
3323 735 1252 
3324 2839 
3326 1047 24 
3327 1751 3600 2178 2300 
3328 3400 
3330 642 
3332 2918 3716 3483 
3335 740 2631 1278 
3336 315 
3339 1335 
3345 1022 1068 1273 940 2880 
3349 3184 
3350 3648 
3352 2336 1933 
3355 1023 
3357 1274 1192 1085 583 1656 1063 3602 3294 2327 
3358 1491 
3362 3078 1890 1711 
3364 338 1595 919 2857 3803 2727 
3366 1532 2794 1692 204 3827 
3367 1085 
3369 1337 2255 304 
3370 2623 3132 3029 1876 1064 
3373 3117 1081 
3377 151 
3379 2916 911 1359 3545 3135 
3380 3683 
3381 2503 
3383 3732 
3386 1437 
3388 2918 2728 
3389 2542 2789 2169 1201 2348 
3390 38 2623 354 2306 1549 2670 1246 959 
3392 3482 1256 
3393 0 1132 1204 2868 2220 1064 49 
3398 364 
3399 293 3602 
3400 1006 1885 1219 1932 
3401 1455 3476 
3402 224 
3403 3729 376 
3405 102 
3407 585 
3409 2264 1171 2249 244 
3410 1254 
3411 453 3196 3232 
3412 3878 2502 
3413 476 
3414 1372 699 2031 
3415 2553 1034 2098 2847 3001 1933 
3417 3012 2928 1223 
3418 1593 504 2459 
3419 1203 24 1081 
3421 3724 
3422 770 1268 1355 1617 3846 3827 0 313 257 
3423 470 
3424 3457 2638 1424 
3427 2460 234 
3428 2789 
3429 593 2874 
3433 2693 523 
3435 907 
3436 38 
3438 2401 
3440 2847 3038 2056 
3441 3509 
3442 1314 
3450 735 
3452 589 0 
3453 2433 1180 2071 
3457 1346 
3459 3020 
3461 3798 1468 2037 1680 2031 2728 
3462 1180 
3463 333 1848 
3467 2856 
3468 2027 537 487 315 148 471 
3470 642 3407 1375 1179 595 
3473 914 901 
3474 3292 1482 1886 
3475 1080 3418 488 941 932 258 3290 
3476 3480 3009 
3480 1228 49 3039 1227 1073 
3481 1220 
3482 1556 2271 3183 792 2653 1357 1215 
3486 1068 2139 
3489 1196 2291 
3490 1166 847 3444 2456 1746 1451 108 2076 2922 3247 2045 1197 2758 
3492 373 1190 
3496 2736 1264 2561 
3497 3740 352 
3498 160 3029 196 1073 
3500 1081 3482 2617 24 2848 
3502 3502 109 3295 31 2344 
3503 1321 2245 1384 3823 
3504 1482 
3505 604 
3506 2082 1885 437 2199 1255 1222 
3507 1188 
3508 9 
3510 2031 476 1211 
3511 1256 2555 2013 3078 1636 813 
3512 174 1357 319 2728 
3513 2965 
3514 1366 
3515 606 3414 3013 
3516 1241 3724 
3517 1371 1499 2849 840 1192 3117 373 
3518 1033 496 10 504 
3519 2848 1424 3555 3827 2530 
3520 2132 33 899 
3523 903 
3525 576 46 1628 2653 10 
3530 1271 1276 
3531 1726 
3534 1959 
3535 724 
3537 2043 1568 
3538 2097 1195 3292 1355 1959 2724 1241 1238 3452 2692 3643 939 
3539 102 315 1468 2354 1482 
3541 3415 
3545 1220 3265 
3546 2874 2553 
3548 347 
3549 3793 1203 
3555 2975 3585 2204 
3556 1991 376 593 907 
3557 2890 2012 1543 2433 
3560 3446 3175 51 2042 
3561 583 2873 2046 3465 3756 3458 2684 
3562 3436 
3565 3366 
3566 1575 1366 
3568 1448 2633 1176 2789 
3575 1862 1064 740 1238 
3577 427 1182 
3579 3241 
3583 698 
3584 2416 3310 3399 3129 912 1337 
3585 959 
3586 93 
3587 1222 
3588 3803 1255 1109 1274 20 1354 
3589 3566 2075 3188 3714 1553 178 511 2788 360 1058 
3591 1262 3429 1451 488 
3592 2735 
3593 2252 1840 
3595 3614 943 
3598 352 2324 2421 
3599 1196 582 2091 1015 61 
3600 671 
3602 838 31 
3604 1068 3105 
3606 1250 606 1192 
3609 1932 
3610 313 3191 2621 
3613 2849 
3614 2027 1178 893 
3617 183 2199 1108 1888 3005 3032 
3619 1513 293 2199 
3620 1258 1109 
3621 855 
3624 2928 
3625 892 2853 523 847 2354 590 2098 9 378 
3629 214 
3633 3675 
3634 1276 290 
3639 1227 
3640 1199 1953 1180 1628 3483 589 790 
3644 1132 
3645 2588 2502 3661 
3646 1246 
3647 2260 
3648 1265 
3649 9 92 770 1483 2302 3483 
3650 2637 2133 3724 453 2750 
3652 1353 
3653 3724 
3656 3724 
3657 2463 1353 3378 3570 1220 
3664 1533 31 3106 376 585 
3665 3634 
3670 2125 
3671 108 
3672 3132 534 
3674 3425 1482 1319 1683 3479 1215 1192 901 2966 
3675 3106 
3676 2812 1238 
3678 1566 1179 1274 228 
3680 2727 407 3109 1550 2846 2105 263 163 3375 
3681 1876 
3682 891 592 1881 1575 
3683 847 
3684 711 349 1248 2971 3035 
3686 2691 589 
3687 2012 1539 1199 855 1262 
3690 1956 731 
3691 1179 
3692 1607 1287 3613 1181 
3694 1533 1673 2055 2559 
3695 3355 
3696 3297 1180 
3697 1058 
3701 3039 
3703 1616 49 1132 1844 467 
3704 2484 1196 1364 1366 1070 504 888 3352 2169 3665 1180 1169 
3707 3565 1216 
3708 3529 203 
3710 1959 
3711 1491 108 
3712 724 3457 1683 
3714 1352 1654 2503 2677 1969 
3715 2821 641 1797 450 
3716 1189 2233 2324 3722 2571 33 2286 
3717 1766 2061 2660 1891 2857 1058 3553 
3719 222 1155 3109 
3721 109 2003 2949 
3723 3183 1843 2040 2970 
3725 3682 735 
3726 1166 3545 
3728 1892 1179 
3730 1959 3633 
3731 2373 918 
3732 3091 
3734 1745 3366 2904 1188 
3735 2847 1672 1024 1321 
3736 1726 3032 
3737 1272 
3740 2401 352 
3741 1989 
3742 535 
3744 1197 
3745 3729 1543 2340 2614 589 1491 2065 
3750 601 1354 1575 1252 1111 1230 527 2621 1264 
3751 2621 982 
3752 1239 
3753 3766 2459 
3755 2625 1942 1166 2265 929 
3756 3634 2220 2045 
3759 349 778 1230 1189 724 
3760 2847 3458 1952 28 
3761 2870 537 2133 
3763 914 
3764 3012 
3767 956 1070 1196 2091 2647 1190 3456 3482 
3768 1931 1388 1447 1543 1224 1236 1015 344 1816 2617 
3769 3630 1890 
3771 2003 
3772 3355 2260 2637 
3776 3045 
3779 1015 1899 1287 2079 
3780 450 
3782 1120 1239 943 
3783 3078 
3785 1336 
3786 3094 
3787 2179 
3788 1081 1196 
3790 2043 
3791 3013 896 2847 2502 2514 3467 
3794 2525 
3795 1224 1656 1372 1258 611 3032 
3798 1695 
3803 3481 2918 
3804 894 
3805 2386 
3806 69 1599 1180 
3807 1668 2243 265 243 1672 1282 3198 
3810 31 
3811 2922 1468 3634 
3812 3355 
3814 2735 
3815 2009 2065 3291 2496 20 
3818 20 
3820 2442 1238 
3821 1215 
3822 139 490 3569 724 3099 1242 537 2334 461 424 3633 1880 
3823 3129 1222 2641 
3824 3131 1210 1891 2244 2660 
3828 1591 1768 3474 900 3292 293 
3829 322 900 
3831 1207 
3832 1180 3676 
3833 2251 1331 1188 2964 733 3189 3195 1767 1386 23 
3834 1568 
3835 912 1085 1983 1195 
3836 1250 1854 
3840 3290 2600 3699 1858 1283 3200 1627 2914 686 2722 2370 
3841 2283 31 174 2678 293 46 1293 1169 
3842 2625 
3843 1905 
3844 0 711 
3848 1250 
3849 1672 313 352 
3852 1239 1300 3634 2559 1279 
3856 2637 
3858 220 
3859 1998 
3863 24 1284 
3867 1439 
3872 1019 
3873 1619 2993 
3874 2692 2536 
3875 3686 
3876 1176 
3877 1201 2735 1204 3477 2630 1663 2970 586 2924 2850 
3878 3695 3229 
3881 706 1077 
3883 1499 801 315 
3884 2882 1249 3849 3273 3278 917 
3885 584 
3886 2432 1178 937 
3887 2139 
3888 1182 
3890 2900 1539 2998 
3891 2286 1120 2255 3766 
3894 3367 
3895 585 
3899 997 1932 691 
3900 2892 
3903 516 
3909 20 1258 2880 911 
3912 1448 
3913 1113 453 
3915 2798 2624 1468 3105 
3916 1450 
3918 3546 
3920 1046 
3922 537 2593 
3925 3756 3569 
3926 1767 990 2637 
3928 108 1023 604 727 
3929 1274 2385 1249 1877 
3930 2502 2473 
3932 0 1176 
3933 2422 
3937 23 
3939 2654 1115 249 527 
3940 2847 
3941 3294 
3942 3682 
3944 1145 3438 912 2244 
3945 3339 
3946 2031 
3948 1190 
3950 1335 1568 
3952 547 1183 1838 
3956 453 999 3190 3187 2341 
3959 1372 
3960 1274 
3961 416 
3962 2788 3265 2728 
3964 3740 3187 1513 
3966 3379 588 
3970 3412 216 3793 1956 
3972 2773 
3975 352 2649 511 3107 
3977 2916 476 2802 1232 
3978 2009 
3979 1197 
3980 3476 903 2630 
3981 2355 
3984 335 2918 363 
3987 1482 1156 
3988 1705 1210 3031 
3991 2360 2018 
3992 2983 
3993 1168 3602 
3994 2588 
3996 9 3084 
3997 1366 2460 2579 912 
3998 1076 1212 2306 2045 1575 1568 510 
4000 2394 1085 3654 
4003 376 
4004 2077 
4005 2071 
4006 3676 
4007 3675 3509 
4010 24 
4013 3539 
4015 2601 1372 1656 1886 1070 33 910 1876 
4016 1683 3078 
4017 523 2459 
4019 1885 
4020 668 2866 2134 2753 2036 819 738 3265 3745 1055 
4021 900 3632 539 2199 
4023 2002 2283 
4025 3412 2046 293 1074 2261 2783 549 
4027 3776 1073 724 10 2907 2631 
4028 1189 
4031 3099 1931 300 2409 
4032 3339 1767 2632 1081 1287 2470 49 
4033 153 1366 
4035 467 
4037 1878 
4039 257 1683 1163 453 
4040 1664 1187 1910 109 547 3105 1989 
4041 1182 3013 1951 1696 1351 
4042 3546 
4047 3766 1002 3328 903 902 3425 1942 1178 1937 1355 798 1119 1959 
4051 3782 
4052 3402 1382 2458 1222 3585 
4053 3481 1251 2276 1203 1842 3701 2449 
4054 244 
4057 1178 108 3619 2174 
4059 243 109 1977 1034 15 352 
4063 2877 932 476 473 
4065 604 293 
4068 3549 
4071 3292 31 1274 1881 
4076 887 1353 3630 593 1178 
4077 1891 3432 2916 46 2350 
4078 3227 2879 1233 1889 3339 2726 2920 470 1868 
4082 376 919 1258 1214 
4083 1876 642 
4084 352 2222 3186 1398 3617 3410 3187 3078 411 1022 325 2647 183 642 2119 376 149 
4085 38 2884 2092 1726 2536 
4086 220 
4087 2473 
4088 2191 1246 159 0 1732 1851 821 3183 2174 161 2074 
4089 1203 3003 1892 2879 2233 
4091 1287 
4092 3141 2802 46 2928 
4093 1683 3192 1989 
4096 3602 
4097 2880 161 1220 
4103 2079 
4106 2502 
4108 1181 
4111 1932 1324 2735 1007 2849 
4114 2683 3554 1575 2302 
4115 1543 3441 1566 31 
4117 1183 3566 109 584 1366 2846 
4121 1695 
4125 2548 1004 163 1220 3204 3247 
4126 770 
4128 1203 1189 
4129 912 1076 
4131 2924 
4133 1068 
4136 1268 
4137 3410 
4138 2530 3407 376 
4139 3150 263 2802 2846 
4140 2012 
4146 2630 
4147 1539 1196 
4148 1195 
4149 3183 350 2802 
4152 108 1732 
4153 315 
4155 1080 2668 285 423 170 3697 
4158 3682 
4160 918 1214 1683 
4161 293 
4162 2286 
4166 2009 912 847 44 2075 
4167 244 
4168 3686 2118 1144 1030 3670 316 999 1228 1820 3488 3310 3238 3401 201 914 3467 1636 2008 1844 2752 3846 1033 2361 2048 2878 1375 
4169 892 
4170 3602 
4171 2327 
4173 3633 
4174 3316 
4176 2231 3694 
4179 3716 
4183 1569 523 
4185 1194 1065 2458 
4187 2242 
4189 908 
4192 996 3612 1998 2898 
4193 95 1847 1326 1373 
4195 2481 897 
4200 3724 
4203 2880 1329 1886 
4204 2677 
4205 1249 
4206 3614 3437 1224 3435 
4208 589 
4209 1505 
4212 3187 3135 3460 222 1353 3013 1351 
4214 1222 1155 1192 3035 2617 
4216 1539 1958 850 220 3509 641 1077 1322 1226 333 2333 
4219 2928 1539 1029 
4220 1211 
4221 3002 1936 
4222 1250 1161 227 
4223 1432 2968 900 3028 
4224 2086 
4225 3106 
4226 2338 
4230 583 
4232 847 900 
4233 1196 
4234 315 
4235 2926 
4236 1246 1375 3566 
4237 3439 1006 2351 438 3106 
4240 897 
4242 3365 907 1192 
4244 257 
4245 1224 
4249 2337 2388 1599 
4250 2220 2846 
4251 1525 
4252 790 
4256 900 
4257 2351 3629 1854 
4258 3684 
4259 2297 
4260 2012 
4264 1022 
4266 898 
4267 1864 
4268 2502 
4270 3352 442 
4273 1849 1438 
4276 478 1227 1179 3509 1998 2777 1577 1010 2722 3402 1451 1192 3289 2575 315 2061 1891 1258 3430 3765 3278 1599 1024 1340 
4277 289 
4278 2090 606 3270 349 
4280 586 2302 
4281 1931 
4283 3675 2694 
4284 1765 588 2075 3483 325 3019 
4285 1366 3555 
4286 2125 455 
4288 1065 
4289 148 
4291 1545 
4293 3400 
4297 1831 1109 3673 
4299 1526 
4301 1179 2076 2336 
4302 2966 243 2860 1252 3141 
4304 2601 1176 3204 293 504 2880 821 
4305 2320 
4306 3509 
4308 2203 
4309 2630 
4311 1111 3150 2225 2405 285 1686 3486 2460 1063 1797 
4312 1178 
4314 2728 
4316 1543 
4317 1842 1274 2125 2821 819 2726 
4319 2993 1192 642 
4321 1227 453 1568 1250 
4323 901 1228 
4326 1323 
4327 2852 3349 1211 
4328 588 1385 450 
4333 1351 
4334 1746 1582 2081 2168 528 
4336 1201 1245 
4339 589 
4341 1898 3456 2718 
4342 1568 
4343 1012 2347 2394 2803 16 892 1202 1254 902 3612 3671 3141 3035 2688 1207 2581 2204 1685 
4344 1366 3192 1990 325 1242 2849 1202 
4347 1146 
4350 2803 1203 1351 
4352 1220 2421 585 
4353 3536 2444 893 2407 3007 2052 1184 3379 3362 
4354 1607 2277 
4355 1998 1279 2244 3607 
4357 2832 
4358 1045 2070 586 
4360 2458 
4361 3635 1685 
4362 1180 
4367 1566 1931 
4370 233 901 
4372 2595 1109 1287 890 3295 1266 2110 
4373 1482 1899 
4374 315 1076 2354 3292 3683 588 2625 450 
4376 3012 
4378 546 
4379 1673 
4380 1959 2621 1033 
4383 3539 364 
4385 3634 2354 2337 453 1628 2255 1279 1085 496 
4386 1132 3188 
4387 1814 841 3291 325 2271 476 2921 
4389 2847 
4394 1566 
4395 1568 
4398 592 
4399 2271 1959 
4400 293 2571 
4401 1250 
4402 2125 
4403 2433 790 1746 
4405 2387 
4406 656 
4407 3402 1628 1196 330 
4408 1482 2473 3106 
4410 1190 1740 1243 1202 470 257 
4412 1890 
4414 770 
4416 3633 
4417 3633 3404 203 1247 511 1636 
4418 2614 
4421 1946 349 1977 1151 
4424 2460 453 1944 896 3349 1566 139 1266 
4425 2849 
4426 453 2255 
4427 3134 
4429 502 
4431 2904 
4432 1696 1274 
4433 3745 1546 
4439 3294 3355 
4443 1192 
4444 1593 
4445 69 2098 1384 2391 1081 
4446 1274 2041 109 2275 2137 
4447 1905 2242 2653 2124 503 3436 2069 1145 3106 2194 3120 2277 
4448 724 220 
4450 1073 160 1205 
4451 437 1854 3339 
4455 1000 1175 
4457 2630 2081 352 3452 
4458 1178 
4459 220 
4460 2307 2460 
4465 1896 3634 
4466 2970 
4467 3078 2255 
4469 821 
4470 1159 3099 
4471 166 1767 1332 
4472 1256 51 
4473 1215 
4474 585 
4475 3490 943 671 924 
4476 1250 519 
4477 1491 1852 2719 1063 1206 
4479 2340 
4480 1366 
4481 3457 2037 1914 2030 1603 20 219 3480 2211 1862 2394 
4482 609 
4483 258 3476 2400 1009 
4484 1454 
4486 724 
4488 1287 3528 3415 3717 3196 3352 896 
4489 3072 1323 
4490 1552 
4493 1178 
4495 1188 2724 5 
4496 3129 2028 3066 3375 1952 2426 
4498 1162 
4501 1268 3398 
4504 10 3317 1905 1505 16 
4505 1189 886 2659 3106 949 1061 2067 1211 1883 1727 3293 
4506 3099 1220 
4507 3847 1941 2019 3434 1073 956 226 173 1155 1300 2548 
4508 3078 
4509 922 1329 1234 124 2220 373 2880 893 
4510 847 956 1196 
4511 2322 3724 
4513 1900 
4516 3509 1854 1238 2728 
4517 2016 
4518 1203 1006 
4519 108 110 985 2284 
4520 2458 
4521 3878 
4522 3570 1271 1740 31 1084 
4523 2225 453 589 
4524 2326 
4530 2744 
4534 1359 3633 1683 
4539 2220 
4541 3290 
4542 174 1195 2649 1815 1627 534 1179 2194 956 33 2133 3317 2433 
4548 715 
4550 531 3393 174 
4551 490 
4557 826 
4558 943 
4559 1238 
4561 2719 740 2976 
4565 773 
4566 537 
4568 2284 2265 
4570 2548 
4572 1672 
4576 3337 
4577 1505 1739 3033 2728 
4578 1257 2329 3393 
4582 1273 
4584 49 46 2461 1200 1081 1701 602 
4588 0 
4589 3349 
4590 1287 1196 373 2692 1933 108 
4592 2693 
4594 1212 1181 
4595 1085 1179 
4597 1366 
4599 1372 3184 
4600 589 
4602 1220 
4604 1607 523 
4606 2036 2104 2326 2843 1652 1028 1212 1366 
4607 2326 
4609 711 
4610 311 
4612 2693 
4613 2681 
4614 2897 
4615 1246 604 
4618 16 
4619 2512 341 
4620 427 1156 
4621 2354 
4625 1989 3722 3617 354 
4626 2354 1062 
4630 2614 
4631 2670 
4633 3349 
4634 820 1816 1925 0 
4636 2693 
4639 3846 
4643 956 1568 
4644 908 887 1017 3032 
4645 1192 
4646 1588 287 1216 2863 3265 123 1176 1278 1246 
4652 1875 315 1215 2579 901 2789 
4654 1354 
4655 1366 1656 1539 770 
4657 1207 
4658 3508 2011 
4659 1628 3457 
4660 1870 3022 470 1630 
4662 2588 847 1883 
4665 1366 2879 1183 
4670 1813 
4671 2890 
4672 711 1065 1628 1385 3458 2267 
4674 147 1896 2899 1636 
4677 2655 
4678 3088 
4679 1322 1897 
4680 2693 1603 3292 2249 
4681 1073 1205 2814 3355 1588 3694 444 1706 957 1726 1373 2621 
4685 2794 2631 
4686 353 
4693 1881 
4695 257 
4696 1426 
4697 2928 
4699 1022 
4704 935 
4705 2301 
4706 3192 
4707 44 285 1893 1192 2255 
4711 3479 
4714 2725 1064 2403 3012 1215 
4715 2627 
4716 934 
4718 1081 
4721 1171 928 
4723 1078 
4724 3039 1539 2071 1359 
4725 3430 589 1644 1959 
4727 1329 1889 2068 1270 
4728 724 2073 2111 464 982 1204 
4731 3197 2735 364 1575 1200 
4733 1068 
4735 285 
4737 1186 
4738 1226 
4741 1513 2107 1207 589 1212 
4742 887 
4744 2647 
4745 3555 1893 1566 
4746 1848 
4747 2849 3013 2970 2351 928 900 
4749 3327 3184 
4750 3248 
4753 2403 2092 3455 
4757 527 
4764 938 2174 3666 3585 
4766 3447 
4770 44 1653 3402 1951 306 1216 1424 
4772 1607 
4773 1582 3205 1959 
4775 1726 
4779 740 1232 
4782 1322 
4783 2875 900 2125 139 345 1211 1287 2197 
4784 3827 591 1683 
4785 3 360 699 535 
4787 3088 
4788 535 1534 3117 293 
4789 1192 1482 1161 3125 2890 900 
4793 1192 
4794 910 1282 1219 
4795 502 2728 3238 584 2789 887 
4799 2803 1192 
4800 1546 583 
4801 3537 3079 2803 1192 2820 1181 3609 
4802 1890 
4804 3676 
4805 1192 3629 2916 
4806 202 
4807 1183 2347 3694 1550 3204 1113 3420 
4808 352 
4809 1575 
4812 3467 2732 
4814 1180 1212 
4815 230 1203 3132 5 1843 
4816 1068 1120 
4818 1636 586 2000 2350 2098 3604 2666 1081 3145 
4819 2370 
4820 2070 3205 
4822 49 886 1017 386 1852 333 1327 
4823 586 2722 
4825 1890 2693 1366 
4828 1268 
4830 3091 1018 1268 2243 
4831 1245 2559 
4832 2630 1271 
4833 1274 1186 108 2125 
4836 789 868 
4837 586 
4838 3078 
4842 3437 1207 
4844 2501 1192 262 
4848 2338 3204 
4851 1176 957 
4853 900 1058 
4856 345 
4860 1886 1169 2255 2617 
4862 3522 
4864 908 2998 
4865 3319 
4866 1070 1220 890 305 3407 1188 
4867 2163 3402 
4868 847 295 2292 1628 
4869 344 1202 
4877 38 
4878 2924 1225 3099 1169 1936 28 
4880 2623 
4882 1262 
4883 1182 1006 1245 3005 3612 
4885 1006 
4886 2326 1898 
4887 1457 3673 
4888 1627 1196 1109 
4889 3616 
4892 1985 
4893 3153 
4894 262 1171 
4895 3682 
4896 1566 2918 1271 1190 1375 
4897 892 2290 1878 
4898 2918 2857 768 1180 2398 1265 
4900 2012 1267 585 
4901 3379 2496 
4903 0 3410 1219 2460 2297 
4906 3327 1256 1063 911 
4907 2571 325 
4912 2530 
4914 376 
4916 1899 
4917 1278 1375 1355 2432 
4920 1766 1015 
4921 3291 2722 1656 315 2983 
4923 768 
4924 699 
4926 314 1171 
4927 3655 
4929 1898 3476 
4931 1239 3106 1766 297 3134 
4932 1046 1211 
4933 16 
4936 3714 176 3259 2326 3833 
4938 2728 1239 
4939 1575 3027 1628 
4940 3117 3594 
4941 3682 1876 
4944 453 3296 
4945 2735 1996 740 
4946 904 911 
4947 750 2735 1894 
4948 1899 
4949 1323 3292 841 1249 1186 3094 
4950 1366 1203 259 
4951 547 
4952 891 
4954 3654 
4955 2575 1068 1176 
4956 1336 1223 1081 1189 910 
4957 3295 2623 
4958 1074 1243 3297 1242 
4960 3771 
4961 229 1088 
4962 826 
4963 109 3607 471 
4964 3486 
4967 1250 
4969 1081 
4971 2585 2294 3458 
4972 3078 10 
4977 1006 
4978 1267 2503 2789 1191 2960 2723 892 3634 15 
4979 2349 
4980 1398 886 1214 3349 
4982 1120 2016 2283 
4983 333 211 
4984 1035 1023 1284 
4985 28 
4986 2847 
4990 3634 
4993 1111 
4994 519 
4995 3700 
4996 800 
4997 3184 
4999 3458 2873 1229 2072 2022 
5000 2461 2399 2992 2464 
5001 2008 1891 
5004 364 2812 535 
5007 3196 3439 1232 
5008 908 
5010 3554 2003 3488 589 376 1355 
5014 1455 1533 1526 2670 1696 1180 3665 
5017 1373 1284 1210 586 
5018 916 
5019 2571 
5020 885 
5022 360 1268 
5025 2924 942 2219 591 2593 1250 2849 
5027 2231 
5029 2614 
5032 1881 
5034 2559 3486 351 1178 1931 335 1568 
5035 23 
5037 2623 
5039 2724 
5040 3025 770 
5041 1892 1632 1239 
5042 2512 
5043 1058 
5045 3455 1797 3174 9 183 2536 3033 2265 3039 
5046 2105 2249 1077 1627 2055 2848 
5048 3291 1854 740 2851 2261 
5052 2964 1190 
5053 2283 1279 
5055 3602 
5056 531 
5058 2502 
5060 0 585 2309 
5061 900 3447 
5063 2950 
5064 1568 
5067 3662 
5069 2482 1726 3634 3035 2624 
5071 431 
5072 2105 244 
5073 1079 377 2252 1996 2102 1843 
5075 3045 
5076 453 1644 3502 
5079 3078 
5081 1186 1257 
5082 277 1468 770 
5083 523 264 
5084 3435 3609 33 2789 906 3029 898 
5085 907 
5086 2125 
5087 740 
5089 3177 323 606 
5090 2918 2261 3458 
5093 1111 
5095 589 293 2065 
5096 2966 
5097 1196 
5098 18 1826 
5099 1239 259 1280 2496 42 297 229 1243 2460 0 
5101 3031 
5104 1207 
5106 2821 3079 1696 1607 
5107 2220 3106 
5108 957 1882 727 
5110 2949 1878 1337 2567 1771 1163 1005 316 
5111 2275 2502 1196 
5112 900 1224 912 
5113 1385 996 
5118 1211 
5119 2975 1830 3634 907 
5120 2637 
5122 1582 
5123 898 360 
5125 10 2512 1078 
5127 2794 1215 
5128 2559 1628 
5129 1176 
5130 376 647 
5131 3661 
5132 1897 
5133 1959 1201 
5135 277 221 
5136 2789 
5139 9 1271 523 315 
5141 2030 940 2337 
5142 2637 
5143 3554 
5148 1063 
5152 1273 2065 3141 
5155 2530 1179 1063 99 2220 1287 3880 
5156 3393 
5157 3666 1928 
5160 31 3634 3022 
5162 1786 1227 2349 184 3483 3537 
5163 1078 
5164 1081 
5166 2024 257 2219 1182 
5171 2237 3003 1186 2719 156 
5176 1989 
5177 1211 3379 
5178 2502 1954 
5181 163 2384 1696 
5183 1766 3529 1582 3432 722 793 1838 61 
5184 2670 
5186 2779 
5188 901 
5191 2286 
5195 1477 
5196 1011 3545 
5198 149 
5201 1192 
5204 362 3482 2701 3757 3458 
5207 194 2694 
5208 1203 891 
5219 1176 1930 3039 2040 2031 
5220 912 
5221 604 373 1179 1205 
5222 1073 
5224 2098 
5225 3615 
5228 2421 
5229 1203 
5231 1113 
5232 1373 2918 
5233 1241 1228 2527 
5235 2789 
5236 1192 
5237 2011 
5238 2728 3436 1893 1888 1079 2193 
5244 3564 
5245 2637 1777 
5248 3615 1937 
5249 1227 3729 2937 
5250 2555 
5254 3672 2016 3026 
5255 1267 1208 3192 2398 2125 
5256 2722 
5259 2902 1183 
5261 3105 
5263 1241 
5264 892 1028 1264 
5266 2789 1353 
5267 2998 2042 2648 1178 2076 
5268 46 1228 
5269 2588 
5270 790 1421 2222 953 1533 896 1203 2011 
5272 2999 1195 898 
5276 3602 1882 1284 2502 
5280 3545 1203 1357 
5281 3443 
5282 1287 2931 3458 1838 
5284 23 
5286 1206 1222 1085 
5287 1190 
5288 2264 1883 2283 1499 3607 
5290 257 2851 1183 
5292 2890 1023 3144 
5293 852 2847 1663 
5298 537 
5299 1211 1814 1258 44 
5300 922 
5301 311 
5303 2928 
5304 1258 2432 1043 
5305 493 1335 900 2176 2735 408 2315 470 724 
5307 1188 
5308 220 
5309 3012 
5311 2614 2999 2244 1074 588 1641 535 344 2924 293 2033 2209 1599 
5312 226 3617 3525 
5314 2327 
5316 3522 1593 2530 2031 1626 903 3029 3879 2319 
5318 2564 1273 28 2068 
5320 1366 1179 
5321 1936 1499 3379 
5322 2789 2113 
5323 1627 2643 1163 293 
5324 1181 
5326 3355 
5328 2719 293 740 523 2607 2814 1382 1282 1448 
5331 1989 
5332 1166 3436 1564 3031 2271 3200 
5333 2388 
5334 2928 1046 1172 148 1063 
5337 1539 2559 
5339 2530 
5340 1324 1265 
5344 2529 2204 344 3289 1720 313 108 985 
5346 437 
5347 523 956 
5348 344 493 
5354 1884 1009 2091 1176 
5358 379 102 3259 1188 1023 1282 2008 2618 
5359 3524 
5360 1886 
5363 3292 1668 2502 2529 904 163 1359 1215 2473 1178 
5364 1450 196 1828 2100 
5365 1776 
5366 3099 1254 1881 588 
5368 3482 3352 1227 
5370 3458 3614 2220 1246 108 604 
5371 453 
5372 3555 
5375 1182 
5376 1238 
5377 3664 
5378 1313 
5381 3012 
5385 3683 
5386 3725 3094 655 
5389 957 1120 
5392 1726 
5393 3355 1372 2997 1643 2965 1045 
5394 2617 891 
5395 606 
5396 3607 316 847 
5400 3079 1949 
5401 2460 
5402 2614 2692 
5403 591 3457 
5404 3036 
5406 1232 
5407 896 926 
5408 1230 
5409 2647 
5411 1058 352 
5412 3509 476 1627 1714 1113 
5414 2081 
5417 1737 2692 1482 
5419 3329 
5421 1156 3382 
5423 847 2255 589 
5424 604 
5425 2386 1985 2970 254 
5426 1215 
5427 1847 3545 1889 
5428 1081 
5429 1045 2228 2927 
5430 2621 33 
5431 3366 
5432 23 1668 1943 2975 1074 1049 
5433 911 2326 1157 2398 585 1891 
5435 1954 
5440 1683 595 
5442 1300 1607 2247 2536 
5444 3565 3106 
5446 3606 352 
5447 1258 2647 
5448 2693 2880 
5449 696 2459 1192 
5450 108 
5451 604 
5452 2975 
5453 2993 
5456 2163 
5457 315 2267 1883 31 1210 
5458 2772 
5462 3486 1215 3610 
5465 3509 1258 2061 
5467 3724 33 3152 1206 2571 1275 2623 3144 
5469 1949 
5471 2879 
5472 2502 
5474 1835 1226 1046 1220 1023 
5478 24 
5479 2789 
5480 3388 
5481 290 795 1680 1189 1934 2303 
5482 1223 
5487 537 296 3002 2092 
5489 373 
5490 2631 2734 505 1085 
5491 770 37 
5492 1617 315 1272 1729 537 
5496 3196 345 3629 1954 
5497 1845 
5500 1807 2075 2502 
5501 2327 1204 
5503 20 2879 548 2847 3634 376 158 1814 2753 3437 
5504 1566 
5508 330 
5509 108 
5510 2791 244 1062 2866 3664 1375 3084 2647 108 2338 
5511 1258 3522 535 2404 1932 1491 
5513 831 
5515 2401 1595 1287 2821 
5516 2137 885 1879 
5518 1375 2081 257 
5519 23 
5520 2693 
5521 1943 213 3831 2951 1630 1734 2040 285 
5523 1185 910 0 
5524 2618 
5525 2137 
5526 427 
5529 3375 
5532 1284 257 
5533 3509 
5535 1954 315 2802 
5537 3272 
5538 890 2286 33 1131 3315 2102 
5540 2371 
5541 3238 
5542 3184 1188 
5543 1220 
5544 892 
5545 1928 
5547 3105 2530 
5548 898 
5549 3001 373 1113 3483 3372 
5550 1232 
5552 1741 2968 1179 1219 
5554 1226 
5555 902 1878 2048 
5556 1179 
5557 1626 
5559 1539 
5560 262 1656 
5564 1985 0 2056 
5565 1279 1214 341 
5566 1014 
5567 460 431 
5568 1085 1063 
5569 1062 
5572 1366 921 2975 
5573 956 588 1178 
5574 59 1205 
5575 313 2992 
5577 2789 
5579 2995 357 2572 2970 
5580 1220 
5581 2968 3349 
5582 1179 
5583 930 
5584 33 
5585 2789 
5592 1355 2788 2218 2559 
5593 1190 49 3779 
5594 28 537 2654 
5595 1073 1366 1946 
5596 1878 2713 
5599 33 3655 
5602 3474 
5603 2398 1237 213 
5604 622 205 1636 585 3539 
5606 1826 
5613 2470 3429 3032 531 1350 2024 1670 642 
5614 373 38 3021 
5617 1612 
5620 911 1063 285 
5622 3032 293 72 2735 
5625 1385 
5626 1132 585 
5628 2231 1081 2063 
5629 3045 847 3094 1526 2983 123 1195 3486 
5633 3410 2890 264 647 105 
5635 589 1176 3612 2492 928 
5640 373 
5641 2068 3546 
5642 1178 938 
5644 1543 1351 1180 
5645 2326 
5646 1366 
5647 352 3078 
5648 1556 
5649 534 
5650 102 38 
5652 2271 1590 
5653 1816 1337 
5654 33 2225 
5656 285 1845 346 
5658 1720 1556 1482 
5659 1353 606 
5662 325 3441 
5663 2588 38 69 1201 
5664 2789 
5666 1883 1046 1252 2099 1895 
5667 2012 1202 
5668 3438 
5670 1482 1273 352 
5672 957 
5674 3035 2135 2571 2802 1349 3297 589 1195 1702 
5675 1245 
5676 1628 
5677 1120 196 
5678 3374 2880 2847 
5679 162 2871 2134 
5681 453 1468 2733 1073 315 368 377 1556 
5682 258 3339 2806 
5683 1267 1885 
5685 1232 
5686 1178 
5687 1582 
5688 549 3181 178 724 3879 
5690 1215 
5694 1081 
5697 1250 1277 1742 
5698 1928 1120 2937 
5699 0 
5701 2249 3401 2931 
5703 2286 303 
5705 2630 
5706 1734 
5708 2803 
5709 1259 
5712 2233 
5713 2935 
5715 2358 1238 1220 
5716 1220 361 1373 2928 3141 
5717 1046 2890 604 333 1591 520 
5719 585 1214 1450 3187 
5721 3412 735 1232 3250 1258 38 
5722 1120 
5723 1256 847 
5725 1230 2728 1370 
5726 3012 3340 
5727 493 
5728 1668 
5733 2327 1628 1575 593 27 3724 
5734 911 
5735 1995 
5737 2951 1162 3366 1314 1914 3375 
5742 1232 3400 
5743 2843 1180 1636 229 1120 2964 2072 3643 2028 1319 
5746 353 1840 
5748 1627 577 2897 147 
5749 1950 3355 1279 
5751 534 1632 1506 
5752 2882 
5753 711 1111 1569 
5754 1265 2722 1883 2798 
5755 1998 
5757 1982 
5758 2074 481 1255 1286 3460 2760 920 2571 827 
5760 1894 1179 3798 
5761 2228 
5762 1205 33 1245 1843 1222 
5764 2719 665 
5765 353 
5766 2354 1843 
5767 921 535 1070 
5768 3509 1181 
5769 3439 1269 
5770 2018 
5774 293 2760 
5775 2242 523 1491 
5776 2091 896 
5778 2209 
5779 698 1203 
5780 3355 
5781 583 61 
5782 1245 273 
5783 2503 
5784 3091 
5785 1757 
5786 3855 907 3248 591 3602 1546 3028 
5787 477 196 2220 2803 1482 1991 468 1814 344 1241 
5790 2641 
5791 2530 
5792 2836 
5793 1952 
5794 1253 537 974 3104 1385 1183 1234 1208 1064 2125 2071 1079 
5795 1176 
5797 1085 
5800 2199 1952 1073 2286 
5804 1183 2677 
5805 2293 1876 1228 
5808 1543 912 
5811 926 896 891 1953 
5812 3458 
5814 892 1250 
5818 1932 
5820 735 
5823 2336 297 
5824 2256 
5825 2788 2047 1268 
5826 2503 325 
5828 2983 
5830 3352 821 2362 549 2405 1281 2803 584 3046 3455 2283 2039 3185 
5836 2266 724 434 3187 912 1180 1989 1058 1076 1364 
5837 1638 1179 1083 2991 
5838 3392 
5839 351 3480 3335 3666 
5840 2171 
5842 907 
5844 2561 966 1186 956 
5845 315 
5846 1621 516 931 
5847 550 1246 
5850 2016 2021 1630 1663 1885 
5851 1227 2096 2789 3398 2898 1284 
5853 1699 3407 3198 2284 
5855 3317 
5857 1372 1591 1388 1232 
5858 2999 
5860 2719 1023 
5861 1899 1630 1549 
5862 2693 
5869 1468 
5870 57 0 
5871 911 
5872 453 
5873 2676 2701 3349 19 2162 
5874 1372 1160 1421 
5875 3349 
5877 2049 1748 1226 2384 39 1766 1638 1513 
5879 1439 2571 2890 2953 3045 1237 
5882 2694 
5884 1225 
5887 2849 
5888 1959 3292 
5889 2999 470 1746 1892 655 3187 3539 
5891 1201 892 
5892 1531 547 2139 
5893 586 
5899 2617 
5900 907 
5901 1638 1211 
5905 353 
5906 1816 
5907 2125 1215 
5909 1184 
5910 285 
5911 102 2722 453 
5914 604 108 315 
5915 893 3366 907 1499 1468 
5916 1186 1335 
5919 1179 2789 
5920 2643 
5921 938 911 1176 
5924 2916 360 2179 2105 
5926 1033 827 
5927 3490 
5929 2427 1239 
5935 2890 
5937 3556 735 1265 2840 
5938 2001 
5941 1989 911 892 
5942 1239 
5945 2837 
5947 1949 936 931 1145 1119 3339 2064 1678 1215 966 
5948 1248 2209 
5949 293 3841 
5950 604 
5951 901 
5953 1078 3378 2063 1073 2595 1006 3026 792 1569 
5954 921 108 2433 231 3265 
5955 2734 
5956 2985 178 523 
5957 1890 
5958 69 
5959 3522 
5960 1468 447 
5962 2220 2284 
5963 51 1816 105 1087 3183 
5964 220 
5966 2937 
5967 957 1178 1220 
5970 0 148 
5971 2065 1326 1310 582 1226 102 1072 2670 
5973 570 1951 
5977 1214 999 957 
5978 316 
5979 523 1203 
5980 590 
5981 1848 
5982 1352 2571 
5983 1250 
5985 1087 890 
5989 2178 3007 
5990 2071 
5991 1721 
5993 1182 
5994 655 908 
5995 892 360 1854 
5996 257 
5997 1251 1627 
5999 1267 2455 1617 912 2092 149 
6001 930 1196 979 2326 525 3175 
6002 2264 5 
6006 2602 2386 668 
6009 2347 1673 1000 428 2971 
6010 912 1740 1258 
6012 2255 1015 
6013 1201 1178 
6015 886 2770 3039 1892 
6017 1543 262 
6019 1950 
6020 2011 
6022 1566 1183 1848 
6023 1933 
6024 1372 
6026 329 
6029 2693 3458 
6031 1219 
6034 3183 1223 586 
6035 1281 1262 2530 3476 174 595 2001 305 1329 
6036 740 1081 
6037 1192 
6038 1205 910 2966 
6039 33 2928 160 
