1 2199 
4 2789 
7 1686 
9 1113 1214 
14 3430 
16 1491 1696 
18 3564 2433 
21 46 2003 
22 2623 
23 2337 2970 589 
27 523 
28 2458 
31 1276 
32 2114 2199 
33 1932 
34 2170 
35 2302 
41 1350 
43 2975 
44 2176 
46 1227 
52 881 3634 1922 583 277 827 
57 338 2255 
58 3155 
59 2321 
61 1216 941 3032 2398 
63 1271 
64 1239 373 
70 1230 
72 2503 
74 1000 2092 1850 
75 2821 
77 1878 
82 1936 
86 1183 
87 1854 
89 1370 3195 
91 431 
92 2728 1024 
93 2049 
96 1196 
97 1113 
103 3106 
106 1263 
116 1931 
122 1313 3349 1258 1331 3779 
128 1196 
129 1241 
130 1424 735 
135 467 1897 1632 
145 590 1264 1301 
147 3724 
148 2031 3109 1245 
149 1885 1262 
150 2928 
154 847 
156 909 1242 
160 1274 257 160 3841 
164 1696 
165 1553 1190 
168 1673 1176 
170 1737 
172 3155 181 3293 303 3238 
174 1941 1569 
182 3292 148 
186 1695 56 3110 335 
187 2757 3458 
189 1196 1439 293 
191 2472 
192 2918 
194 604 352 3469 3206 527 
197 313 2849 2011 329 159 
201 2359 2309 908 3012 
203 3031 
207 1176 
211 2722 
213 539 
215 3178 3586 2470 2143 2013 
219 1239 
223 1887 46 
224 2873 1373 
231 3457 
232 1878 
234 953 617 2504 901 
237 3281 3317 
238 2255 
241 1595 1949 3794 
248 2878 
249 2722 
254 1226 1358 
255 372 
258 257 1074 
260 585 2337 
264 589 
267 3722 1931 
269 2878 2875 
270 3456 2849 3654 3634 2047 
271 1680 
272 2821 
273 3633 
277 2308 1258 2386 
283 1964 1607 
285 892 
287 1989 
292 523 1081 
296 1814 1120 
298 1189 
299 2849 1740 2255 
300 585 2849 2105 2659 
301 2937 1221 1668 2879 3548 1227 1258 1627 
302 2897 
305 2847 
306 893 3476 2821 1064 886 
307 2226 3629 604 1936 1959 
309 1826 1854 
310 1271 
313 1279 1578 
314 2879 
318 3664 
324 2013 538 
325 1220 
326 942 1234 
328 1373 3715 
330 2789 453 487 3799 
335 1607 
336 1937 
337 1335 535 
340 2789 
341 1246 
342 1965 933 3856 
345 2992 2433 1272 2233 
348 49 
349 453 
350 735 
351 1727 
354 724 
365 2802 1950 148 
367 2199 
371 1238 
384 229 
385 1274 3192 
395 1287 
397 1584 49 
401 3248 
402 1513 
407 1263 3134 
408 148 
411 2228 3831 3093 470 
414 1210 1215 2125 
417 3694 941 
423 1281 2334 3634 3857 
424 293 1617 2041 
428 2264 1680 
430 2069 
432 335 
437 2362 3286 615 3229 
441 1806 262 3539 
444 1375 3294 
450 453 896 893 
451 2199 
453 2302 2991 533 
454 341 
463 1188 
465 437 
469 1262 
473 671 
474 2654 
475 584 585 
476 2875 2502 
481 912 2470 896 
485 2693 
489 3676 
492 2843 260 
493 1274 3352 
497 262 
498 1226 1372 1854 
501 108 
503 1505 
504 1063 1573 
505 2647 
506 262 1176 2639 
508 1178 1245 1696 
512 1023 
514 1179 3666 
517 1218 2321 
519 1182 263 
522 3238 
524 313 
527 2011 1482 1595 
529 1120 
530 1393 2092 2614 1936 
532 2879 
535 1009 1063 
540 1455 
542 548 1271 360 340 2338 
548 1273 1727 256 1265 1209 142 2298 1043 2342 
549 957 2692 38 461 
551 2898 
557 2199 1180 2860 
559 1989 647 476 
565 1757 1258 
567 352 
569 1705 
571 3554 
572 604 585 
576 1322 
581 23 2625 
586 3141 
587 1421 27 
589 3467 835 3446 1245 
591 847 
593 2602 
596 2364 
598 35 
605 1945 
606 2789 
610 901 
612 3855 
615 2789 
616 1575 
622 325 3879 
628 527 
629 920 108 
634 2234 3801 
635 1178 
636 1893 3303 2677 
638 3005 436 1642 
647 3457 
650 2011 1263 3616 
653 3029 
654 330 1815 
655 1215 
657 3086 3327 
659 2162 1989 
662 585 
663 3496 
668 453 3177 450 539 2260 3329 
672 3094 
675 49 2378 
676 1236 3339 
677 1262 3486 2040 3694 33 3436 1885 1915 
680 2027 
684 2502 
686 49 
689 912 956 3430 
690 2233 
691 2209 2654 3676 
694 1566 2502 
695 2897 
697 537 23 108 
698 641 2322 
699 1447 1323 
701 2848 2449 
703 2772 
709 1225 31 
710 470 911 
711 2036 
712 3614 
713 1630 102 1969 2227 2324 2013 
717 143 3675 
720 1375 290 
724 982 
727 3459 
732 912 3749 2928 
734 2297 
735 1229 
739 2222 
743 3196 
745 3682 
748 2354 901 
751 1337 2735 3675 297 
752 3716 
755 287 
756 486 1262 345 642 
758 376 
763 2071 
764 313 1220 2012 300 
768 1190 
769 3018 2284 595 
775 2081 
777 2789 1196 
779 3335 2918 
782 349 
786 1696 2502 
790 3185 2327 1617 
795 1224 
799 1540 2093 
800 2998 585 
801 1210 3239 2244 902 
805 2866 
807 2038 
813 2092 
814 2631 
815 740 
816 151 3328 2354 1680 1179 
817 1696 69 
818 1673 
822 2938 
823 886 2735 1131 1227 
827 2503 
828 2999 3116 
838 2007 2218 1373 1322 1190 1202 922 2660 3789 
839 1009 1120 
845 2337 
847 2473 
849 499 1253 
852 1673 
854 1996 
857 3014 1180 
862 1950 
863 956 
868 2225 1185 2320 2633 178 2916 3232 
875 1179 
876 2040 3507 1491 
878 953 
879 3430 
880 1081 1556 
883 293 
887 3751 
888 1867 1081 
889 1491 476 
893 2849 
896 1214 1672 
898 591 1672 
907 523 
909 2351 
910 590 2968 3415 15 278 
918 315 2329 3457 3856 
923 1249 
928 1214 
932 2270 
933 315 585 1424 
934 1351 507 109 
936 2810 3184 850 1271 493 
938 1271 476 
939 3878 
944 2694 3038 
947 1856 1069 1879 2848 
948 2789 2593 1234 3867 
952 891 1627 
953 1582 
954 2267 
956 790 
957 2719 1079 
959 545 3882 
962 1113 353 2904 
963 827 
964 3078 
965 2991 1670 
974 1895 912 1737 
975 3315 
981 1937 
983 2601 2355 1242 1256 2847 1243 1952 
984 1366 
986 2337 1007 
989 585 
995 3458 3105 
997 311 2639 
998 3183 
999 1010 
1000 1292 3682 1627 2641 
1003 2631 1029 3105 1050 
1006 2190 
1009 1335 2260 
1013 1176 
1014 15 1178 1283 2735 
1016 912 1083 508 
1026 589 
1028 1065 
1030 2046 3633 
1032 69 
1033 893 
1034 1885 
1037 148 957 
1039 3134 2970 900 1063 
1043 3610 
1044 38 
1050 1178 1251 2267 
1052 1355 
1056 1189 
1057 2899 1271 1074 2938 
1058 1889 2338 
1061 1263 
1064 149 
1065 3441 
1067 932 528 3878 2571 1189 
1070 1166 2803 
1076 1899 1366 
1077 408 
1083 589 
1085 1849 589 
1086 1159 
1087 3661 2794 467 
1096 3335 
1098 123 
1100 1733 31 
1104 3402 2364 1178 
1106 1575 
1111 430 1672 2965 2199 
1112 3021 1607 
1113 6 
1116 1229 2502 244 
1118 1113 
1119 539 1176 1373 
1120 3823 
1124 1526 1502 
1125 798 
1127 1220 
1129 2993 1313 2472 1232 
1133 9 
1134 2964 2036 
1136 3509 3006 
1139 2879 
1140 889 1120 740 2016 49 
1145 2079 
1146 2385 1203 
1149 3366 3412 
1150 453 3539 2641 
1152 2249 
1156 1899 476 
1159 2326 
1160 1247 
1161 1372 1234 
1163 1061 1582 246 2904 
1169 1043 
1170 3676 
1171 1022 
1172 3682 1078 
1180 1252 585 
1181 910 
1183 1566 
1185 1177 3483 912 3290 
1187 1353 
1189 2873 
1190 2949 
1192 1854 366 314 
1193 1951 3003 1815 1823 
1194 2702 
1195 3327 
1198 3630 
1201 1029 
1202 376 262 
1205 1335 
1208 3743 
1210 1950 1634 
1217 740 
1218 490 
1220 31 
1221 24 
1222 1185 1385 901 
1223 584 1878 887 1189 2076 2902 1985 
1228 523 
1229 3204 523 
1231 2857 
1233 1928 
1234 450 
1236 2341 
1238 586 
1240 2511 
1241 1046 373 3479 982 1087 204 
1242 3012 352 1416 2970 
1243 2260 3105 161 
1245 108 504 
1247 3823 
1253 38 442 
1257 3855 
1259 3882 1192 21 
1260 2286 
1261 2041 
1263 1891 3289 3294 3634 3134 
1265 1838 6 2071 3784 
1267 897 3481 2170 
1270 1215 3186 
1272 2473 2970 1734 
1273 1194 3558 731 1647 2514 
1274 2670 
1275 2530 
1283 3790 1849 
1284 1267 1134 3290 2775 3803 3132 174 523 592 1956 
1287 1816 
1290 1878 262 1768 
1293 2647 2075 2179 2174 
1296 2199 1816 2108 2009 3851 
1297 151 641 1271 855 
1300 1271 
1302 1238 2690 1006 
1303 1351 
1305 5 1673 3483 2423 1366 
1308 1937 
1310 3684 
1313 1064 
1316 2277 2336 20 2857 1353 3564 
1320 3035 1672 
1321 2942 890 2337 
1322 896 
1324 1885 
1326 352 3127 
1328 1533 1366 
1332 2710 2719 909 
1334 1063 
1339 2334 2970 1178 
1342 0 
1346 2722 794 3509 
1347 2325 2133 
1348 2502 
1349 1063 
1351 3197 
1353 1358 3046 
1366 20 
1368 982 1701 1281 2559 
1375 1632 
1378 2091 
1379 1262 
1382 341 1192 
1383 896 
1388 3570 3078 3183 1896 
1391 1848 
1394 731 3235 3555 2571 
1395 2009 
1398 313 3684 
1400 2063 
1401 1180 
1402 3630 
1406 1171 
1412 3045 589 
1419 470 588 
1424 2007 2038 1002 3636 2514 
1425 3430 345 
1433 429 
1436 3612 1568 3399 
1440 352 
1442 1190 
1446 1596 467 
1447 2846 1448 1604 698 1226 586 
1448 671 1195 3295 2326 
1450 1937 3134 3738 
1456 2009 192 1588 
1460 3466 
1463 886 
1464 1883 642 
1465 1673 
1467 3555 
1468 1236 898 
1469 3684 3247 2602 
1471 3458 
1472 585 453 
1473 3412 1593 
1476 3877 
1483 1340 
1484 1239 
1486 3882 
1491 537 
1495 3197 2219 
1498 1058 
1500 0 1786 1179 3402 
1502 937 3317 
1504 2912 1282 1593 1181 740 
1505 523 
1509 3381 
1510 2794 
1512 3028 899 
1515 2614 
1523 1767 
1529 3467 297 1169 1078 1081 
1534 1061 
1541 2199 
1544 257 
1545 1239 1893 
1546 1245 1539 1227 
1547 1944 
1550 897 244 
1551 3106 2244 
1557 1366 
1560 1607 1887 1854 
1570 1287 
1576 3823 
1577 1271 1568 
1578 3109 31 2928 2693 1210 10 
1583 1591 1391 
1585 1879 
1586 1940 1337 
1589 1210 
1590 604 1222 2728 
1591 1061 
1596 333 0 
1598 1840 582 414 
1599 3476 
1601 1195 1892 
1604 2374 1628 
1606 1591 160 
1608 1272 
1612 2518 159 1626 1020 2649 1268 2614 1179 
1616 3078 
1621 523 
1623 896 
1626 3441 
1627 1132 1539 
1630 2286 
1631 896 
1634 360 1991 
1635 1959 
1638 2233 2040 2390 585 
1642 1232 2133 
1646 665 3671 228 1183 
1649 3509 2252 1742 
1650 2993 
1651 1022 
1654 3457 775 2728 
1657 1215 1231 
1659 3177 
1661 2789 1229 
1665 3035 
1666 3882 3187 
1668 51 
1670 2275 1883 
1672 336 
1674 655 1765 
1675 1813 2009 1401 464 3194 
1679 2394 29 1314 2722 1214 2210 1284 1272 3438 789 
1681 2623 
1682 2174 
1684 2386 3482 1892 
1686 3686 3327 
1689 535 2233 2693 2614 
1691 1327 
1693 1335 1726 
1695 3035 3671 
1696 3644 3042 3003 623 3181 
1697 2267 2530 2436 705 1284 910 
1698 2243 3599 3265 911 
1700 2613 1953 3002 
1701 588 1899 
1705 162 2928 
1711 1246 336 1256 
1714 2735 
1716 3719 542 
1717 1575 
1721 2833 
1722 1693 
1726 2653 2879 2174 2400 1271 1896 2882 
1730 1627 
1732 49 123 
1733 3666 
1736 1732 2219 372 1301 1964 453 
1738 3399 
1740 299 2502 330 1176 
1745 996 2014 
1747 1236 902 1776 1227 
1748 912 1210 
1751 523 1081 
1752 589 3499 
1753 1896 
1754 1642 
1756 1630 
1757 3655 3353 1951 232 2470 181 
1758 774 3740 
1762 2647 
1763 2011 1465 20 1015 
1775 1455 
1777 1672 3194 151 
1779 325 148 33 
1782 2559 
1783 523 
1789 1932 
1790 523 740 1073 
1791 2355 244 
1792 2125 
1793 3509 523 
1801 1180 
1803 1656 
1806 1959 1203 
1809 1194 
1811 2631 2307 2521 1386 
1815 1284 
1817 2286 
1819 3439 
1821 3465 
1822 535 
1826 1201 
1827 1073 
1830 2614 
1833 2618 
1834 2204 907 285 
1835 1746 1996 
1836 1268 476 33 1229 982 
1841 3229 1095 523 
1842 2282 
1849 2325 2073 
1850 325 3091 
1852 2722 1424 3294 
1857 1526 
1862 1240 
1864 2233 
1869 1029 3633 
1870 584 
1871 1249 
1873 1073 
1874 1262 1232 
1878 109 770 1388 1771 
1879 1216 
1881 1382 891 
1882 593 1825 
1883 3460 1064 1366 2011 1076 1337 918 
1886 2607 
1888 2674 
1889 243 
1892 3841 
1893 907 
1894 551 588 
1895 3191 
1896 3357 2670 
1898 1179 1995 3063 3654 547 1193 
1899 2286 
1900 2693 1271 
1901 346 
1902 939 
1905 1022 
1906 1087 
1907 1432 788 
1910 1227 
1911 1166 0 
1915 315 
1919 523 584 3743 
1921 3194 
1925 1279 3410 1256 2176 3019 1940 2897 1595 
1931 3466 
1940 1962 3038 1081 49 1936 2772 2026 496 
1942 2722 1256 
1946 1880 
1949 1192 
1951 3686 
1952 3443 
1953 1575 
1955 1642 
1957 821 349 
1958 585 
1959 1168 
1966 2621 
1967 1225 
1968 1838 2086 315 770 
1969 3661 2458 
1971 1186 
1973 2511 3483 297 
1975 1854 3231 
1979 3479 1355 2588 3857 
1981 1696 
1982 1241 
1983 3616 
1984 1353 
1986 0 
1987 2797 1010 3290 35 
1990 2327 
1995 1353 314 1220 
1997 900 1617 
1998 2722 
2003 2464 1807 
2005 2231 
2006 1180 
2007 1337 
2009 1977 2421 
2014 411 1641 207 2832 2351 751 
2015 3862 
2017 1194 896 3766 1052 297 2912 
2019 2347 1196 3483 2322 
2020 727 1491 
2023 922 
2024 46 315 
2025 3438 
2026 1245 3412 
2028 539 
2029 1087 1437 1204 2789 3435 523 
2034 476 
2037 1228 3740 2338 38 376 
2040 293 
2044 591 
2046 3248 
2048 3026 
2049 898 
2050 1372 
2051 2701 
2053 724 10 
2055 2502 1034 1192 2947 
2062 26 2529 
2064 1192 2735 
2067 3684 
2069 1595 
2072 3443 974 905 2618 1230 584 1329 
2076 437 2503 1268 487 
2079 1120 
2083 1884 
2084 3077 
2085 2647 
2087 1942 2330 460 
2088 3271 
2089 1353 2803 
2091 525 1395 
2092 3440 
2093 1271 
2095 551 
2097 2209 3078 1178 
2099 2014 277 1337 
2101 2690 1274 2839 
2102 1539 
2104 1566 3012 1204 
2105 3435 
2108 2951 
2111 2789 
2115 1385 1884 3194 
2116 1249 
2117 3438 
2119 1840 
2120 3295 
2123 2326 450 892 
2125 257 
2126 1568 
2135 2644 
2137 171 
2139 2968 
2141 589 
2144 1081 2320 
2147 2072 1018 
2152 2647 
2154 2079 
2161 2728 
2162 438 
2164 1324 1840 1074 171 
2165 1405 
2167 2983 1063 
2169 1080 1207 
2172 1238 2226 3010 
2174 3352 
2175 1591 
2177 2002 
2179 1852 
2180 2219 1223 2775 
2183 2890 
2184 1242 903 1858 
2185 476 3629 
2187 1840 
2189 3434 
2194 524 
2199 2847 
2202 2803 1003 699 
2206 2789 
2210 2966 257 2018 
2220 1111 
2221 2999 
2224 1166 
2229 601 
2230 887 3355 
2231 1568 2325 1539 
2232 1233 
2234 2252 2101 
2236 3202 3047 
2238 537 
2239 2595 
2240 2543 887 
2241 2124 699 1004 3178 
2243 1245 1238 
2245 1230 
2246 1028 1078 
2248 1182 
2250 3127 2482 1234 
2254 1359 
2256 3441 
2257 3509 3329 2902 
2258 1385 
2260 2772 
2262 3141 
2263 3382 1001 1359 586 
2264 2879 1220 
2265 2937 
2270 2968 
2271 1220 
2272 2571 
2278 1210 2449 1081 
2281 776 108 
2282 3827 
2286 1274 
2292 293 1156 3469 
2299 373 
2301 3402 
2302 1224 3187 1539 1815 
2303 1189 5 1823 1384 510 1252 450 
2304 3381 
2306 589 
2308 278 
2309 3539 
2315 1076 
2330 2702 2327 
2333 476 2460 2225 
2337 3402 
2339 2846 
2347 1256 
2350 2928 
2357 1944 
2362 3340 
2367 3183 3615 
2373 2092 
2374 476 
2375 352 
2382 592 2065 1448 1064 
2383 584 
2385 1058 
2388 2878 2125 2496 604 
2392 2553 
2394 1182 2614 
2401 2647 1178 
2409 148 
2410 1271 
2413 1932 1220 590 
2418 3239 2950 
2431 2502 
2433 1023 
2434 2334 
2437 1852 
2444 2916 2880 
2445 1195 585 2849 1196 
2452 1656 333 1381 3827 3846 
2453 3291 1220 
2454 31 
2455 551 406 3634 588 
2456 3018 588 
2457 1848 
2458 2937 
2461 1568 1211 1642 
2463 2623 
2464 3436 2218 
2476 2619 2267 
2477 907 
2483 509 3012 
2485 1233 
2488 352 2004 
2489 1239 
2495 1959 
2497 1264 
2503 2693 3135 1252 
2506 790 1925 
2508 957 
2528 3039 1890 3766 724 2329 
2530 1257 916 
2532 1434 
2539 1854 1251 
2541 585 
2543 1252 1951 1231 1843 947 1870 1860 
2546 2588 
2549 2918 1257 
2554 3732 537 3352 2222 
2558 1384 254 583 2693 
2563 642 
2564 2806 2237 
2571 1178 
2574 1349 
2575 3144 
2577 604 
2580 92 921 1284 2049 10 
2582 3317 3602 
2588 1366 
2589 3466 1321 
2591 724 1663 1432 
2592 3862 1006 1959 
2594 1568 
2598 3701 0 
2604 1073 3127 
2610 2283 340 1204 1337 
2618 1074 
2623 588 
2626 1194 2937 
2627 1559 
2628 3372 
2637 1385 
2640 3407 3483 220 1246 
2642 3372 
2648 2849 
2651 1156 
2657 0 3185 
2659 908 
2660 1120 
2661 1176 
2662 3141 
2663 2401 450 
2664 2728 2322 2011 1672 3031 2066 
2669 2918 
2675 2661 2000 3846 2662 
2678 16 
2679 901 
2680 0 
2682 313 604 2362 
2687 1595 
2688 3846 
2693 604 
2695 1076 
2700 1575 
2702 604 
2712 888 
2719 2879 
2725 1892 
2729 315 
2730 1064 3719 1323 
2733 1282 
2736 1173 1373 1166 1427 3192 
2737 2732 1078 
2740 1575 
2742 1959 38 
2744 1271 3615 346 1840 1977 
2746 1205 2530 
2751 1182 3196 1553 
2752 898 899 1109 1261 999 
2753 10 
2755 907 1300 
2757 49 
2760 2882 1696 
2763 1301 1028 
2765 1230 1242 
2768 606 
2770 2789 
2772 243 3083 
2776 1936 1385 1849 
2777 2283 
2780 1073 
2785 1190 
2786 2670 907 
2787 1186 
2789 2693 
2792 3742 1545 3664 143 2253 847 2787 
2795 3045 
2802 1224 
2807 790 3106 
2809 333 
2812 1180 
2813 3509 
2817 1046 
2819 2904 3065 
2820 3079 
2823 768 3799 1852 
2827 109 
2831 1996 
2834 2222 
2840 3177 1468 1223 
2846 2326 
2847 1883 
2850 230 
2851 324 
2852 3355 
2853 3539 1282 1277 
2856 1913 1928 
2859 511 1424 3286 3664 
2860 2631 
2865 3294 2012 
2866 3104 3486 3724 
2867 2847 2647 
2871 3186 1220 
2873 1171 
2874 2847 
2875 1192 1546 
2877 2806 0 1080 
2883 2432 
2884 3408 
2886 1450 1546 584 206 
2888 3457 
2889 2460 
2890 3509 
2894 1229 2802 69 
2896 740 
2898 228 2025 51 
2900 3235 504 
2902 3686 325 
2906 1238 2821 
2908 3127 3184 2650 1267 2275 2340 1301 3351 2665 
2910 1849 
2912 3841 567 1217 
2917 24 2502 38 
2921 1058 
2922 1274 
2927 902 
2928 1287 333 
2930 2284 2046 
2934 1113 
2936 3379 
2938 1373 0 
2940 1193 
2941 3360 
2942 2592 
2945 2693 
2946 2890 2220 
2952 1576 
2956 1192 
2958 3474 
2959 1256 1073 
2961 1081 902 
2962 1672 
2965 2220 585 
2966 598 
2967 3184 
2973 588 3036 
2975 3352 
2983 1249 
2984 2324 
2985 2789 
2989 1246 3291 974 3742 
2991 3218 
2994 2071 
2995 46 
2996 2753 
3000 1246 
3001 2692 
3002 588 
3003 1229 
3008 43 
3010 3412 1222 
3012 1188 
3014 912 
3017 2220 1386 3372 
3019 33 1162 887 
3023 3317 
3024 887 
3025 286 2118 2137 
3028 2048 1572 1255 3178 
3029 1656 
3030 1037 2037 
3031 1110 2018 1372 191 2583 1047 2119 2334 3178 1923 
3032 2286 
3035 900 
3052 1080 
3053 1226 2267 1232 1185 297 
3064 1776 2505 3823 233 
3066 1556 1896 1545 2255 173 2928 
3069 900 
3071 1890 564 
3072 3509 
3074 2623 
3079 1088 1132 2855 316 
3080 0 770 2459 1326 
3081 2971 1854 3483 
3084 2284 
3086 2338 2726 
3089 1128 
3092 1276 
3095 888 
3100 364 1595 3327 
3106 148 
3107 1576 257 907 197 2875 
3109 2790 1220 
3110 548 
3117 3352 1254 
3120 1575 1073 
3124 335 
3125 1683 
3127 589 
3128 2199 
3130 2279 
3134 2789 3317 
3135 2928 
3139 16 
3142 340 3761 
3143 3078 
3146 170 
3147 341 
3149 2530 
3153 2505 
3155 1176 
3158 3509 3788 
3162 2660 227 1265 3106 3729 262 
3165 293 
3166 1134 3509 
3168 2386 
3170 3452 957 1194 
3172 1192 
3176 1656 
3181 3602 1982 2789 1084 1482 1203 
3183 213 
3186 896 
3190 436 
3191 293 
3194 2344 
3195 1607 
3199 16 1607 
3200 2470 1070 
3202 3497 
3204 3045 1937 
3206 606 
3208 3684 
3209 3407 297 1078 2516 
3214 1879 
3216 3038 
3218 523 
3223 3509 1841 
3227 1204 
3230 770 
3242 1109 
3245 3078 
3246 1178 
3252 3412 
3254 2602 
3256 3430 
3258 2124 902 
3259 1074 1246 907 
3260 2555 1372 
3264 28 2502 315 
3265 3229 1180 3107 
3266 476 3724 
3268 2789 
3269 1931 
3270 3379 
3271 1068 1849 222 347 1012 1505 1595 3430 
3276 604 
3277 2904 898 
3279 1952 3349 
3280 770 
3282 537 1159 
3284 3683 1928 
3286 589 
3289 1932 3798 
3290 61 
3291 2470 412 1236 2953 1285 1893 
3299 1727 1899 1179 
3300 3841 1058 2541 
3307 2197 1539 
3308 102 2970 1353 
3310 2098 445 38 3671 588 
3311 3110 2644 2670 
3312 2591 2802 1201 3410 
3313 1109 1188 
3314 1673 2433 1826 
3326 369 
3327 352 304 1388 
3330 3014 
3332 3483 
3334 1726 
3335 986 
3338 1178 
3339 3200 
3346 377 
3352 724 
3353 1182 
3354 907 
3355 3724 
3357 3141 3372 
3360 1278 5 
3362 2179 
3363 2617 
3364 325 
3366 3349 2506 
3368 3798 
3369 304 
3370 1876 
3377 2470 
3378 3474 
3379 3565 
3385 2220 
3388 3206 
3389 771 2999 1883 
3390 2011 1180 1210 999 
3392 1111 
3393 2234 900 1896 
3397 527 
3399 1556 
3400 1015 3175 724 1455 3602 
3401 1131 591 2300 
3402 3005 3400 2531 
3409 3477 551 44 
3410 2326 
3411 1656 313 1120 583 315 
3412 3656 3429 
3413 1701 
3415 313 352 2421 1277 1989 2631 
3416 3065 
3417 1206 892 
3418 1239 
3419 1179 505 
3422 2726 
3424 671 486 584 
3425 2693 5 
3427 1893 1891 2327 
3433 1197 
3435 3724 
3442 3633 
3444 1079 2693 
3447 2309 
3452 1199 
3453 1250 360 
3454 1454 
3457 320 583 1 
3463 378 504 
3468 1742 
3470 1287 
3472 2056 1951 
3473 1078 49 1232 
3474 2789 
3475 1186 
3480 2693 
3481 1192 
3482 297 3841 2324 1355 
3489 1195 303 46 
3490 1322 404 2435 
3496 3554 
3500 1824 
3502 313 642 2098 
3503 789 2652 1251 
3506 775 31 
3507 108 
3509 1171 
3512 1190 665 
3513 523 
3515 2163 3724 
3516 436 
3517 1595 3823 
3518 3067 365 3013 1424 2058 
3519 1176 
3520 0 1242 
3524 3721 
3525 2936 
3528 2648 
3530 3457 
3531 3183 
3532 353 
3535 3724 1015 
3536 264 
3537 44 
3538 523 2502 3194 1151 2213 2821 887 1229 
3539 1239 2184 1513 1848 
3545 1240 
3546 3083 
3554 1721 
3556 1816 
3557 3186 2340 2695 496 
3559 38 902 
3561 1578 2180 
3562 1575 
3566 1928 1279 1959 
3567 1181 
3570 257 
3575 2797 3737 2219 1902 
3578 1566 2325 
3583 1468 
3584 1252 1284 
3587 1222 1230 
3588 3633 
3589 3031 1241 3430 1899 453 45 
3590 3087 
3591 943 
3598 345 
3599 1372 1232 
3600 792 
3606 2174 
3609 3077 
3610 2621 
3614 2822 
3617 1726 
3620 461 159 1203 
3623 607 3013 2011 1205 
3625 1251 3090 91 1593 1902 
3626 3723 
3627 2890 
3634 2113 1256 
3640 2045 1257 145 2019 1183 1195 
3643 847 
3649 2018 2298 3827 2199 2458 1104 
3650 345 470 
3651 2530 3827 
3652 1357 
3653 2326 
3657 1201 
3662 642 
3663 2899 
3673 1284 
3674 1007 2231 
3678 1245 
3680 257 1617 1959 1075 
3681 2850 
3683 2878 2458 
3684 20 2473 
3685 49 
3687 1681 2012 
3689 3412 2322 3012 
3690 2098 3412 
3692 533 2141 896 1222 1337 3292 
3694 1286 1854 2105 31 
3696 2071 
3703 2728 49 323 
3704 3177 2326 910 35 1891 
3708 2052 2286 
3711 1353 
3712 2267 374 2012 
3714 105 1019 
3715 3247 
3716 2918 
3717 891 
3718 2647 
3723 3476 2105 
3725 14 
3726 1556 941 2007 2719 
3728 1179 293 
3731 2327 
3734 1224 
3736 476 
3737 3352 
3741 453 
3744 582 
3745 2065 
3746 3455 
3747 437 
3750 827 3878 1391 
3752 1210 
3753 3739 1353 2733 588 
3755 1695 1642 1215 
3759 2580 2258 1628 3585 2011 
3760 523 
3761 1323 1228 
3762 1848 20 
3763 900 1201 
3767 2286 3456 901 
3768 1543 1178 1627 
3769 1088 
3770 2502 1566 1549 1843 
3771 3001 
3772 293 
3774 3294 
3777 2125 
3779 1267 1896 1256 731 3273 
3783 2252 
3784 311 
3785 1591 
3791 3570 3026 250 3186 
3798 2009 
3803 1178 
3804 1884 
3806 1562 
3807 1892 
3810 1238 
3815 1933 957 
3818 3105 
3821 24 
3822 752 1668 2409 1976 208 
3823 1664 
3824 2722 3183 31 
3828 213 
3829 3032 1388 
3832 1064 
3833 788 1338 3109 1331 446 
3834 1412 1656 
3835 3109 10 1202 
3836 303 2255 
3837 3048 
3840 1313 1439 1068 3694 
3841 1268 1905 2040 
3842 1029 
3843 2359 
3845 1931 
3847 2588 
3849 3383 
3852 606 1196 715 1073 
3857 3039 1373 
3858 1635 
3877 1370 427 3429 142 1108 
3881 2542 2162 1768 
3884 3029 1204 316 2003 1899 
3891 547 
3893 1269 3328 
3895 1192 
3899 2306 
3901 1113 
3903 1301 
3906 10 
3907 1166 
3908 450 3091 
3909 1284 3045 
3912 1373 
3916 6 
3917 2907 2665 
3926 3187 1582 
3928 2498 2302 
3930 3021 46 
3931 549 
3934 2789 
3936 586 
3937 3106 
3941 2326 1120 
3942 10 
3944 1881 523 
3945 1931 3630 2384 
3946 1943 2728 
3950 588 
3952 2016 3682 2204 
3953 257 
3956 1353 
3957 2233 504 
3959 3352 1878 
3960 2579 1120 2575 
3961 1072 3697 
3966 335 
3967 1405 
3969 228 352 792 
3970 26 
3973 1006 
3975 2812 
3977 1211 1278 
3980 1273 
3981 1959 586 
3984 3845 
3988 588 
3991 2463 870 1713 612 358 1322 
3992 2309 2511 1058 
3993 912 2574 1354 
3995 206 
3996 110 
3998 2421 1113 642 1932 
4000 520 2602 
4004 3013 
4005 2232 
4013 3740 3756 1114 
4015 2244 
4017 2098 
4020 3084 
4023 1942 1899 
4025 2735 2433 290 
4027 1522 1258 1996 438 657 
4030 3607 1241 
4031 257 
4032 346 1797 724 
4033 1227 
4034 102 
4038 2789 
4039 2025 
4040 2623 69 2308 9 
4041 3486 1284 108 
4047 2502 360 
4048 1196 1740 
4049 1204 
4051 2502 
4052 1373 2788 
4053 102 2461 1346 
4054 3177 
4056 3292 3194 
4057 3599 2821 3798 2290 250 
4059 1959 589 
4060 3315 
4061 3109 316 2692 
4076 1250 
4078 347 
4082 595 15 1264 
4084 1572 523 
4085 1008 1426 
4087 20 
4088 2503 1932 220 1230 2772 1995 3141 3383 
4089 1878 1176 2878 
4093 1556 33 
4099 770 
4102 502 
4106 1842 
4111 1373 2105 1255 1250 1350 1825 
4113 5 
4114 2875 699 1892 2728 3187 
4115 1251 2322 2607 159 
4116 2530 3509 
4119 1617 
4121 1653 3091 
4123 3569 
4124 2284 
4125 1672 3204 
4128 3742 
4130 1192 
4132 3430 1886 
4137 3410 
4138 15 3466 
4139 329 1366 
4140 547 1843 346 
4146 908 
4149 2802 1233 
4155 2961 1196 
4157 376 
4158 1176 
4161 2975 
4163 589 
4166 3039 907 
4168 3509 3088 3477 2621 1497 3347 1870 595 2681 3800 2937 
4170 24 
4178 2928 1656 2789 
4182 220 1245 
4185 2951 1277 
4186 1201 
4187 957 
4192 1024 
4193 1081 
4196 0 
4206 3457 3040 
4211 1513 1242 
4212 1061 1188 2750 
4214 2937 
4216 1420 3229 38 436 
4217 1672 
4219 376 
4222 315 
4223 1875 921 1211 1882 2267 1989 
4226 334 10 250 2484 476 1562 2853 
4233 2630 
4237 3375 1183 2351 1896 1190 3352 293 1549 
4238 2593 
4249 3190 1505 13 1398 3757 148 356 
4252 1575 1081 
4253 1178 
4257 1242 2722 
4259 2548 1301 
4260 612 
4265 1111 
4266 2631 
4267 33 933 
4268 2631 
4270 163 890 2199 
4271 2385 
4276 974 3383 3065 1045 711 2688 3615 1577 504 2588 2918 2859 1260 590 
4277 585 
4278 352 1179 1617 3435 
4280 2300 
4283 2098 
4284 1931 2791 334 585 2100 
4285 3685 902 1884 
4288 1085 1353 2394 
4290 3402 2242 
4293 1393 
4297 2660 1213 2722 
4298 2284 3200 
4301 2847 
4303 2075 
4304 1070 2694 539 1432 
4309 17 1854 
4311 1243 1111 1627 
4317 3325 1346 1287 727 2333 
4321 3477 3135 
4322 3141 
4327 1183 2600 
4329 1273 
4332 2899 1300 2502 3106 2048 
4333 2458 
4336 1914 
4339 3090 
4340 3555 313 
4341 2718 2847 
4342 3232 
4343 46 1062 1858 3654 3083 2715 1207 41 1670 2624 
4345 1232 
4349 2559 
4350 1630 
4351 2192 3139 3194 
4352 1182 
4353 2667 1946 1932 2052 
4354 1196 
4355 1177 3127 2338 
4358 586 
4360 588 1190 
4361 1179 1499 1203 
4362 2880 33 
4372 2565 1220 
4373 1179 2641 
4374 755 228 2309 1196 
4377 3029 
4378 1088 102 3294 
4380 2007 1373 1726 
4382 3257 
4383 1742 
4385 3352 715 3826 
4386 1539 2072 
4387 1245 2432 1641 3425 2655 
4391 1943 
4393 2503 
4400 2878 545 1271 
4403 520 3109 
4405 1807 1250 1373 
4407 1271 2506 
4410 2226 3088 1202 2768 3724 1369 1262 
4415 364 
4417 3670 3782 
4418 3729 
4421 3724 2243 1522 
4424 250 1696 1595 
4429 2643 
4432 523 
4435 3045 1284 
4436 1180 
4439 1189 
4441 1227 
4445 1085 
4446 917 300 
4447 1085 1895 1183 
4448 1543 1776 
4450 1178 
4451 2252 3090 
4455 1897 
4456 1337 
4457 2213 163 1132 
4458 338 
4460 3509 585 1353 
4466 1185 
4467 1877 
4469 4 3458 3038 
4470 2039 3292 
4471 2451 1351 3335 
4475 1491 
4477 262 2656 2931 
4479 1584 3550 3633 1238 
4481 2406 278 1732 81 3432 
4483 926 
4488 2039 3232 1175 
4489 1944 
4490 255 315 
4496 1256 947 3629 1254 2660 
4501 558 1210 
4504 2337 1252 
4505 898 2916 1844 525 3633 
4506 2984 2433 3317 
4507 3035 2283 257 
4509 942 911 571 
4515 1046 847 
4516 2512 
4518 1203 
4519 2737 
4520 1178 
4521 3033 1366 
4522 3181 1004 
4530 1163 
4533 3372 
4534 2076 1755 
4542 3438 3294 2701 3029 2722 2595 3377 
4552 1222 
4561 315 413 
4567 1226 
4569 2928 
4570 623 
4572 3265 
4577 2098 789 2614 
4578 1372 
4579 1695 2326 3742 
4582 1230 
4583 891 3673 
4584 23 
4586 3486 
4588 1245 
4590 1192 1245 
4593 3335 
4595 2857 
4597 3612 1201 
4599 476 604 
4602 3003 
4604 444 
4606 1193 1893 2983 3682 297 
4610 1052 
4614 2890 
4615 1672 1366 
4616 523 
4618 1767 
4619 2631 2213 
4620 2286 
4621 1250 
4622 2614 
4630 2662 
4632 3685 
4633 2693 
4634 1498 57 
4636 1010 
4642 304 
4643 528 
4646 1264 447 126 1282 3033 570 
4647 2693 
4649 1322 
4652 3827 3265 
4654 84 2512 1840 1282 
4656 1074 3297 
4657 1058 
4658 2174 2512 
4660 1220 
4661 436 
4662 305 3191 
4664 1058 
4670 3569 
4672 2322 724 3216 1222 103 1814 589 
4673 2846 2003 
4674 1670 1683 
4677 3315 
4681 3003 3048 1068 
4685 768 
4696 3179 1576 
4699 523 
4704 1899 2890 3184 3029 1063 
4705 907 325 
4707 2124 1058 3339 586 1132 1350 
4710 1672 
4714 1182 3430 438 3192 
4716 109 
4717 476 
4723 2623 
4724 2458 584 
4725 259 315 
4727 1318 1582 2904 250 
4728 2320 
4731 3195 2091 1321 1326 
4732 3701 
4735 2358 
4736 3355 
4737 770 995 2338 
4738 1220 
4741 2936 
4746 1568 
4747 2942 1356 159 
4749 2512 2068 
4753 1901 
4755 3094 
4764 1575 3509 
4770 1096 
4772 1354 360 
4773 2057 1078 
4777 2726 
4778 1995 1843 
4779 315 
4783 3290 2283 1968 2039 
4784 1020 700 
4785 2997 2571 
4786 3714 
4787 3458 
4789 2928 
4790 2427 1220 
4793 2735 
4795 907 1575 2902 1636 
4799 2735 
4800 1178 171 2199 
4801 740 2801 1220 1246 3292 
4805 3635 
4806 1203 
4808 162 3021 
4814 49 
4815 1284 2355 203 1725 2694 
4818 377 
4821 503 
4822 2264 2071 1886 1173 
4826 2618 
4827 3415 
4828 1269 
4833 3631 
4835 3447 
4836 1306 2926 1256 
4837 2991 
4839 1284 
4844 2432 3010 
4848 476 1023 2503 
4849 2692 
4851 1189 
4853 1269 1218 
4854 108 691 
4856 1505 
4857 40 
4858 3487 
4860 1193 28 
4862 464 
4864 1280 939 
4866 1277 537 3676 
4867 2649 2857 528 
4868 719 
4874 1499 
4876 1073 
4881 1878 
4882 2577 3497 
4883 2966 3683 
4884 3099 
4886 3317 2124 
4887 888 
4888 1196 1063 2631 61 
4889 1269 
4893 3554 
4896 2964 
4897 1878 
4898 2279 
4900 2386 
4903 2284 
4905 3026 
4908 1354 
4912 35 
4914 1111 1384 
4917 1582 
4920 2413 1840 
4929 3327 3265 
4930 901 
4931 2928 
4932 1202 
4933 1529 
4941 583 2283 
4944 1804 
4948 3076 
4949 257 3091 2907 
4956 3317 2722 1335 3187 
4957 2046 
4963 353 
4965 1214 
4971 2242 
4976 606 
4978 1268 585 1283 
4980 1203 123 488 
4982 3682 
4983 211 
4984 2743 
4985 3676 2890 
4987 1894 
4993 1220 1696 
4994 316 790 
4996 264 
4999 3599 2030 2125 1109 
5000 2011 904 
5001 1952 549 
5003 2233 
5007 2572 
5010 1663 
5014 904 1186 3335 1080 3265 505 1647 3141 
5022 3094 
5025 2008 3613 583 1337 2880 
5037 1287 3355 
5039 2724 
5041 1074 1726 907 586 
5042 2512 1081 
5045 2675 3823 2917 3398 3197 
5048 1188 2286 
5050 1203 
5052 3509 
5053 583 2805 1181 1949 
5054 3130 3366 
5061 3078 
5063 3020 604 1168 
5064 887 1576 
5069 2847 1889 2279 1176 
5070 3632 
5073 1200 2602 897 
5076 2722 
5080 3684 
5081 959 890 1159 1214 2252 
5084 1224 1252 
5085 3382 2878 1575 
5086 2847 
5089 3486 
5090 2075 2046 
5093 159 
5095 3239 
5099 2946 3039 3105 2460 2794 
5101 2401 1265 523 
5102 9 2630 
5106 1373 
5107 890 
5108 1227 
5110 442 3655 1180 
5112 33 
5113 1015 584 
5125 589 
5130 1270 193 
5131 3482 
5133 2432 
5135 1543 665 
5138 2432 
5139 35 3566 
5142 770 
5143 1180 
5147 523 3192 
5148 3554 
5152 427 
5154 1176 
5155 2302 1287 1238 
5156 918 
5157 2918 
5162 2049 1575 3691 1006 
5163 3585 
5165 1455 
5171 2719 2039 
5174 2789 
5180 2637 
5181 2012 2193 1043 
5183 1932 
5184 589 
5185 3402 
5188 2105 
5192 2325 1491 
5193 315 
5195 2220 
5204 2530 956 
5205 1885 
5208 108 
5214 711 
5216 3106 
5219 244 1080 
5221 1628 
5226 143 
5228 3169 
5231 2426 
5233 2977 
5235 1931 
5238 1230 
5240 493 
5241 3434 3714 
5243 476 
5248 1209 
5249 2472 108 
5251 892 
5254 1087 
5255 340 1168 
5258 900 
5259 901 1190 
5263 453 2847 
5264 1009 1333 
5267 2970 
5268 1995 
5270 920 
5272 1261 
5276 2502 
5280 2728 
5285 1865 3393 
5286 3003 
5293 2975 924 
5295 907 3398 
5299 1700 3039 
5300 1566 
5301 902 
5304 2511 1653 
5305 1247 1170 1163 
5309 3466 
5311 419 2817 
5312 1866 
5316 3479 3029 793 1890 943 
5319 584 
5320 1216 
5321 1058 
5322 1222 
5324 1108 1207 
5326 1889 1268 
5328 3043 2801 3382 909 1766 1227 3142 
5332 1042 1556 1271 2376 3606 
5334 1766 
5336 476 1258 1081 
5337 1111 
5339 1685 
5340 2735 
5341 589 
5346 3039 
5349 1959 
5350 3525 907 
5351 953 
5354 2789 
5355 2484 
5358 2638 
5359 3442 
5363 3184 
5364 1643 1957 2265 233 214 
5365 2069 
5366 1284 
5368 3187 589 
5370 109 3091 
5374 1223 
5377 530 
5385 2209 
5386 2286 2694 1245 
5387 1533 
5389 2220 1258 
5393 1156 3381 1656 293 
5396 3812 
5397 3169 
5402 1482 
5403 1258 
5410 1608 
5411 341 3086 1680 2070 
5412 3634 2326 2531 1204 
5417 3001 1951 1245 
5419 3328 
5420 1656 
5423 1215 1959 2728 
5430 837 
5431 1246 
5433 353 
5434 3630 
5436 2803 
5440 1931 
5442 1006 585 
5444 3297 
5445 3366 
5447 3827 3476 3026 1726 
5449 1087 966 900 
5451 2430 
5452 790 1582 
5455 2647 
5456 2595 
5457 1931 
5458 1655 1238 
5461 1245 3554 
5463 1163 
5465 1166 930 3610 1595 
5467 1190 1196 3412 
5471 896 
5474 2091 2710 3293 1287 
5476 1227 
5478 1373 
5481 1322 293 1300 2047 
5487 2012 
5489 589 
5490 1746 
5491 1373 453 1789 
5494 1959 
5495 577 
5496 1063 102 2847 
5498 2176 
5500 2086 1230 
5501 3486 
5503 1252 
5504 0 
5510 1249 1352 2936 2008 3131 2449 
5511 2614 2176 2178 
5513 2693 
5516 1234 2593 3024 
5517 1539 
5518 1335 
5519 537 
5522 462 2401 
5525 891 
5526 1372 
5529 1206 1189 589 2847 1217 
5530 1933 
5533 588 
5534 257 
5535 5 
5536 589 
5538 3339 2701 558 1239 
5539 1211 
5542 591 2983 
5544 2283 
5546 1854 
5547 1828 
5549 1215 3290 1617 623 2184 
5552 1575 1120 1232 
5554 2327 228 
5556 1595 
5560 3187 
5564 847 
5565 2659 1188 1230 
5566 3290 2231 
5569 2970 183 
5574 1931 
5575 2560 
5579 1061 1192 1630 1000 
5581 1146 1189 
5584 2199 1366 
5585 148 
5587 1206 
5591 900 
5593 2006 3352 
5594 1202 
5595 2228 2928 
5597 1959 
5599 3132 2183 
5602 3474 
5604 547 418 953 858 
5607 2839 
5613 1892 1848 1937 
5614 3539 
5615 1230 3125 1179 
5620 1230 1382 
5622 31 
5623 1323 
5624 827 
5625 2872 1354 
5626 2922 890 1439 
5628 2007 
5629 525 3184 
5630 160 
5633 1779 
5635 1116 3452 3608 3436 1195 
5638 1582 1176 
5639 589 
5642 1739 641 1262 1771 2327 
5644 352 496 1568 
5652 344 341 305 
5653 2386 3823 1265 
5656 1937 1482 
5660 1239 
5662 2937 
5663 2344 220 2722 
5666 1884 937 
5674 368 1574 
5676 1088 3488 
5678 2461 776 
5681 2472 2180 3695 
5683 2086 68 
5685 1232 
5688 3402 549 
5697 1384 585 2963 
5698 604 735 
5705 2092 1202 
5706 1132 3430 
5707 537 
5712 893 
5716 2039 2852 
5722 1533 
5723 1265 1178 
5725 1885 
5727 3329 
5728 3539 
5729 2637 
5732 847 1213 
5735 3196 1178 
5737 2544 2735 
5739 740 
5743 1001 
5746 1203 1199 
5748 1853 
5753 1287 
5754 1257 1262 
5758 20 
5760 3039 
5761 1892 
5762 3539 1324 
5766 293 3392 290 
5769 912 
5770 1064 1352 
5774 2105 
5775 2284 
5777 2338 
5778 2432 357 1207 
5779 2470 
5782 1245 
5784 3684 
5785 2416 257 3349 
5786 1188 1186 1180 
5787 2232 
5790 1287 
5791 528 531 220 
5794 3031 2991 277 
5797 3455 
5800 1582 
5803 1432 
5804 1180 
5805 2234 
5808 2849 
5810 1598 
5811 2733 234 2012 
5820 1404 
5823 1355 591 2336 
5830 2999 907 2176 1250 3001 1943 2013 1238 
5836 612 2341 419 
5837 3479 
5838 941 
5839 1245 3757 
5840 2290 907 1205 900 
5843 1205 
5844 3090 2678 
5845 1227 
5846 590 901 108 1937 
5847 3068 27 
5850 1176 
5853 1453 3285 
5857 1366 
5859 3477 
5860 1349 3317 2117 
5861 2025 
5871 3458 1455 3292 
5873 1215 1063 1370 379 
5877 3186 56 2473 
5879 2040 2918 
5880 496 770 
5885 1023 
5887 1359 2329 1156 
5889 3486 3522 
5891 488 
5893 490 
5896 3248 
5897 2511 
5899 2220 
5904 2677 774 2569 
5909 1597 3036 
5910 1940 1132 
5911 1673 
5912 1073 
5913 2848 
5914 941 
5915 3079 934 
5919 1202 
5921 3130 2918 
5922 476 3683 
5924 2847 3349 2398 3036 
5929 916 373 
5937 1720 1271 
5941 3127 3349 
5945 2621 
5947 2244 937 3609 
5949 1210 
5952 2890 1132 
5953 1353 1191 1608 3460 2328 
5954 2588 231 
5960 2843 
5963 3203 896 3109 3177 
5964 2653 
5969 1182 
5970 352 
5973 303 
5975 523 1602 
5977 907 3741 1256 
5979 1246 953 
5980 3400 1240 912 
5981 345 
5983 1081 
5984 890 
5985 2063 
5988 1245 
5989 901 2063 2964 
5993 2036 382 
5995 1973 2071 601 1006 
5997 13 
5999 1726 
6000 1078 3412 
6001 1196 
6005 1937 
6009 2992 2970 3425 
6010 1354 1892 
6013 3476 
6015 51 46 
6017 3402 3458 
6027 2931 
6029 1848 
6034 325 
6035 3127 1253 
6036 3398 
6039 3193 
