7 3190 
10 754 
16 220 
18 1931 
21 1739 
22 3196 
23 2623 
27 918 
32 1201 
33 1928 
43 912 
47 847 2794 
52 890 2964 
57 1197 
65 3509 
67 1899 
91 2618 
102 770 
110 2602 
112 2630 
116 313 
117 352 
122 3127 
130 38 
135 911 
136 1807 1078 1491 
141 525 
143 2694 
145 3248 1087 2309 
147 1574 1185 
148 2675 2602 3675 3013 3198 
155 2806 
160 3045 2280 
165 1437 
168 2690 1874 
172 3846 2216 
184 1214 
185 2789 
186 1727 
187 3150 
189 5 
191 2571 
192 2735 
194 1880 571 345 
197 2847 
198 10 604 
201 3381 1271 
207 2179 
210 3486 
215 1597 
218 2588 
221 1081 
222 585 
224 1670 1227 3435 2821 
229 1944 
234 935 909 1087 
235 3724 
244 2890 
254 3793 
257 1548 1222 
264 1078 
267 1455 
270 2025 
271 470 
277 1905 
285 493 1575 
287 2284 
288 912 
297 2091 
299 900 2302 2897 
301 2460 2728 
306 847 
307 3724 3032 
309 571 
313 908 
318 1074 
326 1210 
330 3031 3198 477 
332 1268 
335 2847 
338 1251 
345 2400 2064 61 
351 1183 82 476 3328 
354 3058 1632 
355 59 
365 1216 
367 157 
377 2692 
383 1179 
384 3443 
401 1212 1279 
402 2678 
408 1840 
409 2677 
410 2677 
411 2047 
412 1742 
414 1262 
423 1274 47 1844 2425 
425 2572 
430 3724 
434 1229 
437 1058 
438 847 3339 
439 2327 
441 353 
442 604 
443 914 1274 
450 3430 
452 1546 
453 1225 
470 1203 
473 69 
481 15 
492 1195 
498 2837 
499 906 
508 1385 
512 2728 
516 2801 
527 1022 
528 1227 
530 2 
532 1023 
533 1166 
542 2722 1582 3174 2011 1843 560 
545 3091 
547 2789 
548 178 
549 206 1061 
550 2623 
555 2290 
557 887 
562 1607 2858 
565 2931 
570 589 158 
587 1061 1249 1215 
589 3841 
600 3539 
601 2338 
603 2502 
609 3458 
615 1539 
616 2252 
622 2286 
629 2076 
636 3026 
637 642 3539 
641 23 
646 202 
647 604 
650 1004 3186 
653 1451 
654 1046 
655 1951 2595 
658 33 
659 3599 2218 
668 1617 
672 1104 1272 
677 3018 3175 3486 588 2092 1593 
681 1254 
686 2602 1384 
689 1482 
691 41 3182 996 470 
700 537 
709 364 453 2278 
713 1370 
717 222 
720 2693 1807 3020 1672 
724 293 
727 3638 1893 
732 1287 1491 
734 724 2512 
747 1234 
748 1323 
751 1275 2617 558 
754 1734 
755 287 
756 2637 
757 108 
760 0 
764 2171 
766 450 
769 1450 2204 
779 2618 
793 1373 1374 
795 3272 
798 3676 
800 2839 290 
801 2448 1249 1336 
808 1356 
815 1355 1575 
817 1683 
821 482 
823 1887 
829 1281 
838 353 108 1019 2741 2543 
839 3328 
841 1840 
850 3486 
854 2329 3539 
858 3412 
860 2502 
868 3248 584 
874 3878 
876 2162 263 3141 1372 
878 488 
879 2653 
880 2916 3629 285 
882 3827 
883 1022 1959 
888 1872 
890 2647 
892 3682 
893 80 
903 3613 1023 
910 1366 699 
915 604 
921 770 1887 
923 589 
926 2623 
928 847 
930 888 1696 
934 3131 
936 3866 
938 1232 
939 352 
948 2386 3509 1726 2286 
954 1656 
955 887 
956 3059 
957 1132 
962 1670 
965 3091 
969 1450 
982 1353 
983 3742 586 2963 
986 1207 
995 345 
1014 3614 2244 
1016 1899 
1018 1188 1582 3659 3347 1197 855 
1020 3476 
1021 523 
1024 293 
1029 3509 
1033 1000 
1044 2983 
1049 593 
1050 1120 35 2623 
1052 1385 2617 
1057 2963 
1063 3349 
1066 1388 
1067 2071 246 2344 
1070 1234 
1073 1959 
1076 1211 505 
1085 3379 2295 
1086 1878 2255 
1087 903 1887 3382 3265 2496 
1099 2226 
1104 583 3430 
1116 1892 
1118 2460 1268 1952 
1119 3184 2303 886 
1120 2432 3292 
1127 1211 
1129 2039 
1130 1998 
1131 183 
1133 665 
1134 2327 
1136 1192 2816 
1139 244 2712 
1141 2630 
1143 2722 
1154 604 
1161 1373 
1163 1893 
1169 3088 
1171 335 
1172 1457 
1174 1377 
1180 1023 3127 
1182 2117 
1183 3496 2553 
1185 1334 3878 
1193 3498 3294 841 
1195 1156 2179 
1202 3430 1182 
1206 2012 
1208 1282 
1210 1366 
1217 590 
1221 1249 
1222 1959 
1223 3714 
1226 424 
1229 3329 
1231 1373 
1234 2255 
1239 3383 
1240 2890 
1241 443 1951 373 771 
1242 2081 
1245 257 1214 
1250 1179 
1263 1876 
1265 896 
1267 2007 
1271 81 
1272 1079 740 
1273 2234 244 
1278 1215 
1280 1632 
1283 510 
1284 1193 3035 2315 1181 
1293 3232 
1296 2511 2983 707 
1297 3026 2924 
1300 1166 
1302 3439 3430 
1305 2630 
1316 3356 2280 2918 1228 
1321 534 
1322 38 
1324 1959 
1332 1575 3676 
1334 720 
1342 3045 3100 
1351 659 
1353 2991 
1358 3509 
1368 2163 2024 
1379 850 
1382 368 1695 
1388 535 3422 2559 
1392 1683 
1398 3231 
1400 589 
1408 1843 
1409 1858 
1412 2327 3840 
1414 1120 
1417 1732 
1419 38 
1422 3745 
1424 2007 1614 
1425 3107 1179 535 1575 
1436 3003 
1437 2928 
1444 2700 
1445 3295 
1446 2252 2090 2355 
1447 1483 472 
1448 3259 
1450 1079 1238 3568 
1456 3091 1337 
1463 108 
1464 1015 3574 2877 2324 
1469 2286 
1480 1262 
1482 17 
1488 604 
1495 2481 2458 1023 
1498 2722 
1504 3186 
1506 3144 3857 
1513 1180 
1515 293 
1527 2637 
1537 2614 
1538 3265 
1539 1264 
1541 770 
1544 586 
1545 1239 
1551 584 
1558 790 
1559 3106 
1560 1887 
1570 2950 
1576 2222 
1578 3882 3039 3649 1582 
1583 467 
1586 1887 1079 
1591 243 
1593 2174 
1596 1058 
1598 571 
1599 3420 
1600 33 3675 
1606 3392 
1608 1998 
1610 345 1553 
1612 2342 918 
1616 1656 
1618 3866 
1625 2677 
1627 586 
1631 2953 558 2961 
1634 1995 
1638 504 2971 
1642 422 20 
1644 2014 999 
1646 3724 3683 3012 
1654 3509 740 
1670 933 3094 976 
1675 33 589 2072 2386 
1679 2091 3360 147 191 1955 3174 1375 
1680 1207 
1681 1211 
1682 2647 2300 
1686 775 1726 
1693 2855 1242 
1695 2219 1176 
1696 3684 
1697 2657 3678 1115 
1698 2623 
1701 2422 
1707 537 
1708 581 
1711 3292 
1713 2243 
1714 589 
1715 1726 360 
1722 1848 
1723 2255 
1726 3348 286 
1732 3172 1272 
1735 3522 
1736 3486 364 682 6 
1740 1214 
1745 313 
1747 290 
1748 790 
1751 3106 
1752 1995 2931 1260 
1753 2260 
1754 939 
1756 1187 
1757 1155 1720 
1763 2471 
1764 2995 
1766 1181 2531 
1769 1081 
1774 2722 
1775 2354 
1776 1172 
1777 33 449 
1778 2255 
1792 1595 
1795 2220 1189 
1799 1375 
1806 109 
1811 1208 3566 
1818 1539 
1820 1240 
1824 169 
1834 1028 3439 2012 
1835 855 1889 2222 
1836 1300 
1841 352 601 1601 
1842 102 
1857 2502 
1859 1230 
1871 2693 
1874 1180 
1879 3743 1275 902 1826 2571 
1881 228 
1882 898 
1883 1228 3340 
1888 1931 999 
1893 2542 
1895 1087 2966 
1896 1595 311 
1898 1220 
1907 2437 
1919 2850 1329 
1921 2011 
1936 1355 
1938 57 
1940 1250 3606 1178 357 
1942 3339 
1946 2125 
1949 2163 
1951 2076 
1957 2772 2789 
1961 2625 
1964 1499 
1968 2951 
1970 1250 
1971 523 1212 
1973 505 2571 3650 
1976 3293 
1977 642 
1979 2572 49 
1983 5 3614 
1987 914 1876 
1991 3793 
1995 1058 
1997 1189 1273 
2001 3435 
2007 1482 
2010 727 
2011 1012 
2014 3539 
2019 3751 1215 
2021 1247 1201 
2025 1070 
2026 2982 
2029 1190 442 1575 3021 
2034 775 
2037 523 373 1533 
2045 1171 
2046 1189 
2049 2422 1179 2602 
2050 2694 
2051 2789 
2058 2720 
2062 178 
2064 589 
2069 2209 
2072 1448 
2076 3724 1063 891 
2078 1699 
2080 3548 
2083 3079 
2087 1883 2882 2219 1200 3336 
2091 592 3630 2899 2722 
2093 1113 
2095 1539 
2097 1935 
2099 2092 
2105 1696 
2109 1617 
2115 159 3144 3682 
2123 1956 
2124 1178 
2126 2270 
2127 2588 
2135 47 2358 2847 1672 
2144 3329 
2146 1543 
2147 1009 778 
2149 1366 
2152 1543 
2153 0 
2158 2863 
2161 335 
2163 1922 
2169 1178 
2170 1238 2588 
2171 46 
2172 1300 
2174 2326 
2179 1271 
2180 1238 
2187 2530 49 2081 
2198 2787 
2199 438 2575 
2202 1366 
2205 2255 
2207 1224 
2214 290 2326 
2218 2637 
2220 1192 
2221 3379 2009 
2222 957 
2231 3724 
2241 315 
2244 3340 
2245 716 1491 
2246 1883 
2250 2659 
2259 3184 
2261 585 
2265 1439 
2268 2701 
2270 436 3801 1503 
2287 1181 3599 2358 
2288 2011 
2292 3272 
2301 3187 
2302 3634 1959 3444 
2303 2801 2444 1539 3187 
2307 2701 
2308 1878 
2333 108 
2337 1279 3187 
2344 1883 
2347 3458 1952 
2349 2015 
2352 1886 
2367 2874 1804 
2373 770 
2375 907 1337 
2376 453 
2378 315 
2381 2452 
2383 582 1346 1207 
2388 1766 
2393 1937 
2397 847 
2401 1215 
2402 1568 
2406 1016 
2411 847 
2423 1948 
2444 2879 
2456 584 
2460 1491 
2464 1180 
2471 2125 
2475 3429 
2483 3201 2199 
2485 1068 
2488 293 
2489 290 
2495 937 
2499 202 
2503 3847 
2506 408 3352 3241 1119 
2507 1132 
2510 1995 
2512 1274 
2515 10 
2525 1876 
2528 3486 
2543 1246 1337 
2549 3803 
2553 3339 
2563 10 
2564 1678 1576 
2566 293 
2575 108 1375 2204 
2580 2143 92 450 3293 
2581 1211 
2583 1028 
2587 1888 
2591 2802 1895 
2593 3044 
2598 3701 
2604 1176 3439 
2610 2225 
2611 1695 
2612 2174 
2623 453 
2626 1847 
2627 537 
2632 2692 
2635 3290 
2639 1972 
2658 3292 1078 
2661 3265 
2662 1840 
2663 2722 
2664 1893 315 
2673 162 
2675 2843 
2682 1284 3013 
2687 352 
2690 1273 
2691 38 
2699 549 3091 
2704 1192 
2723 1603 2654 
2728 2875 
2730 2879 
2736 3109 
2740 2789 
2741 319 
2742 724 1180 352 
2748 1220 
2749 3045 
2752 2117 953 3378 
2764 1505 
2771 1370 2812 
2776 1287 2964 2972 133 
2778 3855 
2780 49 2617 
2783 1186 
2784 3435 
2785 2265 
2792 3694 1074 1896 
2801 585 
2802 1215 
2803 206 
2806 2282 2231 
2807 1281 
2808 353 
2809 2965 
2819 15 1243 1195 
2825 1247 3238 
2832 3218 
2838 2631 
2840 3352 
2846 2614 
2847 2047 
2848 921 
2853 847 
2856 724 
2859 3479 2916 953 790 
2864 3771 
2873 901 
2877 508 363 3630 
2880 2647 
2884 3684 360 1046 
2894 3355 1210 
2895 161 
2897 315 
2898 194 325 
2899 2821 
2906 523 1937 
2908 3183 1109 1195 2968 1564 38 15 2502 
2912 1178 333 
2915 337 
2917 269 
2920 2593 
2925 1566 6 
2927 1061 
2928 2829 
2930 2789 
2932 1590 
2933 246 
2940 2992 2222 2623 349 
2943 1877 
2944 604 
2950 3483 
2951 244 
2961 3282 1575 
2964 1176 
2966 3084 3742 
2984 1355 
2985 2789 
2994 3569 
2995 2892 2502 
3000 1574 1397 
3001 293 1995 
3008 3757 
3013 2897 
3016 1416 
3017 3078 2723 2693 
3023 1220 
3024 2105 
3025 1247 1595 
3028 2693 304 20 
3030 1786 2090 3682 51 
3031 2351 2266 1457 2906 3603 727 
3043 3012 1562 406 1111 
3053 897 
3054 2179 1358 
3064 59 
3066 589 3457 2621 
3067 912 
3071 1890 2857 
3079 1670 1212 3353 
3080 2253 2309 
3084 1644 
3086 216 
3090 476 
3094 2286 2085 
3100 2920 
3107 3664 
3108 3079 
3111 3109 2024 
3117 1230 
3118 1023 
3124 3339 3682 
3125 517 
3130 2279 
3131 3443 
3136 2268 
3139 902 
3148 3108 
3155 2623 
3157 1220 2460 
3158 1612 
3159 1081 
3162 49 2660 
3164 49 
3168 2386 
3170 1995 3801 
3181 207 2036 35 
3188 2602 2812 
3190 2548 
3191 293 
3199 338 
3200 1313 1349 258 
3204 1284 108 
3206 1196 
3216 81 
3223 2504 2061 
3225 2220 1028 
3242 539 
3243 1018 
3258 2722 
3259 1180 
3264 345 
3265 243 21 
3267 589 
3270 3722 
3271 1120 1842 2046 
3279 2502 102 1720 
3280 345 
3282 2588 2327 
3284 768 3659 
3288 404 
3290 523 
3294 2772 
3299 3483 
3300 911 
3303 2091 1196 
3307 792 3724 
3309 1171 
3310 1595 
3311 1683 
3313 1072 2916 
3322 1062 
3327 305 
3341 2772 
3345 2327 
3348 363 
3351 1598 
3356 520 
3360 373 
3362 38 
3364 2401 899 2344 
3366 1172 2604 
3367 585 
3368 941 
3370 303 1193 505 
3377 2012 
3378 3339 
3379 886 2244 901 940 
3388 108 3509 1190 
3389 3290 999 1227 
3390 577 1539 18 
3393 3482 1230 
3400 2963 
3401 3435 
3402 1838 
3410 1656 
3411 1073 3184 
3413 250 335 
3414 2061 
3415 1120 
3419 1076 
3421 2048 
3422 1277 2693 49 
3424 1424 5 
3427 1274 
3429 1211 3846 
3432 1482 
3440 1372 1959 2559 
3444 537 
3449 2211 
3453 841 2511 
3461 1020 
3463 535 
3464 1182 
3468 1162 2002 315 
3470 2883 2334 
3471 907 
3473 1249 
3474 2329 1455 
3475 3281 
3476 2722 
3480 2222 
3482 3729 776 
3489 3355 2879 917 
3490 2964 
3496 2264 
3497 1491 
3498 204 3198 
3499 549 
3500 1168 
3502 1073 
3506 680 1227 
3508 0 1641 
3512 1268 
3515 1182 
3517 33 
3520 1196 
3521 1255 
3524 3716 
3525 1884 
3535 2728 
3537 293 
3538 1451 1898 1582 
3539 1349 
3544 1796 
3546 1250 
3549 3229 
3556 2722 2075 1991 
3557 2735 
3561 1220 1627 
3562 537 
3568 3724 173 
3570 2327 
3584 103 
3587 1203 1210 
3588 2676 3458 
3589 1196 1204 
3590 1582 
3594 2728 
3609 2098 516 
3614 160 3293 
3615 1885 
3619 1255 
3623 2324 
3625 1313 450 
3629 3458 
3634 2623 
3640 3121 
3642 2847 
3643 1073 46 
3647 1278 1204 841 
3649 2225 
3650 2322 
3656 1385 1513 
3674 2575 20 
3676 2163 
3678 2055 2092 
3680 360 
3683 3045 
3684 1220 
3686 2884 
3687 1228 1951 
3695 3743 
3704 641 2919 1888 
3715 2791 1599 855 
3718 1250 
3723 3261 360 
3728 1628 892 
3742 535 
3744 1854 
3750 1702 
3755 228 
3759 2593 
3760 3349 3701 
3762 2953 
3768 1287 
3770 2219 
3772 2092 
3777 3177 
3779 2631 2271 1899 2045 
3786 2719 
3791 1227 1885 
3797 1225 
3800 831 
3806 2258 2737 
3807 1269 2400 
3809 1230 
3818 87 
3822 1004 932 1081 
3826 1630 
3828 510 
3832 453 2337 
3833 2877 3456 1949 
3835 901 3078 
3840 3483 1875 3458 1376 
3841 2064 1867 
3852 1539 
3859 1385 
3860 1439 
3864 1278 
3876 3720 
3877 1884 
3883 2179 
3884 711 919 
3886 1597 1636 655 
3889 0 
3893 3682 
3899 2306 2728 2647 2174 3457 
3901 2253 
3915 982 
3921 588 
3925 1179 
3930 3021 1246 1375 
3936 2204 
3937 3684 
3939 1951 
3941 1218 
3944 139 3186 2873 
3946 1721 
3952 462 
3955 1179 
3956 2873 
3964 2821 
3970 1636 
3977 3042 
3980 3290 
3984 1539 1028 
3987 2367 
3989 1241 
3992 2693 
3995 2225 
3996 776 
3997 1325 
3998 1229 
4000 1893 1114 
4015 1372 
4018 1185 
4020 1035 3084 1196 349 
4027 1653 
4032 1893 2482 
4033 1242 
4041 3509 
4047 2083 
4052 3585 1190 1188 
4053 2919 2961 3032 1875 1247 
4054 3184 
4061 1823 
4063 1388 
4075 1372 
4076 899 
4082 2875 2401 
4084 510 3414 2098 2074 3292 1668 
4085 47 
4087 1575 
4088 1946 1220 108 821 
4092 887 
4102 1890 
4106 1533 
4111 3430 2337 
4114 3366 1766 
4123 1943 
4128 1231 
4130 85 
4138 226 1726 1814 
4139 2200 
4140 2252 364 
4146 163 
4147 1385 
4149 2421 
4151 3352 957 3602 
4155 855 3509 776 3361 3450 
4166 0 914 
4168 3337 3130 3746 1628 2736 476 889 3030 1025 
4171 3430 
4173 2907 
4189 583 
4192 921 
4202 2386 
4203 1468 
4204 2728 
4206 2174 
4212 2694 438 507 2735 1849 
4216 1641 419 
4217 2012 
4219 2221 
4220 243 
4222 2460 
4223 2659 
4224 2789 298 
4226 1267 2695 2460 
4233 900 
4234 2897 
4237 1932 2879 
4242 1732 1556 
4244 2219 
4246 1178 
4257 476 892 1120 
4260 590 2301 
4262 3045 
4264 1113 
4267 3379 
4270 907 
4276 513 1095 1104 358 1513 
4278 1215 
4285 3127 
4286 2694 
4287 3291 
4288 1617 
4297 3509 
4301 1074 
4304 1256 
4311 1453 2511 1892 
4316 1197 
4317 2436 
4321 486 
4336 2473 1179 69 
4341 3292 
4343 2041 1224 2661 3701 
4344 2670 
4350 1182 
4351 2326 
4355 2002 
4362 1232 1212 
4364 2176 
4370 2286 2975 
4371 2814 
4373 607 
4374 2964 3317 1002 
4376 2630 
4380 2527 
4383 2354 
4385 2899 
4386 2692 1047 
4387 3029 
4388 539 
4400 1271 
4405 3546 
4407 2779 
4413 583 
4415 1210 
4417 2663 2843 
4420 3649 109 
4424 262 
4432 3458 
4435 898 592 2647 
4436 821 
4446 2133 2855 3634 1061 
4447 1634 2251 
4448 1269 
4450 1205 
4455 1015 
4457 2928 2321 740 1977 
4458 1176 2897 
4466 2710 
4471 1546 
4472 1085 1095 
4477 2789 
4479 51 
4481 2125 303 333 3017 1989 
4484 1656 
4489 1575 1884 
4496 3614 
4504 1884 1626 
4505 1069 0 
4506 2390 
4507 790 
4508 1258 
4509 2458 902 2023 
4516 49 
4519 69 
4520 1491 1372 
4522 3410 
4523 3317 
4534 436 
4542 2012 
4552 0 
4559 108 
4560 1804 1529 
4571 1016 
4577 3293 
4578 2325 1116 1223 
4584 724 
4590 453 
4598 2068 
4599 2647 2918 
4600 667 
4606 1186 
4607 464 
4610 1572 
4611 40 
4618 1877 
4619 2056 
4621 1180 
4623 436 
4626 2283 1274 
4632 584 
4634 2011 
4635 2637 
4636 3629 2801 
4641 3078 
4643 1063 
4644 360 
4646 2061 
4649 3648 108 
4654 1064 1951 928 
4660 3632 
4662 2625 
4665 3382 
4667 3402 
4670 3447 
4672 293 1300 3107 
4678 1996 
4679 1161 
4686 1282 
4687 2340 
4699 1019 
4707 2846 911 2986 
4714 161 
4717 476 
4722 1276 
4727 2186 1607 
4728 2073 2111 
4729 3720 
4731 1132 1258 
4733 523 
4734 2511 
4736 2918 
4737 1022 
4741 1680 
4744 1226 
4749 906 
4764 1949 890 
4765 2822 
4766 1892 
4769 957 
4770 3353 1627 
4783 696 
4785 589 2602 
4789 2857 
4795 406 
4796 496 
4799 2849 
4801 2386 1164 3100 
4805 334 
4807 2875 1632 
4808 921 
4812 33 1595 
4818 2031 
4823 2967 315 
4825 1176 2337 453 
4827 2085 
4828 1281 
4830 1210 
4833 3774 2623 
4853 2124 
4856 1848 
4866 1203 847 
4878 1163 
4881 2588 
4882 2290 
4887 1888 
4888 586 3327 
4903 1949 2233 
4905 2358 1264 
4908 2104 
4912 1373 
4916 976 
4917 1737 
4921 2890 1847 
4936 3725 
4939 1628 
4941 1550 
4942 1156 
4945 1215 
4947 900 2595 1951 
4949 2641 
4952 2267 3031 2209 
4956 1058 
4957 2728 
4958 2105 2081 
4962 3555 
4963 1337 
4965 2875 
4967 3402 
4969 1242 
4978 2880 1595 
4993 1353 
4994 2849 
4999 2432 149 2920 1182 1356 
5004 699 
5007 176 
5014 3042 
5017 1178 936 3238 
5018 1204 892 
5020 1539 
5034 2064 
5039 2641 69 
5042 2602 
5043 1180 
5045 3247 
5046 1388 476 
5047 1072 
5053 3435 907 
5055 2971 
5058 1300 
5060 2082 
5064 470 
5073 3634 488 
5076 492 
5079 2792 
5084 957 1337 
5085 1178 
5089 2693 
5090 3188 
5095 3083 
5097 847 
5098 727 
5099 293 3043 
5107 3408 
5110 3319 473 
5113 1987 
5120 1482 
5128 642 1582 
5136 1255 
5141 3003 
5152 1237 
5153 3509 
5155 604 2255 928 
5160 2326 
5166 20 
5168 2847 
5173 3567 
5181 2849 
5183 333 
5185 2338 
5194 2117 
5198 2849 
5208 290 3183 
5219 2949 
5220 109 
5221 3106 1931 
5222 24 
5223 2286 
5224 3595 911 
5235 148 
5238 1373 
5249 2816 
5254 1526 
5255 3183 1884 
5263 2789 
5268 3107 
5270 5 1349 
5276 1568 
5280 1215 
5287 1116 
5288 1033 
5291 665 
5299 2877 467 
5300 3636 
5305 906 583 2204 
5309 933 
5311 2647 221 2041 2231 547 
5315 3090 
5316 1333 
5318 7 
5322 1366 
5328 1454 3032 
5331 3109 
5332 1843 
5340 2570 
5341 3439 
5346 2937 
5348 593 16 
5354 1977 
5358 1884 
5360 2363 
5363 2473 16 24 
5364 2618 373 
5365 1195 
5366 1546 
5370 384 
5371 1023 
5375 232 2931 
5386 1113 1337 
5393 896 3020 
5401 911 
5402 1023 
5404 315 
5406 3615 
5411 2082 
5412 3198 2502 
5417 2922 
5421 2928 
5423 3078 2473 
5427 1751 2427 2199 
5431 2966 
5432 10 
5440 1182 
5445 1575 
5447 54 
5449 589 2588 
5450 933 
5451 103 523 
5452 3013 892 3231 
5457 1656 1073 
5458 558 
5459 1156 1180 
5462 1623 3666 
5465 916 3435 
5467 1195 
5471 2880 
5484 20 
5492 1886 
5493 3666 797 
5500 1188 
5503 481 23 3273 
5510 2733 3200 
5519 2918 2470 
5522 582 
5523 1393 919 
5529 1468 
5538 896 2267 
5542 711 
5544 1166 
5547 1637 
5549 1252 1222 
5555 682 
5564 6 
5566 1274 1062 3474 
5569 3187 
5575 585 
5578 109 
5584 2662 
5594 1491 2459 
5595 2117 
5599 3600 
5613 1250 1176 160 1546 
5625 1858 
5626 44 1238 3141 
5629 437 3192 
5633 699 
5637 1680 
5638 109 
5640 583 
5642 3106 
5644 1046 
5646 437 
5647 847 
5652 24 
5656 770 
5662 2379 
5666 2174 
5674 3278 770 
5688 2623 
5691 108 1287 
5697 2968 
5705 2327 
5706 3184 
5707 35 
5716 1068 3352 2882 
5725 345 
5727 2354 
5733 523 
5734 907 
5743 903 1720 353 2199 3290 
5746 641 
5748 2966 
5758 1814 
5761 1097 
5762 1227 3196 2919 1789 
5764 2802 
5766 2727 1271 
5767 900 1156 
5769 15 
5770 1355 
5775 2503 
5779 2743 
5781 2012 
5784 345 
5790 2643 
5807 2722 
5809 1242 
5811 3239 3602 222 1185 
5819 941 
5822 1058 
5823 1009 582 
5829 3465 
5830 3764 1313 2272 
5836 1793 1322 
5839 3029 3335 
5840 2070 1372 
5844 1186 1247 
5846 516 
5850 1009 
5852 1182 
5854 2506 2619 
5856 2401 
5861 1375 1255 
5867 1252 
5873 285 
5877 892 1279 1604 609 269 
5879 157 
5884 2529 
5885 285 
5887 898 3265 2710 
5891 488 
5892 2327 
5907 3379 
5912 477 
5916 373 2836 
5928 378 
5929 3436 
5959 2812 
5960 1582 
5961 1180 
5962 293 
5963 570 
5971 329 
5973 1871 505 1163 
5977 1180 
5984 2857 
5989 1264 
5995 2559 
5999 315 1529 
6001 44 
6008 623 
6011 2843 
6012 3046 
6015 1673 
6017 585 
6020 1196 1220 
6022 1765 3035 
6028 3476 3430 
6031 2448 1313 
6035 3105 589 
