1 1336 1804 
4 1493 1155 
7 1245 
8 1245 
9 535 1186 3105 1336 1245 1890 
10 1337 
13 1243 
14 535 3105 
16 1337 1245 
17 156 1336 1804 
18 1384 1245 
21 3105 
22 1186 1245 3882 
23 1337 1890 1243 
25 467 
27 330 
28 2592 
29 1245 
30 1245 
31 1337 
32 3175 1337 1336 2592 1172 504 
33 535 
34 1337 
35 1245 1172 2204 2705 
41 1352 1245 2204 
43 535 1245 
44 3175 1755 1890 
47 1186 
50 1245 
52 1384 3105 1336 3257 1804 2204 3607 
57 1337 1186 467 1804 
58 1890 
61 276 221 
62 1384 3105 
63 1384 
64 3205 
68 1336 
71 3882 
72 1814 1245 2204 
74 156 667 
75 1337 
76 3105 
77 535 467 1245 1155 
81 3116 
82 3105 1890 
89 535 
92 2204 
94 1337 
95 1337 
96 3175 1245 
100 3371 
106 1186 
107 1155 
108 535 1352 
110 1336 
114 1384 
116 1245 1804 
117 535 1245 
118 156 
120 2258 
122 1384 1337 1186 1744 1804 1905 1243 
123 1337 
126 156 369 
128 1245 
130 1384 1337 1186 1336 1245 1172 
132 1337 1755 1890 
133 3105 1352 
135 3689 1935 467 1890 
136 1890 
140 3732 
143 3116 
145 3175 1755 2871 2705 
146 1337 1245 
147 535 3371 156 1979 1352 667 
148 1337 1814 1186 3105 467 1245 3116 1155 369 1890 1243 
149 276 1337 1890 1243 
150 535 467 1336 1245 1755 221 3882 
155 3175 1245 3116 1890 
156 3175 1814 1186 1245 1155 1243 
157 1186 
160 330 1814 1186 1245 1172 369 1243 
161 1245 
162 1384 
164 1384 2592 
165 1245 3607 
168 1384 1186 1245 1155 2204 
169 1186 
172 663 1337 1186 1245 1172 3116 3732 
174 1337 1814 467 1336 1890 
177 1352 
180 1245 1155 
182 3732 
186 276 1337 1814 3105 467 1336 1245 1172 504 2368 
191 1337 1814 1336 504 221 
192 1337 1245 3732 
194 663 1690 1337 1814 1186 1336 2556 1245 1804 504 221 
197 1352 1245 
198 1337 221 1243 
201 535 3205 710 1337 2204 1905 504 221 
202 1804 
203 535 1245 2204 
204 1245 
207 1336 2204 1905 369 
209 3205 2204 
210 3080 
211 1337 
212 221 
213 3105 
215 535 1337 1814 1186 467 1336 1245 
217 1155 
219 1245 
220 1384 
222 667 
224 1337 1172 1155 
227 3882 
228 1337 3105 
229 1245 3116 
231 1155 
232 1245 
233 504 
234 1186 1245 1172 1155 3607 
236 535 1245 
237 1337 3102 504 3732 3882 1243 
238 1243 
239 1155 
241 2556 2204 
242 1245 
243 535 1245 
244 1186 504 1243 
246 1243 
247 1911 
254 1245 504 1243 
258 1245 1243 
260 1337 1245 1243 
266 535 504 
267 1755 
269 1186 3105 3116 1243 
270 2204 
271 1384 1337 3105 1245 369 
272 3371 
273 3105 
275 1155 
276 1245 
277 1935 1905 2258 
280 1384 
283 1245 
284 1172 3607 1243 
285 1245 
286 1337 1336 
287 2204 
289 535 
290 1464 
292 276 1337 1814 1336 1245 504 
293 3105 1172 221 
294 1337 
296 1814 1245 
298 1186 
299 2204 
300 710 3105 1245 667 1243 
301 1384 535 1814 467 1245 2204 
302 330 1245 221 
303 2871 
305 1337 3828 2204 667 
306 1172 3732 
307 1384 1814 1245 1820 504 
308 3257 
309 710 
313 1245 1172 1804 3732 
317 1890 
318 276 535 1337 1186 1172 504 1243 
322 1245 3116 3732 
326 1172 3116 1804 1243 
328 1814 3105 3882 
330 535 1337 418 1814 467 1336 3116 1155 2204 504 369 
331 1245 
332 1245 
333 1890 
335 1352 
336 3205 1245 
337 535 2204 
338 1337 
341 1245 
342 1352 2084 2204 
345 1245 
346 1245 
347 1186 
348 504 
349 1245 
350 1804 
351 1384 276 350 1337 1814 3105 1155 2204 504 1243 
354 1245 2204 221 3882 
360 3882 
361 3882 
362 1337 1155 
363 3116 
365 535 1186 1245 1890 1243 
366 1245 
367 3205 3105 3257 1245 1804 504 
371 1384 535 1352 
375 1337 3116 3882 
376 1337 
378 3175 535 
379 1245 
381 1744 1245 
382 504 
384 1804 
385 3105 467 1245 
386 535 1245 
389 1384 1245 1155 3607 
391 1814 467 1336 1245 2204 1890 
397 1245 1155 
401 1814 467 1245 1155 1243 
402 535 504 
403 1243 
404 535 
405 1337 1245 
407 1245 1172 
408 3205 1337 
410 535 1245 3116 221 
411 3175 535 710 1337 1186 1336 1245 2871 1804 221 
412 1337 1890 
413 1186 
414 1186 467 1336 
423 1384 535 1337 1186 1979 467 1245 1820 2204 1890 1243 
424 3175 467 1245 504 1243 
425 3105 504 3882 
428 1186 3105 3116 3882 1243 
429 535 
431 1245 221 
432 535 
437 1384 3105 467 1352 2556 1245 1755 1243 
438 535 
439 535 
441 1337 467 1245 1155 1243 
443 1337 
444 3175 3882 
449 1243 
450 1186 1172 3732 1243 
451 3205 1935 
452 1186 1245 1804 
453 1186 3105 467 1245 
456 1337 
459 3105 3257 1245 
460 350 1245 504 369 
461 467 1245 
462 1245 
465 1186 1155 1243 
466 1337 
467 3175 
468 276 
470 1186 
473 1384 535 1245 
474 2310 
475 3371 2592 
476 2204 
477 1245 
480 535 1243 
481 350 1337 1186 467 1744 1245 1172 1155 369 1243 
482 1245 
484 1890 
485 1337 1245 
492 1814 1336 1245 
493 535 
494 1245 
497 1186 
498 1337 
501 3175 
503 1155 
507 1245 
508 1384 3205 1337 467 1336 1245 1172 221 2368 
509 1245 
510 1890 
512 1243 
513 3105 
514 1155 
516 1814 
517 1245 3116 
519 1384 535 1245 3607 
523 1384 276 3205 1337 418 1814 1186 3105 1245 2204 504 221 369 3882 3607 1243 
527 535 1245 1804 221 
528 1337 1186 1804 
530 1384 710 418 1814 1979 1245 1755 3882 1890 
532 1384 1337 1814 1245 1155 2204 1243 
533 1245 
534 1890 
535 1384 1979 3882 
542 1384 2310 3205 991 1935 156 1245 2204 
544 1890 
545 535 1755 221 
546 1245 
548 1384 1337 1186 1352 1245 2454 2084 1804 2204 221 369 3732 3882 
549 330 1337 1814 156 467 1352 1336 1245 1155 2204 1243 
550 1337 1814 1186 1336 1245 3116 1155 504 3882 1890 2368 
553 3116 1890 
555 535 1352 
557 1336 1804 1243 
559 1352 
560 1384 
565 1814 467 
569 535 
570 1337 667 
574 535 1245 
576 1337 
577 1337 
578 1245 
579 1186 
586 1337 467 
587 3175 330 1814 3105 467 1336 1155 3732 
588 1245 
589 1336 3257 1245 1155 2368 
590 1337 3105 1172 
593 3175 1814 1890 
594 1337 1755 504 
599 1890 
600 1493 
603 2204 
604 1464 
606 1804 
610 1337 
611 1890 
614 1245 
617 1155 
620 1186 1155 
622 3882 
623 1337 1186 1245 
626 3882 
628 156 667 
629 535 1890 
630 1337 1814 1245 
632 3105 369 
635 1368 
636 1243 
638 535 1890 
640 535 1245 
644 1186 
645 1186 1243 
646 991 1245 2204 
647 1337 1814 3882 1890 
650 1384 1186 467 1155 1243 
652 1890 
653 1336 
654 330 1337 1245 1172 1155 
655 1245 
656 3105 
659 1337 1186 1755 3116 504 221 
663 1186 3116 
664 1384 1493 
665 1245 
666 1905 
668 1384 1337 467 1245 1155 2204 504 
670 467 
672 3462 1336 165 
675 1336 
676 535 1337 1186 1245 1243 
677 3175 535 3205 3689 1935 1979 1755 1905 504 3882 2368 
681 1337 1245 
683 3105 
686 1384 535 1337 1245 
687 1186 1243 
688 535 
689 1245 
690 221 
691 1337 467 1245 1155 2204 504 3882 1243 
695 1337 1186 1245 1820 1155 3882 1890 
697 1384 350 467 1245 3607 
698 1384 1337 467 1245 3116 1155 
701 1186 1245 
703 3116 
705 1337 2368 
708 1935 
709 1384 1337 1814 467 1245 1172 1155 504 369 3882 
711 1384 
712 467 1245 
713 1384 1979 1245 1804 2204 
715 1384 3205 991 1245 2204 
717 1384 535 3882 
719 3116 1243 
720 535 3205 1337 467 1336 1245 1755 1804 2204 1890 
723 535 1336 369 3882 
724 1337 
725 535 221 
726 1245 1172 1243 
730 3175 535 710 1814 492 467 1336 1245 1155 2705 221 
731 1243 
732 1814 
734 1384 1337 1814 1352 1245 
736 3732 1243 
738 667 
742 467 
744 3882 
745 1384 504 1243 
748 2310 1243 
751 1384 276 535 3462 1337 467 1336 1741 3116 1155 2204 504 
752 1935 156 1245 
753 1337 1336 3116 
754 1337 1245 
756 1384 1245 
763 1186 
764 535 1337 1186 
768 1186 
769 535 467 1245 2204 
773 3882 
774 3105 
779 1814 1979 467 1245 2204 
780 535 3105 
790 535 1186 
793 535 
794 1245 3882 
796 535 1245 
797 2310 
799 1979 467 221 
800 276 1245 1243 
801 3175 535 1337 1186 3105 1336 1245 1243 
807 1911 1337 1186 1245 
808 1245 
810 1186 
814 1890 
816 1384 2310 1337 1935 156 467 1336 1245 2204 667 
817 1337 
821 535 1245 
822 1814 
823 1336 1172 
828 3116 3732 
829 2871 3607 
831 1935 1814 1245 
837 3828 3116 2705 3882 
838 535 1337 1814 1186 1811 3105 1336 1245 2204 504 369 3882 
839 1384 1337 1186 
841 1890 
842 1243 
844 504 
845 1245 
849 1186 1245 3116 1905 3882 3607 1243 
851 1814 
852 1352 1245 
853 535 3205 1337 1336 1245 1755 
854 1384 1811 467 
855 3882 
857 1384 1245 
860 1245 
864 1245 
868 1384 535 710 1935 3105 1979 3257 1245 1155 
870 3105 
871 1186 
872 1186 3723 
876 1384 2310 1935 467 1245 2204 369 
880 350 1186 3105 467 1245 1155 
882 1155 3882 
883 1384 
885 3116 3882 
886 1337 
888 1384 330 1337 1186 3105 1245 1755 3732 1890 
889 1384 156 667 
890 3105 
891 1245 
894 1814 1245 1890 
896 1384 535 1336 1245 
898 1337 1336 1245 
901 1890 
903 1384 
906 1186 
907 1384 
910 3175 535 1337 1245 504 221 3732 3882 
917 535 
918 3175 330 1337 1155 
920 1337 1245 
921 1814 2204 3882 
922 1245 
923 1337 1814 1186 1336 1245 504 369 
926 467 
927 3102 1336 3732 3882 
928 1384 3205 1245 1243 
930 2871 3732 
933 535 3105 1155 
934 3205 1337 3116 2204 3882 1243 
936 2204 2258 
938 1155 
939 1337 3105 
941 1336 
942 3882 1890 
944 3175 535 1814 
945 1186 
947 3175 1186 1979 1245 
948 1186 
951 330 1814 1245 1155 
952 1186 1245 1172 3882 
953 1245 
954 1245 504 221 369 
955 1337 
956 1337 1186 3105 1245 3116 504 1243 
959 1384 2204 3882 
961 1337 369 
962 1814 3105 1155 
963 1814 
965 1804 
966 1384 1245 
968 1337 
969 3882 
972 221 
973 1186 
974 1814 1186 1245 1243 
976 1384 1336 1245 
978 1245 
979 1186 
980 1186 1245 
983 535 710 1186 467 2204 3882 1890 1243 
984 1186 
985 3607 
986 3175 1245 1755 
987 1337 1245 
989 535 1245 
990 3175 
991 535 
992 1245 
994 535 
995 535 3205 3105 3116 2204 
996 1245 504 
997 1814 1245 3116 
998 350 3105 504 
1000 1384 156 3105 1245 1755 2705 3882 
1001 1172 3882 
1003 3105 1245 
1004 1245 
1005 1186 
1009 350 1337 467 1245 1155 3882 
1011 1890 
1013 1186 
1014 3175 1384 535 3205 330 710 1337 492 467 1336 1245 1172 504 369 1890 3607 2368 
1015 3882 
1016 1245 
1018 710 1186 467 1245 1172 369 1890 
1019 663 
1020 1186 1245 1172 1243 
1023 3175 1245 
1025 3116 
1028 3116 
1030 3205 
1032 1186 1155 
1033 3175 535 1186 1979 3723 3116 1890 
1034 1337 
1036 3882 
1037 1337 1890 
1039 535 
1042 2871 
1046 3105 
1047 1245 
1049 1336 
1050 1384 535 3205 1814 3105 1336 1245 2204 667 504 221 3882 2258 
1051 492 
1052 2871 3732 
1053 1935 667 
1057 1337 3105 1245 1243 
1058 1384 1337 1336 1243 
1061 535 3105 1245 
1064 221 
1065 3175 1245 
1066 1245 
1067 1384 535 1337 1245 1755 
1068 330 350 492 3105 
1070 535 1186 
1071 1337 
1072 1245 
1076 1243 
1077 1755 2368 
1078 1384 1245 3882 
1083 1337 
1085 1384 535 1337 3105 1245 2204 504 
1086 3175 1337 1186 3105 3116 
1087 1384 535 3102 1814 1186 1979 467 1336 1245 2204 504 221 3732 1890 1243 
1093 1384 535 1186 
1094 1890 
1095 1337 
1096 1245 
1098 467 1336 1245 
1099 1814 467 1245 
1100 1814 1352 1245 504 1243 
1106 535 
1108 3105 
1111 1384 1337 1979 1336 2204 504 
1112 1814 1186 2204 
1113 535 
1116 1384 535 1979 467 1336 1245 1172 1155 504 221 3607 
1118 1337 1336 1890 1243 
1119 3175 1384 535 1337 1935 1814 1186 156 1979 1352 1336 1245 1804 504 2368 
1120 535 1337 418 1814 1245 1755 3116 1804 504 221 
1123 535 1245 
1124 1384 535 1337 3105 3882 
1127 1186 1336 504 3732 1243 
1128 1186 1890 
1129 3205 3105 1245 
1130 1245 
1132 1243 
1133 1186 
1134 1352 2592 
1135 1337 
1136 1384 1186 1245 369 3882 1243 
1138 1337 1814 1245 504 
1139 1337 1186 2592 1172 
1140 1337 1245 
1141 1384 1337 1245 504 
1142 1245 
1144 1245 
1145 1384 1337 
1146 1186 1245 
1148 3105 
1149 330 1172 1155 1243 
1150 1814 1352 1245 3116 1155 
1154 1245 
1160 1155 
1161 3175 1245 1243 
1162 2204 
1163 3175 1820 504 1890 
1167 1245 
1169 3175 467 1245 3588 3732 1243 
1170 3116 
1171 535 1245 1741 221 
1172 3257 3882 
1176 1804 
1177 3732 
1180 330 1186 2556 1245 
1181 1814 
1182 1186 
1183 1890 
1185 1384 1337 
1188 1245 
1189 1890 
1191 504 
1192 535 
1193 1690 1337 1814 1172 1804 504 1890 
1195 1245 
1196 1337 3882 
1197 1804 2204 
1198 504 
1201 535 1337 1814 467 1245 221 3882 
1202 1384 3205 1337 1814 1186 1336 3116 369 3882 1890 2368 
1205 1352 
1208 3882 
1210 1384 1337 1814 1186 467 1245 3607 1243 
1211 1384 
1213 3723 
1215 1243 
1217 1245 1172 1890 
1218 991 
1219 1245 
1220 1245 667 
1222 1155 
1223 535 330 1186 3105 1245 1172 1804 1243 
1224 1245 
1226 1337 504 
1227 1186 467 2204 
1229 1384 3105 467 1245 
1230 1814 
1231 1245 
1236 1384 
1238 1337 
1240 1814 3105 467 1336 3882 
1241 3175 1384 330 492 1336 1245 2871 221 369 3607 
1242 1245 1155 3882 1890 1243 
1243 1814 3105 467 1336 1245 1155 
1245 1814 1186 467 1336 1245 2204 504 
1247 1245 1172 
1250 3105 
1251 1337 3116 
1253 1890 
1254 1245 
1255 1337 
1256 667 
1258 1905 
1259 1337 1186 1245 1155 2204 3882 1890 1243 
1260 2084 
1262 1245 
1263 1384 235 1337 1814 1186 467 1336 1245 1172 504 221 369 1243 
1264 235 467 3116 
1265 535 1979 1336 1245 369 
1266 1186 
1268 3105 
1269 3882 
1270 535 3105 1336 1890 
1271 1245 
1272 1337 1814 467 1245 1155 3732 
1273 330 1337 1186 1245 1172 1820 1243 
1274 1186 
1275 1245 
1276 1384 
1277 1243 
1278 535 1336 1890 
1282 535 
1283 1336 3828 1741 3116 1820 1804 2204 2705 369 3882 
1284 535 1337 1814 1186 1245 1172 221 369 1890 3607 1243 
1287 1384 221 1243 
1289 1890 
1290 535 1155 504 1243 
1293 1935 1814 3105 467 1245 221 
1296 1384 1337 1493 2454 1172 
1297 3175 1337 1814 1186 156 467 1336 1155 221 
1298 1935 1979 2204 
1299 1935 3105 
1301 1384 
1302 1186 3105 467 3607 2368 1243 
1303 1245 
1304 1172 
1305 535 1814 1186 3105 1245 
1307 3257 
1313 535 
1314 1186 1245 3732 
1315 3116 
1316 3175 1384 1337 1814 1245 1905 369 3882 1890 1243 
1320 1337 3882 
1321 3175 535 1186 156 3723 
1322 3175 1245 1155 
1323 1186 
1324 1186 3882 
1328 1384 710 1935 1245 2204 
1329 1186 
1330 1337 3732 
1332 1337 1186 1245 369 3732 1243 
1334 1245 1172 
1335 3882 
1337 1155 
1338 1186 1245 
1339 467 1245 504 
1340 1384 
1342 3105 467 1245 1155 1243 
1344 535 
1346 535 3105 
1347 1979 1245 
1349 3105 221 
1350 1336 
1351 1172 3882 1243 
1352 1245 
1353 1384 535 1814 1336 1245 2204 221 
1355 1384 221 
1359 1337 
1360 1186 
1361 1186 3828 3882 
1362 1245 
1365 1384 3105 
1366 535 1245 
1368 3105 1245 3607 
1370 3882 
1375 1890 
1377 3732 
1379 1245 
1382 3175 535 1337 3105 467 1336 1245 667 504 221 369 3882 1890 1243 
1385 467 
1386 2871 3732 
1387 369 3882 
1388 535 1337 1186 467 504 
1389 1245 1890 
1390 535 1336 1245 
1391 3175 1245 2705 1243 
1392 1814 1186 1245 
1394 1337 1814 467 
1396 1186 
1398 1337 467 1172 
1399 1814 
1403 1186 
1406 1337 1245 3116 
1408 1245 
1412 1186 1820 369 
1413 2204 
1416 3882 
1417 2204 
1419 1337 1336 1245 
1420 3105 1336 
1421 350 1186 
1423 1384 
1424 1384 1935 1814 3105 467 1155 2084 3882 
1425 1384 535 1243 
1426 1337 
1427 1155 2871 
1428 3882 
1429 3105 1245 
1433 1384 
1434 3882 
1435 3882 
1436 3607 1243 
1439 3607 1243 
1440 535 467 
1443 3882 
1445 2871 
1446 535 1337 1186 156 3105 467 1336 1245 1243 
1447 1384 276 535 3205 350 1337 3105 467 1155 2705 504 
1448 1337 1172 1905 3607 1243 
1450 535 1337 418 1814 1186 467 1245 1804 2204 504 221 3882 1890 1243 
1456 1337 1814 1245 1804 504 
1457 1245 
1458 1245 
1462 1245 3116 
1464 3175 3205 1186 1352 1336 504 3732 1890 
1465 535 1245 2204 
1467 2204 
1469 2310 1155 1804 
1470 1155 
1474 467 
1476 3882 1243 
1477 1245 
1479 3882 
1480 667 
1482 3116 
1483 1337 1245 369 
1486 3882 
1489 2204 3882 
1490 1245 
1491 1155 
1492 1245 
1494 156 
1495 3016 710 1245 
1496 1155 
1497 1186 1804 
1499 3105 1245 
1500 535 2310 710 156 2084 
1501 1935 1814 3105 2204 667 
1502 467 
1504 1814 467 1245 
1506 1245 
1508 1384 467 1245 
1510 1186 
1511 1155 
1512 1243 
1513 3882 
1515 3105 2204 
1517 535 
1518 1155 
1520 663 
1523 1384 535 504 
1525 1245 
1527 3116 
1529 1337 467 1245 1155 2204 221 369 
1531 1337 3105 1245 
1539 1172 3882 
1541 504 
1542 369 
1543 3882 
1544 1186 
1545 1337 1336 1245 1804 667 3882 1890 
1546 3175 535 1337 1245 
1548 1155 
1549 1245 
1550 1186 3105 1172 
1551 1245 1155 
1553 1337 
1554 3105 
1555 1245 2204 
1559 1245 
1560 1755 
1561 1384 
1562 1384 3882 
1563 2204 
1564 467 
1567 1245 
1568 1337 1243 
1570 3175 1337 
1576 1337 
1578 1384 1186 1245 1172 1155 2204 504 3882 1243 
1583 1384 1337 3105 467 2204 369 
1585 3175 1814 1186 1243 
1586 3175 1384 1337 1245 
1588 3882 
1590 1352 1243 
1591 3175 1243 
1592 1337 1814 
1593 1155 
1596 1155 3882 
1597 1243 
1598 350 3105 1245 
1599 1419 1814 1245 2204 
1600 1245 
1603 1337 3882 
1604 1384 276 535 1337 156 1336 1245 1755 2204 504 3882 2368 
1605 2204 
1606 369 2368 
1608 535 1814 1245 221 
1610 1905 369 
1612 1384 1337 1979 1245 
1613 667 3882 
1615 535 3105 2204 221 
1616 1337 
1623 1245 
1624 3882 
1625 1384 3105 
1627 1337 1814 1336 504 221 369 
1630 3175 2705 
1631 467 1245 3882 3607 
1634 1384 535 492 1245 2204 504 3607 
1635 3105 
1638 1384 535 3205 1337 1245 1905 504 369 1243 
1640 1245 
1642 369 3882 3607 
1644 2310 3105 1979 1352 2230 
1645 3882 
1646 535 3689 1814 3257 2204 504 
1649 1384 
1654 1245 2204 
1657 1245 2204 
1660 3882 
1665 1384 350 467 1245 1741 
1666 3205 1186 1741 2204 3882 
1669 1337 
1670 330 1814 1336 3732 1243 
1674 1384 
1675 1911 1384 535 3105 1979 1245 2204 1905 
1678 3105 3116 
1679 3175 1384 535 3244 3205 3689 1814 1979 1172 3508 1155 2705 369 1890 3607 2258 1243 
1682 1890 
1684 3175 1814 1755 1172 2368 
1686 3175 710 1337 667 
1687 3105 
1689 535 3105 
1691 1245 3732 1243 
1692 1337 1186 1336 1245 3732 1243 
1693 1337 1186 2204 369 
1694 1245 
1695 3105 1243 
1696 535 1804 504 
1697 663 3175 1384 330 1814 1186 492 467 1245 1741 1172 1820 1804 3882 3607 1243 
1698 1186 467 1245 1172 1155 2871 
1699 3882 
1700 276 1337 3105 1336 1155 1804 3882 1890 1243 
1701 3105 
1705 1814 1155 
1706 1337 1155 
1710 1493 
1711 1384 1186 3105 1336 504 3882 
1713 1245 2705 
1714 3882 
1715 1384 1245 504 
1716 1337 1245 1172 3882 
1717 1337 
1719 3882 
1721 3607 
1723 221 
1726 1814 1186 156 3105 1245 
1728 3607 
1732 1337 1493 1186 1811 1172 1820 
1733 1245 
1734 467 
1735 2310 
1736 1384 535 710 1245 2204 3882 
1738 1186 1245 1890 
1740 663 330 1337 467 1336 1245 3732 1243 
1743 3882 1243 
1745 3689 1337 1979 1352 2592 1172 
1747 3175 1337 1186 1245 3732 1243 
1751 1337 1186 3105 1336 1245 369 
1752 1493 1186 1245 2204 
1753 2556 
1754 535 3105 467 3732 2258 
1755 1890 
1756 1384 535 1337 467 369 
1757 1384 276 330 467 3116 1155 504 221 1890 
1758 535 1245 
1760 1352 
1762 1245 
1763 1911 535 2310 3371 710 1935 1814 156 3105 2084 667 1905 
1766 1337 1186 1336 1245 1820 1155 
1767 1890 3607 
1772 1245 
1774 3105 1172 
1775 535 2310 3689 1352 
1776 1172 
1777 535 1336 1155 2204 1905 3882 
1779 3175 1245 1243 
1780 1352 
1781 3116 
1787 1245 
1789 467 1245 2204 
1791 535 
1792 1384 1336 1245 2204 504 
1794 350 1245 
1795 3175 1245 1172 
1796 1155 
1797 1155 
1798 1245 369 
1799 1186 
1801 1337 1186 1820 
1802 1384 3205 
1804 1337 1245 
1805 535 1245 3116 2204 504 
1806 1384 1337 1814 1245 
1809 3882 
1811 3205 1814 1352 1245 3116 2084 2705 504 3882 1890 2368 
1813 1172 1155 3882 
1819 1384 369 
1822 535 
1823 504 
1824 1337 
1826 3882 
1827 3105 
1828 1493 
1831 1337 
1833 3116 
1834 1384 535 1337 1368 1814 1186 467 1336 1245 2204 1905 504 369 1243 
1835 1384 1337 467 1245 504 221 369 1243 
1836 1384 3462 1337 1336 1245 1172 3116 504 3882 3607 1243 
1837 3116 
1840 1337 504 
1841 350 1337 1186 3105 467 1336 1820 2204 504 3882 1243 
1844 330 1337 
1847 3105 
1850 1337 1352 3882 
1852 1814 3105 467 1245 
1853 1337 
1855 2592 
1858 1245 
1859 1186 
1860 535 1419 1186 3882 1890 
1862 1186 
1864 1337 1814 3882 1890 
1865 2204 
1866 1814 
1871 1337 
1872 535 1890 
1874 3175 535 1186 1245 2871 
1876 3116 3882 
1878 3205 1337 
1879 535 1186 3105 1336 1245 3607 1243 
1880 535 
1881 1245 1172 
1882 1337 2871 1890 
1883 3175 1384 535 1337 1186 3105 1245 2592 1804 369 3732 1243 
1885 3882 
1888 1245 2204 
1889 1186 
1890 1186 3105 
1892 3882 
1893 504 
1894 1186 3882 
1895 1172 1243 
1896 330 1186 1245 1804 504 3882 1890 2368 1243 
1898 3175 330 1186 1336 1245 1172 1155 2204 504 221 3607 1243 
1899 3116 
1900 535 1186 
1901 1384 369 
1902 1245 1243 
1903 710 
1907 1804 
1911 1337 
1913 1245 
1915 3175 1337 1186 1245 3732 
1917 2368 
1918 1935 
1919 1384 1741 667 1890 
1921 3175 535 1337 1245 
1923 535 
1924 467 1245 1172 
1925 663 3175 1337 1336 1245 3116 2871 1804 504 221 1890 2368 1243 
1927 1814 1245 2204 
1929 1245 
1930 1384 
1932 1155 
1933 3105 
1936 3105 
1937 1186 1979 
1938 467 1336 
1939 1186 1245 1243 
1940 1384 1186 1352 1245 1905 504 1890 2368 
1942 1384 330 1337 1935 1814 1979 1245 1172 2204 
1945 504 
1946 1186 
1948 1337 1245 
1950 535 
1951 3175 492 3105 467 
1952 535 3257 
1953 1337 3882 
1954 3105 
1957 1384 535 3205 1337 1245 1755 504 221 3882 
1959 1172 2705 
1961 535 1337 1814 1245 504 
1962 1337 504 
1964 1245 
1967 3105 369 
1968 535 3205 1337 1352 1336 
1970 504 
1971 1186 
1973 1337 1245 1155 2204 1243 
1975 1384 1337 3828 1245 
1977 1245 2204 
1978 3882 
1979 3175 276 535 1337 1814 1186 467 1336 1245 1172 1155 1804 504 369 3882 3607 2368 
1982 535 3205 1814 3105 467 1245 1155 221 1890 
1983 1186 2204 369 1243 
1987 3175 1814 3105 1336 1245 1172 1155 3732 
1990 3175 
1991 1814 1245 
1993 1245 
1995 3175 1245 
1997 535 1245 504 
1998 1186 
1999 1804 
2001 535 1245 2871 3732 
2002 1979 
2007 1337 1814 1245 1243 
2009 1814 3105 1245 3116 
2010 1245 
2011 1245 
2014 2310 1186 1352 1245 1155 1905 
2015 1814 156 1155 
2016 535 1337 
2017 3175 535 1336 1245 2230 3732 1243 
2019 1384 535 1337 1245 1243 
2020 2204 
2021 1245 2204 
2022 1384 3105 1245 2204 
2023 535 3105 
2026 1337 1245 
2028 3105 467 
2029 3175 1186 1979 1245 3732 1890 3607 1243 
2030 1245 
2032 3257 
2034 1741 
2036 2204 3882 
2037 535 1337 1186 221 3732 
2038 1186 
2039 1245 
2040 1384 535 1155 1804 504 3882 
2041 1337 1935 1186 3105 1245 3607 
2045 1337 1245 
2046 1337 3105 
2048 3882 
2049 1336 3116 1243 
2050 1245 2204 
2053 1245 
2054 1243 
2055 1245 3607 
2056 3732 
2057 1890 
2058 1814 1186 
2059 1384 1245 
2060 1155 
2062 1384 710 1337 1935 1814 3105 3508 2204 667 2705 1905 1243 
2063 1337 1186 2592 369 
2067 3175 1245 
2068 1155 
2069 1337 1245 
2070 3882 
2071 3175 
2072 535 1337 1186 3105 1245 3116 504 1243 
2074 3105 
2076 1384 3205 710 1337 3105 3257 1245 1155 504 
2077 3105 1245 
2079 1186 
2080 1337 
2081 1245 
2083 1186 
2084 710 1245 1155 667 3111 
2087 1186 2592 3882 
2091 535 1186 1245 1741 3732 3882 1243 
2095 2204 
2096 2204 
2097 1384 1337 1935 1172 3882 
2099 1384 535 1337 1814 1811 3105 
2101 1814 1186 1245 3882 
2104 1337 3105 1243 
2105 235 1337 467 3116 1804 3882 
2107 1245 
2108 1384 3105 1245 
2109 1245 
2110 3175 
2113 1384 1905 
2115 1384 535 3371 1935 1814 156 3105 1352 1755 1804 2204 667 3882 
2117 1245 
2118 1243 
2120 3723 3732 
2121 1337 1186 1172 1243 
2122 535 1245 
2123 350 1337 1814 3105 2204 504 3607 1243 
2124 1245 369 
2126 467 
2128 1384 1890 
2130 1384 2204 504 
2134 1245 
2135 535 1337 667 
2139 1243 
2141 1245 
2143 1911 
2144 1935 1245 1804 
2147 3205 3105 
2149 1384 1905 
2152 1814 1186 3105 1336 
2154 3768 
2155 1337 1245 504 
2157 1245 
2160 1337 1814 
2161 221 
2163 1384 3607 1243 
2164 1905 
2165 1245 2204 
2167 1814 3105 3116 3882 
2168 1384 1245 
2169 1890 
2171 1186 467 1243 
2172 1337 1245 
2173 535 1337 1814 1755 
2174 3105 1245 
2175 1814 3105 1172 3607 
2176 1245 3882 
2177 535 1337 1814 1336 504 221 3882 
2178 1337 
2179 3205 1186 
2180 1384 1337 3105 1979 467 1245 2592 2871 3732 
2183 1935 3105 
2184 3175 330 1186 467 1155 1243 
2186 467 
2187 1384 535 467 1245 1243 
2191 1890 
2192 3105 
2194 1245 
2197 535 
2201 535 1245 
2202 3175 535 3205 1186 156 1352 1245 221 1243 
2203 2592 
2204 1245 
2205 535 1337 504 
2207 3105 467 3882 
2209 3882 
2210 3102 1186 1336 1245 1890 
2212 1155 2871 
2213 1336 
2214 1384 
2217 1155 
2218 1814 1245 504 
2220 1245 
2221 535 1245 
2222 1245 
2224 1337 1186 1245 
2228 1814 1245 
2229 276 1337 1336 1804 504 221 
2230 1245 1155 1890 
2231 1336 3882 
2232 1337 
2234 3105 667 
2235 1245 3116 
2236 3175 535 1337 1245 1155 1804 504 221 1243 
2237 276 
2238 1245 1804 
2239 535 1186 1804 
2240 3861 
2241 1384 156 1979 2204 667 504 
2243 1337 1186 3105 1336 1245 1172 3882 1243 
2244 3105 
2245 1337 1243 
2246 1337 1186 1245 3732 3882 1890 2368 
2250 1384 1186 1155 504 3607 
2254 535 1337 1979 
2255 156 
2256 1245 
2257 1384 467 1755 
2258 1245 1890 
2259 1814 1245 
2260 1337 3116 
2261 2204 
2262 1337 467 2204 667 
2263 535 1336 1804 504 
2264 1186 
2265 1337 1336 504 369 
2267 221 
2269 2204 
2270 535 1337 1814 1186 3105 467 1155 1243 
2271 3257 
2274 1890 
2275 504 369 3882 
2278 3689 1186 1243 
2279 1337 2368 
2280 1186 
2281 535 1337 467 1245 
2282 3105 
2284 1804 
2286 1186 1243 
2287 1814 1186 467 
2292 1186 1245 
2301 2204 
2302 1337 1186 3105 1336 1245 
2303 1384 2310 1337 1186 1336 1245 2204 221 369 
2305 535 1243 
2306 3105 1155 
2311 710 1352 
2313 3116 
2314 1243 
2315 504 
2316 3105 
2317 3732 
2320 1245 
2322 1336 1245 3607 1243 
2323 1337 1243 
2324 3105 
2330 1245 
2333 3175 1186 1890 
2334 1186 2592 
2336 535 
2338 535 
2339 3175 535 1186 1245 
2340 3105 
2343 1245 
2347 1243 
2350 535 1243 
2351 2258 
2352 535 1337 504 3882 1890 1243 
2355 1186 
2357 1464 3116 1890 
2367 1337 1336 1804 221 3882 1890 
2369 1337 
2370 535 
2371 535 1337 1804 
2373 156 
2375 1337 1186 504 1890 
2377 3205 1337 
2379 535 1337 3105 1336 1245 504 3882 2368 
2382 535 1245 
2388 1186 1336 
2389 1245 
2392 3175 1186 3105 
2394 504 
2395 1336 
2396 1172 
2397 1814 504 3882 
2401 1337 1186 1890 1243 
2402 1245 
2405 535 1337 
2406 1384 1245 
2409 3732 
2410 1814 
2413 3105 467 1336 1245 
2415 3882 
2417 535 1245 
2418 504 3882 1243 
2422 3175 1245 
2426 1890 
2427 535 
2429 1384 
2435 1337 1814 467 1245 1155 504 1243 
2444 2204 
2445 1245 1243 
2449 1337 
2452 1384 3205 991 1337 418 1352 1336 504 221 369 3882 1890 1243 
2453 1245 
2455 467 1890 
2456 1245 2204 1905 
2458 3116 504 3882 
2461 1337 1245 
2464 1337 1186 1245 1172 3882 1890 1243 
2467 3175 504 
2471 1814 1186 3105 1245 504 
2472 3882 
2474 1384 
2477 1186 
2478 1384 
2483 3175 535 3105 1245 2204 
2484 1337 1336 504 1890 1243 
2488 1384 535 1337 1245 
2491 3175 1336 
2494 535 
2495 1337 1186 
2496 1243 
2498 1890 
2499 991 
2503 3116 369 
2504 1186 
2505 467 1755 
2506 663 1384 330 1337 1935 1186 467 1755 1172 3116 1155 2871 1804 1890 2368 
2509 2592 
2513 3732 
2515 221 
2525 1186 2592 
2528 535 3205 156 1979 1352 504 221 1890 
2532 535 1245 667 
2535 535 1245 
2536 1186 1336 1245 504 
2537 1186 
2540 1245 
2543 330 1337 1186 1245 1172 221 369 1243 
2545 1337 
2546 1186 1155 2871 
2547 1890 
2549 1186 
2553 3116 
2554 1186 3732 
2558 1384 1245 
2560 467 
2561 1243 
2563 535 1155 
2564 710 1804 221 
2565 1245 1804 
2566 535 1337 
2569 221 
2570 667 
2571 1337 3105 1336 1172 1804 
2572 1243 
2574 3607 
2575 2204 
2579 1245 
2580 3175 1384 535 1336 1245 504 3732 1243 
2582 1384 535 3205 1905 
2583 3116 
2587 535 
2588 1245 
2589 1384 
2591 535 1186 1172 3723 3732 3882 1243 
2592 1186 3732 
2594 1245 
2595 535 221 
2603 3105 
2604 1384 1337 1186 1243 
2606 1186 
2607 1337 1243 
2608 1337 1186 1811 3588 369 
2610 1337 3105 
2612 1245 
2618 1243 
2620 1245 2204 
2623 1337 1186 1245 1243 
2624 1905 
2626 1337 467 1172 3882 
2627 504 
2628 3205 504 369 
2630 1186 
2633 1814 1336 1245 
2637 1337 
2638 1245 
2640 1337 1336 1243 
2641 1337 
2642 1337 1172 1820 1243 
2644 535 1245 
2648 467 
2651 1245 
2653 535 
2654 3105 
2658 1814 1245 
2659 535 
2662 535 
2664 3205 1337 1814 1352 1245 1905 504 
2665 1337 
2666 1245 
2667 3175 1384 1336 1245 
2668 1245 
2669 535 1186 
2673 1172 
2675 535 1243 
2678 1186 467 3732 
2679 1186 2871 1890 
2680 1245 
2682 3105 1245 
2683 1337 467 1245 1890 1243 
2684 3175 
2687 1243 
2688 1245 
2690 1337 1186 1245 1804 1243 
2691 1804 2204 504 
2692 2871 
2693 1384 
2696 3882 
2698 1804 
2699 1337 3105 1245 
2700 3205 
2702 1186 2871 
2704 1337 
2707 3105 
2717 535 1336 
2720 535 1245 
2723 330 3105 1336 221 
2725 1243 
2729 156 1245 
2730 1337 3105 467 1245 
2732 504 1243 
2733 1245 1804 
2734 1890 
2736 535 1337 3105 467 1336 1245 3882 2368 
2737 1337 3105 
2738 1890 
2742 1384 535 3205 1245 1804 504 2258 
2744 535 1890 
2745 1245 
2746 3105 1245 2705 
2747 1155 
2748 1186 
2749 535 1337 1245 1155 221 
2750 1245 1890 
2751 1337 1245 
2752 3175 1186 1336 3732 1890 
2753 535 3105 1245 
2755 1245 
2756 1186 
2757 1245 
2759 1337 1245 3116 
2760 1814 1186 2204 
2763 1337 1336 1245 1804 1243 
2764 1186 
2767 1245 
2768 1337 1245 
2770 1245 
2771 2310 
2773 1245 3116 504 
2775 710 1336 1245 504 
2776 1384 535 2310 710 1337 1814 3105 1979 1245 1741 504 221 
2777 1245 369 
2780 1337 1186 3105 1820 1890 1243 
2783 1337 1186 1172 
2785 1384 1814 3732 1243 
2786 1337 1245 1890 
2787 1186 
2789 1243 
2792 3175 1384 535 3205 1337 1186 1336 1804 
2793 1245 
2795 504 
2798 1245 
2802 1245 
2803 1245 
2804 1186 
2805 1814 
2806 1814 1186 1155 
2808 1245 
2809 156 
2811 3105 
2812 1172 
2813 535 1890 
2816 1245 
2817 535 1337 467 1245 504 
2818 3257 
2819 663 1384 3205 1337 3102 1814 1155 369 3732 3607 1243 
2823 3105 1245 221 
2824 1186 1336 1172 
2831 330 1337 467 1245 
2832 1890 
2833 3732 
2839 1245 2204 
2840 663 1384 330 1337 1814 3105 467 1245 1172 1155 221 369 3882 
2845 1245 
2846 1384 535 3105 
2847 3861 1186 667 
2848 1245 
2850 3116 
2851 1384 3882 
2852 1245 
2853 1337 1186 3607 1243 
2856 1384 2204 1905 
2858 1352 1155 
2859 3205 1337 1336 1172 1155 3607 2368 
2864 3116 667 
2869 3882 
2871 1384 1814 467 1336 1245 1155 504 3882 
2872 156 3116 1804 
2875 2556 
2877 1186 156 1352 3732 2368 
2879 330 467 3607 1243 
2881 3882 
2883 535 
2884 535 710 1245 
2886 535 1337 1336 1741 2204 504 
2887 1384 2204 
2888 1337 1186 1245 
2889 2871 
2894 1337 1186 3105 1336 1245 1172 2204 3882 1243 
2895 2204 
2897 1384 1245 
2898 535 3205 1814 1352 1155 2705 
2899 1337 3105 
2900 1337 1245 504 
2902 1337 2204 
2906 156 1245 
2907 1384 
2908 1384 3205 991 1337 418 1935 1814 1186 156 1352 3828 1245 2592 1155 2204 667 1905 504 3732 3882 1890 1243 
2909 1245 3768 
2912 1814 1186 492 504 1243 
2913 1245 
2915 467 1245 1155 
2917 1384 330 1337 1814 3105 1245 1155 369 3882 
2918 1337 
2921 1337 
2922 1245 
2925 1384 1245 1755 2204 3882 
2927 467 1155 
2928 1384 1337 3105 1336 1905 3607 1243 
2931 1384 1337 1245 
2932 1384 1337 1245 
2933 535 1935 1245 1804 221 
2934 1352 
2937 535 467 1245 
2938 1384 
2940 535 1186 467 1245 2204 
2941 1186 
2942 2592 
2945 1337 1243 
2951 1337 
2952 1890 
2956 1337 
2961 1384 1186 1172 2871 
2964 3462 
2965 535 1814 1336 667 
2966 1186 1245 1172 1820 221 3607 1243 
2968 1935 
2969 1245 
2971 1384 1245 
2972 3105 
2973 1337 
2975 467 
2977 1337 369 
2980 1245 
2983 3732 
2984 1352 
2985 535 1337 467 1245 2705 504 3882 
2989 1336 1890 1243 
2993 3828 
2994 1384 1186 2204 
2995 1384 1935 667 
2996 535 1337 1245 
2999 1245 
3000 1384 2204 
3001 535 1814 1245 
3004 1243 
3006 535 
3008 535 
3012 3175 535 1245 1804 1890 
3013 1245 504 
3016 1384 1814 1245 
3017 1384 1337 467 2204 369 
3019 1337 1890 
3024 1245 
3027 1814 
3028 663 535 2310 1186 156 1979 467 1336 1245 3116 1155 504 3882 1243 
3029 504 
3030 1384 535 1935 467 1336 1245 1243 
3031 1384 535 2310 3205 350 1337 1935 1368 156 1979 2204 667 1905 504 
3034 1336 
3035 1186 
3036 1336 
3037 535 
3040 3882 
3041 1337 504 
3043 535 3205 156 1905 1890 
3044 1337 369 
3048 1245 
3050 1384 2204 
3052 1243 
3053 1337 1186 
3054 1384 535 221 
3055 3105 
3057 1245 
3058 1186 
3060 1186 
3062 1186 
3064 535 467 221 
3065 1245 
3066 1384 3205 1814 1811 3105 467 1245 3723 1155 1905 504 3882 1890 
3069 1172 
3071 672 1890 
3073 535 3105 1245 3116 1804 
3074 1337 1245 
3077 663 1186 
3078 1337 2556 1245 
3079 1384 1814 492 467 1245 1155 369 3607 1243 
3080 1384 1186 
3081 1337 
3083 3257 
3084 1243 
3086 3175 504 
3094 1755 
3095 535 1352 1245 
3097 3257 3732 
3098 1245 
3099 1384 1337 3105 
3100 1186 2204 
3102 3732 
3104 3689 1352 
3107 1337 1186 1804 369 1243 
3108 1172 3116 
3109 1186 2871 
3110 710 
3111 1245 
3112 3105 2204 
3117 1337 1186 1245 2204 
3120 1337 
3122 3105 
3124 1186 1245 2204 504 
3125 1384 1337 
3128 710 1352 1245 1905 
3134 1336 3607 
3139 1464 3689 1337 1352 1336 504 1890 
3140 1245 
3141 1337 1245 1243 
3142 663 1337 1155 
3146 1384 3105 
3147 3105 
3149 1384 
3153 1352 
3157 3105 1155 1804 2204 504 3607 2368 
3158 3175 3205 3105 1155 
3160 1245 
3162 1384 276 535 1337 1186 1245 1155 504 1890 
3165 1245 
3166 1337 467 1245 
3167 3116 
3168 2592 
3170 1172 1155 
3171 330 
3175 3116 
3177 1245 
3179 1337 1814 504 
3181 2310 1337 1336 1172 1905 504 1243 
3183 330 
3184 1245 
3186 1186 
3187 1245 
3188 535 2556 1245 1755 
3189 1384 
3190 1384 535 1245 
3191 1814 504 
3194 1337 1245 
3195 1384 535 1245 
3196 467 
3198 1245 2204 
3200 1814 1186 3732 1243 
3202 1245 3882 
3203 1245 
3204 535 1336 1245 2204 221 
3205 1245 
3206 1814 
3209 1186 1336 1172 3116 1890 
3210 467 1245 
3212 1337 1744 1245 
3213 3732 
3214 3732 
3215 1337 1336 3732 
3216 535 1336 1890 1243 
3217 3105 3723 3732 1890 
3218 1245 
3223 1384 535 1337 1814 467 1245 1755 1155 1890 3607 
3225 1155 
3226 535 1337 1814 1890 
3227 1243 
3228 2705 3882 
3229 1384 1337 1352 
3231 3105 1245 
3232 1814 3882 
3234 3105 
3236 1245 
3239 467 1245 
3242 467 1245 
3245 276 3116 504 
3252 1337 
3253 535 
3258 535 1979 467 221 
3259 1337 1243 
3260 1337 1186 3105 1336 1245 1155 369 
3262 1186 
3264 1384 1337 1155 
3265 1186 3116 3882 1890 
3266 3105 467 1245 667 
3268 1245 
3269 1186 
3270 276 535 1979 3116 1890 1243 
3271 535 418 1245 2204 504 1243 
3273 3371 
3275 1804 
3276 1337 3105 
3279 1337 3105 
3280 1186 1245 
3284 1384 1337 1814 3105 1336 1155 2204 504 3882 1243 
3291 1186 1741 2871 221 3732 1890 1243 
3292 3689 
3296 535 
3298 1186 3105 1352 1245 1172 504 2368 
3299 3732 
3300 1384 1186 1243 
3303 1245 
3304 3205 
3305 1186 1243 
3307 535 710 1979 1245 
3308 1814 1245 221 
3309 1336 
3310 1384 535 1336 2204 
3311 1384 2204 1890 
3312 3175 1337 1186 1245 
3313 1384 3768 1905 
3314 1384 1245 2204 
3317 1337 
3319 535 710 1804 221 
3322 3175 1245 
3324 1890 
3325 1155 
3326 1384 3105 467 3257 1245 2204 369 
3327 535 710 1337 467 1245 3723 504 
3328 1337 1186 
3329 1336 1890 
3330 1890 
3332 1243 
3335 1337 467 1243 
3338 1245 
3339 1245 3116 
3340 1337 
3344 535 1245 
3345 3175 2871 3607 
3347 3175 
3348 1337 1245 
3352 1245 
3354 1243 
3355 1186 
3357 535 504 1243 
3358 1337 1245 1243 
3360 1243 
3362 1245 1755 1890 
3363 504 
3364 535 3689 467 3116 
3366 330 1337 3102 1172 3732 
3369 1337 1186 
3370 330 1186 3105 1245 
3371 3732 
3376 1384 991 2204 
3377 1979 1245 
3378 1890 
3379 1245 1172 
3383 1186 3732 
3384 667 
3385 1814 
3388 1337 1186 1336 504 
3389 1245 3116 1890 1243 
3390 1384 535 3689 710 1337 1935 1186 1979 467 1336 1245 1741 667 504 221 369 
3392 1186 1245 1243 
3393 1337 1186 
3398 1337 
3399 1352 
3400 3175 467 1352 1245 2204 
3401 1186 
3402 1337 3723 2204 667 
3406 1337 
3409 1384 1337 1890 
3410 3105 
3411 1384 1337 1352 3828 1245 504 3882 
3412 1186 
3413 3205 1352 1245 2204 667 
3414 1814 467 1245 
3415 1384 1245 2204 
3417 1155 
3418 504 
3419 1384 1172 504 
3421 2871 
3422 535 
3423 467 
3424 1337 467 1245 1172 504 369 1243 
3425 1384 1186 
3426 1337 
3427 535 1337 1245 1804 1890 
3428 1384 
3429 535 1186 467 1245 1243 
3431 1245 
3433 1245 
3434 535 1245 3732 
3435 1243 
3440 3882 
3443 1814 
3444 1186 
3446 3116 
3451 1245 
3452 1337 1186 1245 
3453 1384 535 1814 1245 1804 
3454 1155 
3456 1243 
3457 535 1337 156 1755 
3461 1384 1337 1245 2204 1905 
3462 3105 
3463 535 3205 3105 504 
3466 1245 
3468 1384 1186 1245 
3469 1814 
3470 1337 1186 467 1336 1245 
3472 1336 221 
3473 3105 1336 1245 
3474 535 1337 1186 1245 504 1243 
3475 535 1186 3732 1890 
3476 3105 
3480 3105 1336 1245 
3482 3205 1337 1186 1245 2204 504 3882 1243 
3484 1243 
3486 1337 1186 1336 1245 3116 1155 369 
3489 1336 1245 1243 
3490 1911 1384 2310 3205 710 1337 1979 1245 1804 1905 3732 1243 
3494 3882 
3498 3689 2556 1245 
3500 1337 467 221 
3502 1384 1186 3105 1245 369 1243 
3503 1384 3105 
3504 1814 
3505 3105 
3506 535 1337 1186 3105 467 1336 1890 1243 
3508 3105 
3511 1186 1352 1245 
3512 1337 1245 
3517 1384 1337 1814 467 1245 1155 2705 1890 
3518 276 1419 1337 1814 467 3116 2705 504 1890 
3519 467 1245 1155 
3520 1186 1245 2871 
3522 1337 
3523 1245 
3524 1384 
3525 1384 1337 1935 1814 1243 
3526 504 
3527 1384 
3530 3882 
3531 3175 1336 
3532 369 
3537 1384 1337 1245 2204 
3538 1384 535 2310 3205 710 1337 1814 1979 1336 2556 1245 1755 1155 2871 
3539 3105 2204 1243 
3542 1186 
3545 467 2871 
3546 1890 
3549 1186 1336 2204 1243 
3553 1384 3607 
3555 2204 
3556 1384 535 1935 3105 467 1245 
3557 535 3205 3105 1755 
3559 1336 1245 504 
3560 3175 467 1245 1890 
3561 3175 1384 1337 1935 1245 3111 
3563 1384 3116 
3565 1186 
3567 1243 
3570 1890 
3573 3105 667 3732 
3574 1384 3768 
3575 1337 1352 
3576 535 
3577 1814 1245 
3581 156 
3584 1337 1245 
3587 1337 1336 1243 
3588 3175 1352 2204 667 1890 
3589 1384 3205 1337 1935 3105 1755 504 
3590 1384 1814 
3591 3175 1814 1186 504 221 1890 
3592 1245 
3595 1172 
3598 1337 1245 
3599 3175 1384 535 1337 1890 1243 
3600 535 1337 1890 
3601 3105 
3603 1245 
3604 3105 
3605 3116 
3606 3175 1186 
3607 467 1155 
3609 1245 2204 
3610 535 1245 504 
3611 535 1245 1155 1243 
3614 1186 
3617 535 1337 1186 3105 1336 1245 1172 3116 504 369 3607 
3619 1384 3116 
3620 1337 1352 3116 1243 
3621 3175 467 
3622 2871 
3623 1337 3105 1352 1245 504 
3624 1337 1245 
3625 1384 535 3205 1337 1186 1979 2204 667 1905 
3626 3723 
3629 1243 
3634 1245 2871 
3636 3105 
3637 1186 1890 
3639 3116 
3640 1337 1814 467 1245 1890 1243 
3642 1186 1245 
3647 3105 1245 2204 
3649 3175 535 350 1814 3105 1336 1245 2204 221 1243 
3650 1384 1337 1186 2204 
3651 1245 
3652 1337 1245 
3653 2204 
3655 3105 
3656 1245 2204 
3657 3175 3732 
3658 1337 1245 
3660 1245 
3662 2204 
3666 1245 
3672 1337 1245 1243 
3673 1186 1245 
3674 1337 1186 3105 467 1336 1245 1172 2871 1243 
3675 504 
3676 1384 
3678 1979 1245 1804 2204 
3680 535 3205 1337 1245 2204 1905 
3681 535 
3682 1384 1337 1245 504 3732 
3683 3105 1890 
3684 1384 467 1245 2204 369 3882 
3686 1337 
3687 1186 1336 1245 1155 1243 
3689 1384 
3690 1186 2204 1890 
3692 1337 467 1336 1155 
3694 1979 467 1245 221 
3695 1245 504 
3696 1186 
3703 1337 467 1336 1245 
3704 3175 1384 535 3205 1814 467 3116 504 1243 
3708 535 
3709 1935 
3711 1245 
3712 535 1245 1755 
3714 1352 
3715 1337 1245 1741 2204 
3716 1245 3882 
3717 1245 3732 
3718 3105 
3719 535 3205 1155 
3723 535 1186 1245 504 
3724 3116 
3725 467 1245 
3726 1186 467 1245 1155 1243 
3728 1384 276 1337 1814 467 1336 504 1243 
3731 1186 1245 2871 
3734 1337 1245 
3736 1384 1337 
3738 3116 
3740 1245 2204 
3741 2204 
3742 535 
3745 1243 
3750 3175 535 1186 1890 
3751 1337 1245 
3752 1337 1172 
3753 3175 3732 
3755 535 710 1337 156 1352 1245 504 
3756 1245 
3758 535 
3759 2258 
3760 1186 
3761 418 2592 2871 369 
3762 1245 
3764 535 3116 
3766 1890 
3767 1384 1337 3105 1352 1245 1172 1890 1243 
3768 1384 1337 1186 3105 1245 1755 
3769 467 1336 1245 1890 
3770 1384 1935 
3772 1245 
3777 535 
3779 1186 1352 
3780 1337 
3781 1890 
3783 1337 
3785 1336 1245 
3788 1337 1245 369 
3789 1245 
3791 1384 535 710 1368 1336 1245 1741 3116 1804 2204 504 
3793 3105 
3795 3175 535 3105 1243 
3798 1352 
3800 1384 2258 
3803 1384 1186 1905 3607 
3806 1384 1337 1905 2258 
3807 1384 710 1243 
3809 1186 
3812 1337 
3815 535 
3818 1814 3105 3257 
3820 1186 
3821 1337 
3822 3205 3689 1186 1741 3723 2204 504 3732 1890 1243 
3823 1905 1243 
3824 3732 
3826 1741 3723 
3828 1384 2871 369 1890 
3829 1337 1336 
3830 1804 
3832 467 2556 2084 2204 
3833 1384 2310 3371 710 1337 1935 1814 156 3105 1336 1245 667 3111 
3835 1337 1814 1245 1804 1890 2258 
3836 1384 504 
3837 3116 
3840 1384 1337 1186 467 3508 1155 1905 221 369 3607 1243 
3841 1337 1814 467 1245 1905 221 3732 3607 
3843 1911 3689 1935 1368 3105 1905 2258 
3847 1243 
3849 1337 467 1245 1755 3116 504 
3851 1186 1890 
3852 1384 3205 467 1245 1804 2204 1243 
3853 1337 
3857 3175 156 1245 1890 
3858 2204 
3859 1890 
3860 504 
3862 1905 
3863 1186 1243 
3864 3105 
3865 2204 
3867 1337 1755 980 
3870 1245 
3873 1352 
3876 1172 369 
3877 3205 467 1245 3508 1905 1890 1243 
3881 1336 504 
3882 1245 
3883 1245 1172 1820 1155 2705 
3884 1186 1172 369 1243 
3885 1337 
3886 1186 467 1245 1155 
3887 1186 1245 
3888 1172 
3889 467 1245 
3891 1186 1245 221 
3898 3105 
3899 535 1755 
3900 3111 
3901 3205 3371 2204 
3903 2204 
3904 1186 
3906 535 
3907 1243 
3909 1186 221 
3911 1186 
3912 1384 535 
3913 1337 
3915 1814 3105 467 1245 1820 221 1243 
3916 1245 
3920 1384 504 
3921 1814 
3924 3105 
3926 1337 
3928 1337 1245 1155 
3929 1186 1245 3732 
3930 3732 
3932 1245 
3933 1245 
3934 3105 467 
3936 2204 
3938 1186 
3939 535 3689 1337 1814 1172 1890 3607 1243 
3941 1337 1243 
3942 504 
3944 535 1336 1245 504 3732 
3945 1245 3116 
3946 1384 
3947 1245 
3949 467 
3952 467 1245 2204 
3956 535 1337 1186 1245 667 504 1890 1243 
3957 535 1245 667 504 
3960 1905 
3961 2204 
3962 535 1337 1186 3105 1245 504 1243 
3964 1384 1245 667 1243 
3966 535 
3969 1337 3882 
3970 535 3205 710 1337 1245 
3972 3732 
3973 3257 3732 
3975 1336 1245 1890 1243 
3976 1337 1245 
3977 3175 1172 1243 
3978 3257 
3980 535 1336 1245 3723 1155 3732 
3981 1186 
3982 467 
3984 492 1804 
3986 3105 
3987 1814 1245 
3988 535 504 
3991 535 3205 1979 1352 1245 667 
3992 2204 
3993 1352 
3994 1245 
3996 991 2204 667 
3998 1384 3105 2204 
4000 535 3116 3508 1905 504 
4004 535 1337 1245 3508 2705 1243 
4006 1337 1186 1336 1245 
4008 1384 1337 1905 
4010 1337 
4013 667 
4015 3175 1172 
4016 3105 3116 
4020 3175 1935 1186 1979 467 1245 2592 3723 2871 
4021 467 
4024 3882 
4025 1243 
4027 1384 3205 710 1814 3105 467 3257 1245 1155 2084 2204 221 
4030 3607 
4031 1186 2204 
4032 535 710 1337 1336 3257 1245 2204 504 221 
4033 1336 1243 
4035 1814 467 
4040 1935 3105 467 1245 3768 1905 
4041 1384 1890 
4042 1384 
4044 3723 3732 
4045 1337 
4047 3175 710 1979 667 
4048 3205 2592 3723 
4049 1245 
4050 3105 
4052 1384 350 1337 2556 1905 1243 
4053 3175 350 1186 1245 1741 1243 
4054 1814 1245 1155 
4057 1384 1814 1186 1804 
4058 1384 
4059 1384 1337 1905 
4061 1384 1337 1336 1245 2204 
4063 3175 467 1245 1172 
4066 1890 
4069 1243 
4070 1337 1245 1243 
4071 1337 1186 1245 
4073 710 
4076 3175 535 1352 1245 
4077 1337 
4078 535 3732 1890 
4081 276 535 
4082 3175 1245 2871 3732 
4083 3105 3723 3116 3732 3882 
4084 1384 3205 1337 1979 1744 1741 504 
4085 1384 535 156 1979 2204 667 
4087 1337 1336 1155 
4088 535 3205 1337 418 3105 1352 1741 2705 1905 504 
4089 3175 3102 1186 3732 1243 
4092 1337 1172 
4093 3205 3689 1337 1245 3732 2258 1243 
4095 1245 
4096 1384 1245 
4097 710 
4098 1337 1245 
4099 3723 3732 
4101 1384 
4102 1890 
4103 1384 
4106 467 1352 1245 2204 
4109 1186 
4111 3175 1384 710 1186 1245 3732 
4114 535 1352 2204 221 1890 
4115 1337 1336 3116 504 3882 1890 
4116 1384 
4117 1337 1245 1243 
4118 3732 
4121 3105 467 1245 1155 1243 
4123 1245 
4124 1337 
4125 1384 535 156 
4127 1814 
4128 3732 
4129 1352 
4132 1245 221 
4133 3723 
4136 467 
4138 535 1337 1814 1336 369 3732 2368 
4139 535 1337 1186 1336 1245 1890 1243 
4140 1384 1337 1814 3105 1245 504 
4143 1186 
4144 1890 
4145 1337 1243 
4148 1336 
4149 350 3105 
4152 1245 
4153 1245 
4155 991 1165 1243 
4156 1890 
4160 3116 3732 
4161 1755 504 
4166 3175 1186 467 1245 2204 3732 1243 
4167 1337 3105 1336 
4168 3175 1384 276 535 3689 330 1337 3102 1814 1186 3105 1336 1245 1172 3723 3116 1820 1155 2871 667 504 221 369 3732 3882 1890 1243 
4170 1384 1337 
4171 3105 
4176 1384 1337 1172 2204 
4177 1245 
4178 1245 
4182 1337 467 1245 1804 2204 
4184 1905 
4185 1979 1245 221 
4186 3116 
4189 1352 1245 
4192 1337 3732 1243 
4193 1814 1245 
4194 1186 
4202 1337 3105 
4203 1337 1245 1890 1243 
4206 1186 1890 1243 
4211 1243 
4212 991 1186 1352 1245 
4213 3105 3116 
4214 1337 1245 1155 
4216 1384 535 3205 1337 467 2204 504 
4217 535 
4219 1245 
4221 667 
4223 3175 535 1245 
4224 1337 1155 
4225 1245 
4226 1384 710 1337 1245 2204 504 1243 
4229 3723 
4230 1245 
4233 1186 1245 
4234 1337 3116 
4236 1337 
4237 1384 1337 1186 2204 1243 
4238 504 
4240 3116 3732 
4241 535 1245 
4244 2592 
4249 535 350 3105 467 1804 
4252 1337 1186 504 3732 1243 
4256 535 1245 
4257 535 1245 1890 
4259 1186 504 
4260 2204 
4261 1352 
4263 535 
4267 221 
4268 1172 
4270 1245 
4276 3175 1384 276 3205 3689 235 991 1337 418 1493 1814 1186 1811 3105 467 1352 1336 2556 1245 2592 1172 3116 1820 1155 1165 1804 2204 667 504 369 3732 3882 3607 1243 
4278 1245 2204 1905 
4280 535 3732 
4282 980 
4283 2204 
4284 535 710 991 156 1352 2204 667 
4285 1186 1243 
4286 3205 
4289 535 1337 
4297 330 1493 1245 
4301 535 1352 3116 504 
4302 1245 1172 1243 
4304 1337 1245 2592 2204 1905 504 1243 
4306 1245 
4308 535 1337 
4309 221 
4311 1384 1337 1814 1905 3882 1243 
4312 504 
4314 1384 156 504 
4315 1337 
4316 1186 
4317 535 1814 1245 504 
4321 3175 1243 
4325 221 
4326 1186 1352 3116 
4327 3175 1337 1186 1245 1243 
4328 1384 
4329 276 1890 
4332 1352 
4333 1384 3689 
4334 504 
4335 1935 667 
4336 1911 1245 3768 1243 
4339 276 
4341 3508 2084 2204 1905 2258 
4342 3205 
4343 3689 330 1337 467 1336 2204 667 1243 
4344 3175 1155 
4350 1352 2204 
4351 1384 156 3105 2204 
4352 2556 
4353 3175 1384 1352 1245 2592 667 1243 
4355 1186 3607 1243 
4360 1245 
4361 1820 
4362 1186 156 
4367 1384 
4370 3105 
4371 3105 
4372 535 1337 3732 
4373 1935 3105 
4374 1384 2310 710 1337 418 1935 1245 667 1905 504 
4375 1245 
4376 991 
4378 1337 1336 1245 504 221 
4380 1336 1245 
4381 1384 3105 
4382 3257 
4383 535 1890 
4385 1337 1186 3257 1245 1243 
4386 1384 276 3205 1336 1804 504 
4387 535 991 1337 1814 1352 3257 1245 2204 504 
4388 1243 
4389 535 1245 
4395 1245 
4400 1172 
4403 535 504 
4405 1352 
4406 1245 1755 667 
4407 330 2871 1890 3607 1243 
4410 1384 1186 467 1336 1245 1755 1804 1890 2368 1243 
4411 1814 
4412 3723 3116 1890 
4413 535 1245 
4414 3105 
4416 2204 
4417 330 1245 1155 2871 369 
4419 1186 
4421 1384 3105 1905 
4424 3175 1337 1186 504 1890 1243 
4425 1245 
4426 1245 
4427 1384 
4430 504 
4432 1172 
4435 1337 1245 3116 
4436 3175 
4437 1186 
4439 1384 
4440 3105 
4441 3732 
4445 1384 467 1245 
4446 1814 1186 1245 1155 221 3732 3607 
4447 1384 535 3689 991 1337 1814 3105 1245 1905 3882 1890 1243 
4448 535 1336 3257 3882 
4450 1337 467 
4451 1245 504 
4455 1337 1814 1172 1155 
4456 1337 1245 1243 
4457 156 1245 
4458 1186 1336 1245 
4462 3175 1804 
4466 1814 2230 3732 
4467 1336 
4469 535 3205 1352 1245 
4470 1186 3105 1245 
4471 535 1352 1245 3508 1890 
4472 1186 1245 369 1243 
4474 1245 
4477 1186 1245 
4479 1337 1172 369 1243 
4480 1384 1337 
4481 3175 1384 535 235 350 1337 1814 467 1172 1905 504 221 369 3732 1243 
4482 535 3508 
4483 1186 1352 1245 
4484 1336 
4488 1814 3105 1245 1155 
4489 1337 1186 1890 
4490 2204 
4495 1384 
4497 3105 1890 
4498 710 1337 3105 
4499 3105 
4501 1337 1804 504 
4502 3116 
4504 535 1337 1245 1905 
4505 3175 1186 1336 1245 3723 3732 1243 
4506 1979 1741 2204 
4507 3689 330 1337 1935 1814 1186 467 1245 1172 1820 1155 3607 1243 
4508 1337 
4509 3732 
4510 3105 3607 
4511 535 1243 
4513 1384 
4515 3105 
4516 3105 
4517 1245 
4519 1384 1337 467 1905 1243 
4522 235 1245 
4523 1245 
4524 1186 
4525 1186 1172 3607 1243 
4530 1186 3105 
4531 1243 
4532 504 
4534 535 2310 467 1245 1755 2204 
4536 1336 
4542 3175 1384 1337 1814 1186 1245 1155 
4548 1384 
4549 2204 
4551 1337 
4552 1186 1352 
4554 3105 
4555 1245 
4558 1245 
4559 1337 1245 3732 
4560 535 1245 1804 
4561 535 3105 467 1245 1155 
4567 535 3105 1890 
4568 2204 
4571 535 
4572 221 1243 
4573 369 
4576 3732 
4577 1384 3205 1814 1336 2204 504 1243 
4578 535 1186 1245 504 3732 
4579 330 3105 1890 
4580 1245 
4584 1935 156 2556 2204 2258 
4587 1245 
4588 1245 
4590 1384 3105 1245 2204 221 
4592 1245 1172 3116 3882 2368 1243 
4593 1172 
4594 1172 
4597 1804 3732 
4599 1337 3105 
4600 2204 667 
4601 1155 
4604 1337 
4605 1245 
4606 1186 3105 1336 1245 1243 
4609 1245 
4610 1336 1172 1890 
4615 3105 
4618 467 1890 
4619 504 
4623 1245 
4624 1337 
4625 535 1814 3105 467 1245 1155 
4627 1764 
4628 1755 
4632 235 667 
4633 3105 3116 
4634 2310 1245 1755 504 
4636 3175 1337 1245 2204 667 
4644 3175 221 
4646 3205 330 1337 1186 1741 1172 1820 369 1243 
4647 3105 
4649 1245 
4650 132 
4652 3116 504 
4655 1337 
4657 1186 1905 
4658 535 1337 3116 3508 504 
4660 1186 
4661 535 
4662 221 3732 1890 
4665 3723 504 
4666 1243 
4668 1186 1890 
4671 3105 
4672 3175 535 1814 1186 1352 1245 221 1890 
4673 2310 1979 
4674 535 1464 
4675 1172 
4678 3105 3116 1890 
4679 1337 467 1172 504 3607 
4681 1337 1814 1811 467 1245 1155 504 3882 3607 1243 
4685 1186 1245 1243 
4686 1337 504 
4687 1243 
4688 1336 
4689 156 
4690 3732 
4696 156 
4697 3116 
4700 1814 1245 
4704 535 1804 
4706 1245 
4707 1337 504 
4709 3732 
4710 1245 
4714 1384 1935 467 
4716 1186 3732 
4717 535 1245 
4718 667 
4724 3175 2556 2204 
4725 535 1337 467 
4726 3257 
4727 1384 1493 1186 
4728 1337 1814 3105 1336 504 1890 
4729 3723 3732 
4731 1337 1186 1905 369 3607 1243 
4733 1337 1186 1352 3732 
4735 1337 1336 1245 1804 504 1243 
4736 1172 
4737 1337 1186 3723 1243 
4741 1337 
4743 710 
4745 1804 
4746 1804 
4747 3175 535 1337 1245 504 1890 
4748 276 3116 
4749 1979 1245 2204 
4750 3105 3882 
4751 1245 
4753 2310 1979 1245 1905 
4754 1890 
4755 3105 
4760 3105 
4761 1245 
4762 3116 
4764 1186 1243 
4765 3105 3116 
4767 156 
4770 1337 3105 467 1172 369 1890 
4772 535 504 
4773 3205 1243 
4778 1186 1336 1245 1243 
4779 1337 1172 1820 
4781 276 
4783 1814 156 1336 1245 2084 3732 
4784 535 1814 1245 1804 221 
4785 535 3205 1186 1245 504 
4787 535 
4788 535 3205 1337 1336 1245 1804 
4789 875 467 2204 369 
4790 535 2310 1186 1245 1243 
4793 1890 
4794 1337 1172 
4795 1814 1155 
4796 710 1245 
4800 1384 1368 1741 2204 1905 
4801 3175 1337 1814 1186 1336 3257 1245 1741 3723 1155 369 3732 3882 1243 
4802 1890 
4804 3105 
4805 1352 
4806 1245 
4807 276 1979 2556 2204 
4808 1336 1245 1172 1890 
4812 3175 1245 
4814 1337 1186 
4815 535 3689 330 710 1337 3105 1336 221 1890 
4818 535 3205 3689 710 156 
4820 1384 3205 1337 504 
4822 504 1243 
4823 3116 1243 
4825 1890 
4828 535 1814 1186 1245 
4829 1352 
4830 1337 1186 1245 1155 3882 
4831 1245 
4833 1337 1186 1245 3882 1890 
4836 1384 1935 
4840 1337 
4843 1337 
4844 1337 467 1755 
4846 1172 
4848 1245 
4851 1337 1186 1243 
4853 1243 
4857 1186 3882 
4858 504 
4860 1186 504 1243 
4862 1245 
4863 1245 
4864 1337 1186 1243 
4866 1384 535 3105 467 1245 3508 1155 2204 
4867 1337 
4868 1337 3105 504 
4869 3462 1814 1155 
4870 1935 
4872 1186 
4874 3105 
4876 1245 
4877 535 
4878 1384 2592 1243 
4879 3116 
4880 3116 1890 
4881 1890 
4883 1337 1186 1245 1243 
4884 1186 
4886 1337 3105 1336 1245 504 
4887 663 3462 1186 1243 
4888 1337 3105 1352 1245 
4889 1336 1890 
4890 1245 
4894 3116 
4896 1243 
4897 330 1186 467 1245 3607 1243 
4898 1186 221 
4900 1186 
4903 1337 1352 1245 2592 1172 1804 369 3607 1243 
4905 1804 
4907 3205 467 
4909 3105 2204 
4914 1384 1337 
4916 1814 
4917 1337 2204 
4920 1245 369 
4921 1245 
4923 1337 
4924 1245 
4925 535 
4926 1336 1245 
4927 3205 3105 
4929 1186 
4930 1890 
4931 1245 1155 
4932 1245 1155 
4933 1245 
4936 330 1337 1811 3105 
4938 3105 1243 
4939 3102 667 369 2368 
4940 3116 
4941 1337 1186 1245 1243 
4944 1337 1245 1804 1243 
4945 1186 
4946 1186 1245 
4947 1186 3105 1245 1172 1890 1243 
4948 1337 
4949 1186 1245 1172 1155 3732 
4950 1337 
4951 1337 
4952 1245 504 369 
4953 1245 
4954 3723 
4955 1186 3105 1243 
4956 1336 1245 1155 504 
4957 1384 1186 467 1245 2592 
4958 1243 
4960 1243 
4961 1337 1245 504 221 1890 1243 
4962 535 
4963 1337 467 2871 1890 3607 1243 
4964 3105 
4966 1814 
4971 1245 2871 1905 3607 
4972 3175 1186 
4974 1245 1804 1243 
4978 467 1245 1155 
4979 1337 1814 1245 504 1243 
4980 535 1337 1336 1245 2705 
4983 1172 504 
4984 2204 
4986 3205 
4988 1337 1243 
4989 1172 
4993 3607 
4994 330 1814 467 
4996 1820 
4999 535 3205 1814 1352 1245 1905 504 
5000 535 1245 2204 
5001 1337 
5004 535 667 504 2368 
5006 1804 
5007 1337 1243 
5009 1243 
5010 1384 535 1935 1245 
5014 3175 535 1337 1186 1245 1172 1804 2204 221 369 3732 1243 
5017 1186 1245 1890 1243 
5018 1186 
5019 1186 1352 
5020 1337 1186 1243 
5024 1337 
5025 535 1337 221 1890 1243 
5028 1384 1245 
5029 3105 
5030 1337 
5031 1245 
5033 1337 
5034 535 
5035 3105 1890 
5036 535 
5041 3205 1337 1336 1245 3607 
5043 1336 1245 
5045 330 1337 1814 1245 1172 1155 369 1243 
5046 1337 467 1245 369 
5047 1186 1890 
5048 1245 3882 
5051 1186 
5053 535 1337 467 1245 2871 369 1243 
5054 1245 
5055 3175 535 1245 
5060 1245 667 
5062 535 1245 1890 
5063 1243 
5064 535 1245 1890 
5065 3116 
5066 1186 
5069 1186 1245 1155 2204 1243 
5071 1352 
5073 3175 1384 1337 1186 3105 3257 1245 1155 2204 369 3882 
5076 330 3102 492 
5077 1352 
5079 3116 
5081 1186 3607 
5082 535 1245 1804 504 
5083 467 
5084 3175 1337 1245 
5085 1337 
5086 1384 1905 3882 1890 
5089 467 1336 1245 1172 369 
5090 1186 1245 504 1890 
5091 535 
5095 330 
5096 1186 3257 1890 1243 
5097 3175 
5098 1911 1384 1814 3105 
5099 710 3102 418 1186 3105 1979 1245 3116 1155 504 369 3882 1890 1243 
5100 3689 
5101 1337 
5102 991 1352 2084 
5105 1245 
5106 1814 1336 1245 2368 
5107 3105 467 2368 
5110 3205 350 1337 1814 1245 2871 504 221 3607 1243 
5112 3723 2871 1243 
5113 1979 
5115 3105 1245 
5119 1337 1186 1890 
5120 1245 
5121 1245 
5123 467 
5129 1186 
5130 535 1337 1186 1245 221 
5132 3105 3116 1155 
5134 1245 
5135 1384 504 221 
5136 1384 1935 3105 
5137 504 
5138 535 1337 1890 
5139 1245 2204 221 
5141 235 
5142 3105 1245 
5146 369 
5148 3105 
5149 1245 
5152 535 1337 1245 1243 
5154 1905 
5155 3175 1337 3105 1336 1245 1820 369 1243 
5157 1384 1186 1905 1243 
5160 1337 
5162 3175 535 1337 1814 3105 1245 1155 667 2705 221 
5163 1186 
5165 1172 
5166 3689 
5167 1245 
5168 535 504 
5169 1337 
5171 535 330 1186 156 1245 1172 2204 369 
5172 2204 
5175 1814 
5177 3175 3105 467 1245 1890 
5179 1245 
5181 3175 156 
5183 1337 3105 467 1245 369 
5188 1186 
5190 504 
5191 1890 
5196 3588 
5197 3105 1245 
5200 1337 1245 
5204 1384 3882 
5207 1337 
5208 2454 
5214 1186 
5219 3175 1384 235 1337 3105 2454 1243 
5221 535 467 1820 
5222 1384 1243 
5224 1384 3105 
5226 1384 
5232 1384 1245 
5233 1245 
5234 1245 
5235 1337 
5238 1337 1245 
5239 535 
5245 3105 
5247 535 
5248 535 3205 3257 
5249 1336 1245 667 
5250 1245 3116 
5254 1337 1186 
5255 535 350 1186 1336 3116 1890 
5256 1245 
5259 1245 1243 
5260 1243 
5261 3105 
5263 1384 1245 
5264 330 1337 1186 1245 
5265 1337 
5267 1384 3205 1245 
5270 1186 1890 
5272 3102 1336 1155 
5273 1337 
5274 504 
5276 3175 1245 
5279 3105 
5280 535 1245 
5281 710 1814 1245 3116 
5282 3116 
5285 1814 1245 
5286 535 1245 
5287 3116 
5288 1186 467 1172 2871 3607 
5289 1384 3105 
5292 1245 
5299 3175 1814 1186 467 1172 221 
5300 504 
5301 535 
5303 3116 3882 
5304 1384 3105 1336 
5305 535 1814 467 1336 1245 1755 1155 2204 504 1890 
5309 2871 
5310 1186 
5311 1384 535 1935 1814 1186 3105 467 1245 2454 2204 667 221 
5314 1890 
5316 535 1337 1186 1245 2705 504 1890 
5318 1352 1336 2556 2204 
5320 1337 1186 1172 504 221 
5322 132 1245 1172 
5323 1337 1186 1245 
5326 1243 
5328 3175 1337 1814 1186 1336 1245 2871 1890 1243 
5330 504 
5331 2204 
5332 3175 535 1755 1804 221 3882 1890 
5334 1186 1336 1172 
5336 1186 467 1352 221 
5339 1337 1336 1755 
5341 535 
5343 663 535 1814 1186 1243 
5344 535 467 1245 2204 
5346 3205 1245 
5347 1935 
5348 535 1186 1336 1245 1804 369 1890 
5349 1186 3105 
5351 467 1245 
5354 1245 
5358 1186 1245 1172 2204 504 3882 
5360 535 156 1890 
5363 1384 535 1755 
5364 1814 467 1755 
5365 467 1245 
5366 1337 1814 1186 3105 1336 1245 1820 1243 
5368 330 3105 1245 369 
5370 3105 1245 369 1243 
5371 3205 
5374 1155 
5375 1337 3105 3116 2204 1243 
5377 3105 1890 
5381 2204 
5385 3205 1245 
5386 1384 1337 1336 1245 1172 3116 2204 504 369 
5389 1186 1741 2204 
5391 535 
5392 1243 
5393 1337 3105 467 1336 1245 1155 3732 
5394 1245 
5396 1245 3607 
5397 3116 
5400 3105 
5402 3105 
5403 1245 
5404 3882 
5406 3607 
5411 1186 3116 221 
5412 3105 369 
5417 1384 1245 
5421 1755 2871 221 
5423 1245 1890 
5425 1384 2204 1905 
5426 1337 
5427 1384 1337 1245 1755 1804 
5428 1336 
5429 535 1755 
5431 3102 1245 1243 
5432 1384 1337 1814 1245 1155 2204 
5433 467 1245 1172 
5434 1337 
5435 2204 
5436 1337 
5437 1245 504 
5439 1245 3607 
5440 1245 1243 
5441 1337 1245 
5442 1935 1336 1245 221 1890 1243 
5444 1337 1245 369 
5445 1186 
5446 3175 330 
5447 467 1245 
5448 3257 
5449 1155 2368 
5450 2871 
5451 1755 
5452 1337 1804 
5455 3175 1245 
5456 467 
5457 1337 1814 1186 1245 3116 1820 
5458 1384 
5459 1186 
5461 1245 
5462 1186 
5463 1245 3607 
5465 1337 1172 2871 
5467 1384 3105 369 3607 
5471 1186 2084 
5472 1337 1245 
5473 1245 
5474 1337 1245 3882 
5477 535 
5478 535 1155 
5481 1814 1186 1245 2204 504 1243 
5482 535 1337 1336 1245 221 
5483 1243 
5487 504 
5488 504 
5490 467 1336 1245 504 
5491 1384 535 
5492 1337 1814 467 1336 1155 504 
5493 3205 1186 1245 
5496 2204 
5497 1337 
5500 535 467 1245 1155 1890 1243 
5501 1245 3116 
5502 1337 
5503 3371 991 1814 1186 156 467 2084 667 1243 
5508 330 
5510 3175 535 1337 1186 1352 1336 1245 1172 2871 369 1890 
5511 535 1814 156 667 
5513 3105 
5515 1337 2204 
5516 663 3102 1186 2871 
5517 1352 
5518 1755 
5519 1337 1245 
5521 3205 1336 1245 1172 3607 
5522 3175 1245 2204 667 1890 
5523 3175 
5525 1337 369 
5527 1186 
5529 1337 467 1890 
5533 1352 
5534 3105 1820 
5535 1337 369 1243 
5536 1186 
5538 3175 1186 1245 1172 1155 3732 
5541 1186 
5542 1245 2204 2368 
5544 1352 1172 
5546 535 1755 
5547 3105 
5549 3175 535 3205 1337 1245 1755 1890 1243 
5550 2871 
5552 1741 1804 
5554 1384 467 
5555 467 1245 1755 
5556 1336 1245 3607 1243 
5561 1890 
5564 535 467 3116 
5565 1186 
5567 1384 991 1935 1245 221 
5568 3175 1755 
5569 1245 2204 667 
5570 330 
5572 1337 1172 369 
5573 1905 
5574 535 1245 
5575 1245 1804 504 
5579 535 1245 504 1243 
5581 2871 
5582 1245 
5584 1245 
5586 504 
5589 1172 
5592 1352 1245 
5593 1186 
5595 1172 1243 
5596 1911 1384 
5597 1245 
5598 1245 1890 
5599 3175 535 710 1755 
5601 535 
5603 1336 1890 
5604 3205 1337 418 3105 1979 1336 1905 2368 
5606 535 3105 1245 
5609 1337 
5613 3175 3689 1337 1814 1186 3105 467 1245 2084 504 221 369 1243 
5614 535 1814 
5615 3175 
5618 1245 
5619 504 
5620 1186 504 1243 
5622 1384 1337 1352 1336 1245 
5623 1243 
5625 1186 3723 1804 3732 1243 
5626 1337 1172 
5629 1337 1245 1155 
5630 1243 
5633 535 156 467 1245 667 
5634 1172 
5635 1814 1186 1245 1820 369 
5638 1336 
5642 1384 535 418 1814 1186 3105 1172 2871 1890 1243 
5644 1384 1245 2204 
5648 1384 1814 221 
5649 3175 667 
5652 1337 1186 1336 1245 1890 
5653 1337 1814 3105 1245 369 
5654 1245 
5656 1384 535 1337 156 1245 
5657 1186 
5658 1384 535 1935 1245 
5660 1337 
5662 1337 
5663 1979 1245 1741 
5665 1337 
5666 1245 1172 369 1243 
5669 1911 1384 1935 
5674 3175 1384 535 3205 1337 1744 667 504 3732 1890 1243 
5675 3105 1245 
5676 1337 1186 1245 
5677 369 1243 
5679 1186 2871 1243 
5680 1186 1245 
5681 1384 710 1935 1245 504 
5682 1804 
5683 1384 1186 1245 
5686 667 
5688 1384 535 1336 1245 2204 504 
5689 1243 
5690 535 1245 
5691 1337 
5697 1384 1337 
5698 1245 
5701 1337 
5702 1384 
5703 1245 
5705 535 1245 
5706 2204 
5712 1245 
5715 1245 1804 
5716 1186 504 1243 
5717 1814 467 221 
5719 1814 
5721 1245 1172 1155 3607 1243 
5725 1186 
5727 535 
5728 1911 
5729 535 
5732 1186 1245 
5733 535 1336 
5735 1245 
5736 1890 
5737 1384 1905 1243 
5741 1186 
5742 1890 
5743 535 3105 467 1245 
5745 504 
5746 535 1337 1245 1755 2705 1890 2368 
5748 1384 330 1814 1245 1820 369 
5749 1820 
5751 535 
5753 467 
5754 1814 1186 2592 1172 165 
5756 1245 1243 
5757 535 
5758 1384 1814 467 1245 2204 221 369 1890 
5759 1245 
5760 3175 1814 1245 
5761 535 156 1890 
5762 3175 1337 1336 1245 1172 2204 1890 1243 
5763 535 1245 
5764 1245 2204 
5765 3116 
5766 1384 1337 1905 
5767 535 1336 
5768 1245 
5769 1337 1172 1243 
5770 1352 
5774 1814 467 1245 1155 
5776 1337 1186 504 1243 
5778 1384 1245 2204 1243 
5779 535 2204 
5782 535 467 1245 
5784 1336 1245 504 369 1890 
5785 1337 467 221 
5786 1186 1155 1243 
5787 1384 1814 3105 1245 3607 
5789 1245 
5791 1172 1804 
5793 3175 535 1245 1755 
5794 3175 1384 1814 1186 3105 1336 1245 1905 221 1890 1243 
5797 535 3205 1245 1155 
5800 1384 1245 504 
5803 1890 
5804 1245 
5805 663 330 2871 
5806 1245 
5808 1155 
5809 504 
5810 1384 1172 
5811 3175 535 1186 467 1336 1245 1155 504 221 3882 1890 
5819 1337 
5820 1245 
5823 1337 1935 467 2204 1890 
5825 467 1336 1245 1243 
5829 3105 
5830 3175 535 710 1186 467 1336 3257 1245 1172 2204 504 221 3732 1890 
5831 1337 
5832 1890 
5836 535 991 467 3882 1243 
5837 1186 1336 1804 1890 
5838 1245 
5839 535 1245 504 
5840 3175 535 369 
5843 3105 
5844 1186 
5845 1186 
5846 1814 1186 
5847 1814 1336 504 2368 
5848 1186 
5850 156 
5852 535 2871 
5853 1384 
5857 1186 504 1243 
5858 1337 
5859 535 
5861 1245 
5867 1804 
5871 1337 3105 3257 
5873 467 3116 1804 504 1243 
5874 1186 
5877 1337 467 1336 1245 1741 1804 2204 504 369 
5879 467 1245 1155 2204 221 
5880 535 1245 1804 
5884 1337 467 
5885 1186 1336 
5886 1336 1245 
5887 1337 3105 467 1336 1245 1172 221 
5889 1186 1245 1890 1243 
5892 1245 
5893 1741 
5895 535 1935 
5905 1245 504 
5911 1337 
5914 1384 535 1336 1245 221 
5915 2592 1243 
5916 1186 1245 
5917 1186 
5919 535 
5920 1245 
5921 1337 369 
5922 1337 
5926 535 1245 1755 
5929 1814 1245 
5930 1186 
5937 1384 2840 369 
5941 1337 369 1243 
5947 535 1186 221 1890 
5948 1384 
5949 1337 504 1243 
5951 467 2871 
5953 1337 1814 1186 156 1979 1352 1741 2592 1172 1155 2084 504 1243 
5954 467 1155 221 
5955 1336 
5957 1890 
5958 1935 
5959 1814 1245 
5960 1245 2705 
5962 1384 1245 
5963 1384 3105 467 1245 504 221 369 
5968 1245 
5970 535 1245 
5971 1337 1352 1245 1905 
5973 1337 1186 
5975 1814 
5977 1186 1979 
5980 3175 2871 
5981 1245 
5982 1352 
5985 535 1337 1245 
5988 1245 
5990 156 2204 
5992 1337 
5994 1890 
5995 1384 3205 710 667 
5997 3882 
5998 2871 
5999 504 1890 
6000 1337 3607 
6001 3175 1186 1245 1172 221 1890 1243 
6002 1337 1186 467 1155 504 1243 
6005 535 
6006 535 1186 1245 2204 
6009 535 1337 1814 1352 1245 1243 
6010 1804 
6012 2705 
6013 3175 
6015 535 3205 1337 1814 1186 467 1820 1243 
6017 1890 
6018 1336 
6022 3205 991 
6023 1890 
6024 221 
6026 1245 
6027 1890 
6034 1337 467 1352 1245 221 
6035 1337 1814 3105 369 1890 
6039 330 1245 504 369 
