7 1607 
8 1607 
9 3431 1879 2367 1607 1045 2548 
10 1045 
16 1696 1607 
17 1016 408 258 
18 1016 
21 1696 
22 1696 2548 
23 258 
24 1607 
25 408 
29 1198 
30 2959 
32 1319 
33 1265 
35 2705 1607 1424 552 2548 
43 105 2959 3543 
47 1016 
48 552 
52 1016 557 408 1696 1607 1045 3860 
57 1265 1696 2548 
59 2548 
61 1016 408 3083 2367 
72 1024 
74 105 
85 2548 
89 1424 
91 105 
92 1024 
96 3083 1424 1319 
100 2548 
102 1024 8 
106 1016 
107 1424 
115 2838 
116 1574 1696 
122 1905 1265 
126 1696 
129 3860 
130 1265 1696 1424 552 
135 1265 1607 1424 1045 3860 
138 1265 1696 
139 408 
145 1696 2705 1319 1045 
146 1045 
147 1574 105 1024 2959 2548 
148 1574 1696 1607 2548 
149 3083 
150 1198 1607 1424 
152 2838 
154 3431 
155 85 
156 1607 
160 552 
162 2548 
164 1696 
165 1016 1265 1607 1045 2548 
168 2548 
172 1016 2241 1265 1696 3860 
174 1265 1424 1045 
182 3083 
184 2548 
185 1016 
186 3431 408 479 678 258 
187 1607 
189 1016 
191 1024 1045 
192 1696 
194 2241 1198 1696 1024 1607 
197 1265 1607 
198 3431 
199 1045 
201 1905 2548 
202 258 
204 1198 
207 1905 1696 
209 2548 
211 3431 552 
215 2241 3083 
224 1265 479 2680 1424 552 
230 1696 
234 408 1879 1424 
237 2241 
244 1319 
254 1696 1024 1607 2548 
260 1696 1607 
268 479 
270 1016 1696 406 2548 
271 1198 1265 1607 
277 1905 1319 3860 2548 
280 1424 
283 1991 1696 105 1607 
290 408 3083 
291 1607 
292 408 479 
293 1265 
295 3860 
296 1424 
298 552 
299 1574 
300 1424 406 2548 
301 1991 1424 406 
302 1107 1265 1607 1045 
305 1991 
306 1879 
307 1265 1424 
308 1696 
309 1045 
313 3083 1607 
318 3083 
320 1696 105 
325 1879 
330 408 479 1696 1607 1424 85 2548 
335 1607 
336 1024 
337 2548 
342 1607 2246 406 3860 2548 
345 1016 105 1424 
350 579 
351 3431 2241 1265 1696 3083 1607 1424 406 
354 1991 1696 1024 1607 1424 
355 2548 
361 3431 
365 85 
367 1574 1607 
371 2548 
375 258 
385 1424 
389 1265 1319 
391 1424 552 
397 1265 1696 1424 
398 1424 
401 1265 
402 1424 1958 
407 479 
408 1265 1696 1607 1424 
410 1265 408 1424 2959 
411 3431 
414 1265 1696 1607 2548 
417 2548 
419 1879 
423 3431 1016 1265 408 1696 1879 1607 1319 406 1045 3860 
424 1879 406 
425 1574 
437 1991 1607 552 2548 
441 1016 2241 1424 
447 2548 
452 1424 
453 1265 1607 
456 1265 
461 1024 
464 1319 
465 1265 3083 
469 105 
474 1574 
476 2548 
479 1045 
481 1991 1424 
484 1879 
485 1424 
486 1424 
489 1016 
492 1424 
498 258 
503 1696 
504 1265 2548 
506 1198 
507 1607 
508 1991 1696 105 1024 1607 1319 406 1045 
513 1696 
514 1265 
516 408 
517 408 
519 1016 
522 1879 
523 1265 1696 1424 552 406 
526 1265 
530 1265 105 2548 
532 1265 1319 406 3860 
535 1016 1198 
536 1319 
538 1016 
542 1016 1265 1574 1696 1024 2959 2548 
548 1991 1016 2793 1265 557 2684 2680 1696 3083 1424 2548 
549 1016 1265 1696 105 3083 1424 406 2959 2548 
550 1696 258 
551 406 
552 406 
555 1016 
559 1024 2548 
562 1696 1607 
565 3431 
568 105 1958 
569 258 1045 
570 1696 
574 1574 
581 85 
582 2548 
586 1265 
587 1265 2680 3083 1424 
589 1607 
603 1574 
604 2548 
607 2246 
620 1319 
622 1696 1424 
623 1607 
628 1016 
629 3543 
630 3083 1607 2548 
634 1879 
635 1607 
636 1016 2684 1319 
637 2548 
643 1696 
647 2793 
650 1879 
653 2548 
654 2959 
655 1319 
659 1607 85 
660 3860 
662 2548 
666 1905 2548 
667 1607 
668 1265 1045 2548 
672 408 
673 1607 
677 1016 1905 1265 2684 2680 678 1696 1024 1607 406 
678 3860 
686 1424 
690 1607 1045 
691 408 1696 1607 1424 2548 
693 1696 
694 1265 2548 
695 1265 1696 1607 
697 1265 
698 1607 1319 85 
701 2959 
704 3860 
705 1607 
709 1265 1696 1607 1424 406 2548 
711 1016 1024 
712 1607 3543 
713 1696 2548 
715 1016 1696 1024 1607 2548 
720 1016 2367 1319 2548 
723 2548 
726 1265 552 
727 3431 
728 1696 
730 3431 1265 1696 1879 2705 2367 2959 1958 
732 1265 1696 
734 1265 1024 
735 1198 
739 3860 
742 1265 
751 1265 3083 1424 552 1045 
752 2838 1045 2548 
756 2548 
763 2793 
764 85 2548 
766 1607 
767 2548 
769 1991 1024 1958 
771 1607 
777 2548 
779 1607 2548 
784 8 
786 1696 
787 1607 1045 
797 1607 1045 
799 105 406 
801 1265 2548 
816 1696 1024 1607 1045 2548 
817 1696 
818 1045 
819 1024 
821 1016 2548 
827 2838 
829 3860 
831 406 
833 3860 
837 1107 1696 2705 
838 408 1811 1696 1607 1424 552 
839 1016 
842 3083 
845 1265 
846 1265 
849 1016 579 1905 3083 1424 406 2548 
853 408 1607 1045 
854 1265 408 1811 1424 
857 1016 1607 3860 
858 1696 
859 2548 
868 1991 1016 1265 1696 105 1607 1319 2246 406 1045 3860 2548 
870 2838 
871 1424 
875 1696 1607 
876 1696 1607 406 1045 2548 
880 1696 1045 
881 1696 
888 408 2680 1879 3083 1424 
889 1016 2246 2548 
898 1265 2959 
907 1696 
909 408 
910 1016 1607 2959 
911 1424 
918 1265 1607 258 3860 
921 1574 1319 
923 3860 
925 2838 
927 479 3083 1424 
930 1696 
933 1607 1424 
934 1024 85 
936 1265 8 1607 1424 3860 
937 1265 
938 3083 
944 85 
947 1016 1879 2959 3860 
948 1696 3860 2548 
951 1424 
952 1016 1696 
953 408 
954 1696 1607 1424 
955 1016 1696 1424 
956 408 
957 1107 
959 1696 
962 1696 
963 1424 
964 408 
967 1696 
969 85 1045 2548 
970 1696 1607 
972 258 
976 1265 3860 
980 1424 
983 1879 3083 3860 
984 1696 
985 3860 
995 1265 2684 1696 1607 2548 
997 1424 552 
998 8 
1000 2241 1696 2705 1607 
1003 1991 
1009 1265 
1014 1991 1265 479 1696 1607 1424 258 1319 2959 1045 
1015 1424 
1018 557 3083 1424 
1021 678 
1028 1265 
1029 2548 
1030 1574 1024 1607 
1031 1696 
1032 3860 2548 
1033 1319 
1039 1265 3083 
1040 1879 
1046 1607 
1048 1696 
1049 1424 
1050 1016 2241 1265 1696 105 1607 1424 
1052 1696 
1053 370 
1056 1016 
1057 1696 1024 1607 
1058 1016 1424 
1061 1879 
1063 1607 1045 
1067 2241 1607 1424 258 3543 
1068 579 408 1607 258 1045 
1070 2959 2548 
1072 479 
1076 1265 3083 
1077 408 258 
1085 2548 
1086 1016 1265 1607 1424 
1087 1016 2241 408 1574 1696 1879 3083 1607 258 1319 406 1045 2548 
1088 1319 
1091 1016 
1095 1607 
1099 1265 1424 
1100 1265 1696 1607 2548 
1101 536 
1108 1045 
1111 1016 1265 1696 1607 
1112 1696 1607 
1116 1016 1265 1607 406 2548 
1118 1696 1607 258 
1119 3431 1016 370 1696 1879 1607 2497 258 406 1045 
1120 1424 
1123 1424 
1124 1607 
1125 2241 
1127 408 1879 3083 1045 
1129 1265 
1130 1319 
1133 1696 
1134 1696 
1136 1016 2241 1265 2684 1696 1424 552 
1139 1879 3266 1319 2959 3860 
1140 1265 1607 258 
1141 1958 
1145 1607 
1146 3083 3860 
1149 3083 1424 
1150 1265 1696 1607 2548 
1161 3083 
1162 2548 
1163 1198 408 1424 
1164 1696 1607 
1167 1265 1607 1424 
1169 1879 3083 
1171 408 
1172 2241 
1178 1879 
1180 408 1574 1696 8 2246 2548 
1181 1696 1607 
1185 1696 3860 
1191 408 
1194 1045 
1201 479 1696 
1202 1016 1265 408 1696 1607 1424 1045 2548 
1205 1607 
1210 3083 1424 
1214 1696 1607 
1215 3860 
1217 3083 
1218 1574 
1219 105 
1222 1265 
1223 3431 2241 408 2959 
1227 1696 
1229 1696 1607 
1231 1424 
1238 1424 
1240 1607 
1241 408 853 
1242 1607 
1243 408 1424 
1245 1696 1024 1607 2548 
1251 3083 
1254 1424 
1256 85 
1258 1905 
1259 408 1696 3083 1607 
1260 1991 406 85 
1262 2241 
1263 1107 1265 479 1696 
1264 1265 1696 1607 
1265 1016 1265 408 1696 1424 258 1045 2548 
1270 105 1424 552 
1271 1879 105 
1272 579 1879 3083 1319 406 2959 
1273 1016 2241 1696 1319 
1283 2705 1024 1607 536 
1284 1016 1265 1696 3083 1607 1424 258 1319 552 3860 
1286 479 
1290 1265 1424 
1293 1265 1879 406 2959 
1296 1696 1607 1424 
1297 1016 370 1198 1265 1574 479 1607 2246 85 1045 
1298 1696 2548 
1299 1991 
1300 1016 
1301 1045 
1302 1696 
1304 552 
1305 3431 1265 1696 1607 406 
1310 1016 2548 
1311 1016 
1313 258 
1316 1905 479 1696 2367 1424 258 2548 
1321 408 1879 3083 
1322 1265 1045 
1324 1016 1319 
1328 1424 
1332 1696 1607 3860 
1333 1607 
1336 1016 
1342 1265 1696 1607 
1353 479 1696 2367 1607 1424 258 1045 2548 
1355 1607 2548 
1357 1607 
1361 1696 
1365 3860 
1366 1265 1607 
1368 1265 1696 1319 552 2548 
1376 2548 
1379 105 
1382 1198 1265 
1384 3860 
1390 2548 
1391 2705 
1394 1607 
1398 1696 1607 1424 2246 
1400 258 
1406 1696 1607 1424 
1408 1696 
1412 1607 
1413 2548 
1415 1607 
1417 2548 
1420 1991 
1421 1696 1607 
1424 1016 1265 1696 1607 406 536 2548 
1425 2367 
1426 1016 
1432 1574 
1433 2548 
1436 3083 
1440 2548 
1444 1696 
1445 3860 
1446 1016 408 1696 1424 406 1045 
1447 2838 2241 1265 678 1696 2705 1607 258 1045 
1448 1905 
1450 408 406 
1456 479 3083 1045 
1464 1016 3083 85 3860 
1471 1574 
1474 408 1045 
1475 1016 
1480 1016 1696 
1482 105 1607 
1483 1607 1424 
1488 1265 
1490 1424 
1496 2548 
1497 1607 
1498 1607 
1499 1424 
1500 1016 406 2548 
1501 2548 
1502 1607 
1504 3083 1424 552 1045 
1506 1016 
1508 1696 
1512 85 
1514 3860 
1523 1696 
1528 85 
1529 1696 1607 1424 2548 
1537 1607 
1539 1696 
1541 2548 
1543 2241 1607 
1546 1879 
1547 85 
1549 552 
1551 1424 
1555 1696 
1558 1696 
1560 1607 258 
1568 3083 
1570 1265 3083 
1571 85 
1573 2548 
1578 1016 
1583 2548 
1585 1016 1696 1879 1319 
1586 1265 1607 1424 
1588 1696 
1590 1265 3083 2548 
1591 1424 
1596 1107 1265 1607 1424 1045 
1597 1696 1607 
1598 1016 1607 
1599 2548 
1600 1574 1607 85 
1604 1016 3083 2367 1424 258 85 1045 
1606 3083 
1607 2241 
1608 2548 
1610 1905 1265 105 258 3860 2548 
1612 1016 1696 1607 1424 1045 
1616 1696 
1623 1424 2548 
1625 2241 1607 
1627 1265 1424 1045 
1629 1696 1607 
1630 1879 2705 
1631 1016 3083 
1633 408 2367 
1634 1991 1016 1574 1696 1045 3860 
1636 1696 
1638 1905 1696 
1640 1696 1607 2548 
1642 2548 
1644 1991 370 2959 
1646 1016 2548 
1649 1696 1607 
1654 1016 
1656 1016 
1657 1424 
1665 1696 
1666 1574 
1670 1016 1265 1879 3083 1424 258 1319 
1674 1607 2548 
1675 1016 1905 1696 105 2246 2548 
1677 1607 
1679 1991 1016 2838 2793 1265 2684 2680 1696 105 2705 3083 1024 258 552 2246 406 1306 85 2959 536 3860 2548 
1684 1696 3083 2367 1319 406 
1686 1265 1424 
1687 2548 
1688 2548 
1691 3083 
1692 1016 408 
1694 1879 
1695 1607 85 
1696 1016 408 2497 258 
1697 1016 1265 408 1696 1879 2367 1607 1319 552 1045 
1698 1424 552 
1700 1016 1607 258 1045 
1701 2838 
1702 1696 
1703 1991 
1704 1045 
1705 853 
1707 2548 
1708 1265 2367 
1711 85 1045 
1713 2705 
1716 1696 1607 1319 406 
1720 105 
1721 1696 1607 1319 3860 2548 
1723 3431 
1724 1607 
1726 1016 8 1424 2548 
1732 1265 1811 3083 1607 1424 3860 
1736 1991 1574 1696 1024 1607 
1737 2241 
1740 1574 1696 3083 1024 1607 2548 
1741 1696 
1742 1319 
1744 678 2548 
1745 1016 1107 1696 552 
1746 408 
1747 1574 2684 
1751 1265 3083 1607 
1752 1574 8 552 2548 
1754 1265 406 3543 1045 
1756 1696 1607 1045 2548 
1757 1265 479 3083 
1758 1991 1696 1024 1607 406 
1759 3543 
1760 1696 
1763 1991 2838 370 1905 1574 1696 1024 8 2246 2548 
1766 1696 1424 552 
1769 1265 
1775 2838 1607 
1777 1905 
1781 3860 
1783 1607 
1789 1991 1265 1024 
1790 1265 3083 
1795 552 
1796 3860 
1799 1424 552 
1802 1574 2548 
1805 1574 1607 
1806 2548 
1810 3860 
1811 1265 1696 2705 1607 
1813 1696 
1818 1696 3860 
1824 1045 
1826 1016 
1828 406 
1834 1905 1265 1574 1607 1424 1306 1045 3860 
1835 1696 1607 1424 
1836 1198 479 2548 
1839 1696 
1841 1265 1696 1607 1424 2548 
1844 1607 
1850 1696 
1852 1424 
1855 1696 1607 
1856 1696 
1859 1696 
1860 1879 
1865 1696 2548 
1871 1696 
1872 1045 
1879 1696 1879 3860 
1881 1696 1319 
1882 552 
1883 1016 1265 3083 1424 1045 3860 
1890 1696 1607 
1895 408 1319 
1896 1016 1265 1879 3083 2959 
1898 408 1879 3083 1424 
1899 85 
1901 2246 2548 
1902 2548 
1903 85 
1911 1265 
1915 3083 552 
1918 2246 
1919 408 85 2548 
1921 1016 1696 1607 
1924 1696 
1925 1016 2680 1696 
1929 3860 
1936 1265 
1938 1607 2548 
1940 1016 1905 105 2367 1319 85 3860 2548 
1942 1016 1107 1424 552 
1949 1607 
1951 1696 1424 
1953 678 
1954 2838 
1957 1265 1045 
1959 2705 1424 
1961 2241 
1963 1696 
1968 1016 1265 
1969 3860 
1972 552 
1973 1265 1696 1607 
1979 408 1607 1424 258 1319 552 2548 
1981 1696 
1982 1696 1024 1607 406 3860 2548 
1983 3083 
1984 1574 
1987 1016 1424 
1997 1016 1879 2959 
1998 1319 
1999 1696 1607 
2001 1696 2367 
2002 105 
2003 1607 
2006 258 
2007 1424 
2011 105 
2014 1905 1696 1024 1607 1424 2959 
2015 1016 2793 1574 406 1045 2548 
2017 1265 3083 1424 258 3860 
2019 1607 
2021 1265 1696 1607 2548 
2022 1696 1607 1424 
2025 1879 
2026 3431 
2028 1265 
2029 1016 1696 1879 3083 1319 2959 
2030 1696 1424 
2031 2548 
2037 3083 1319 
2040 2241 1265 408 1696 1607 258 1045 
2041 2548 
2046 1696 
2049 258 
2050 2548 
2053 1424 
2055 1696 1607 2548 
2057 2241 
2060 3860 
2062 1905 1265 1696 2705 1045 
2063 3083 3860 
2064 2241 1265 
2066 1016 
2069 2548 
2070 1265 1607 
2072 1016 2241 
2076 1574 406 
2083 1424 
2084 1991 2838 
2087 85 2959 2548 
2088 3860 
2089 2548 
2090 2548 
2091 1016 408 1879 3083 2367 
2095 1265 406 2548 
2097 1696 1607 2246 2548 
2099 1811 1045 
2101 3083 1424 
2104 1424 
2105 479 1696 1607 258 
2108 1016 1319 3860 
2109 2548 
2113 1905 
2115 370 1574 2367 8 1607 406 2548 
2117 1265 
2120 3860 
2121 1607 
2123 1016 3083 1607 1319 2548 
2124 1198 
2130 3860 2548 
2132 1574 
2136 1024 1607 
2139 3083 
2142 1696 
2144 1016 1696 1607 1319 2548 
2146 1016 
2147 1991 1265 2548 
2149 1905 
2152 1265 105 
2154 2246 
2155 1607 406 
2156 408 
2160 552 
2161 1016 
2163 2548 
2164 1905 1574 1607 
2165 1991 2548 
2166 1607 
2167 1424 1958 1045 
2168 1424 2246 
2169 1265 
2171 2367 1045 
2172 3083 1607 
2174 1607 
2175 1696 1607 
2176 1607 1424 
2179 1696 
2180 1016 2241 1265 105 1424 1319 3860 
2182 85 
2184 1879 
2185 1574 1024 
2186 1696 2548 
2187 1265 1045 
2189 2241 1265 1607 
2192 2548 
2194 1607 2548 
2198 2241 
2202 1879 85 2959 
2204 1696 3543 
2205 408 
2210 1879 3083 
2215 1424 
2218 408 
2220 408 1696 
2222 1696 1319 2548 
2224 1016 105 
2229 2241 
2230 1016 3083 
2231 1696 1024 1607 
2233 1879 
2234 1991 2838 406 
2236 408 479 1424 2959 1045 
2238 1607 2548 
2241 1265 1607 258 
2243 105 1607 
2246 408 3083 
2247 1016 1607 
2249 1696 
2250 1607 
2254 1016 
2257 1424 1319 1045 2548 
2260 1607 
2262 1607 2548 
2263 1016 
2278 1879 3860 
2281 1024 
2287 1696 3083 1319 
2292 3860 
2303 3431 1574 1696 1024 8 1958 2548 
2306 1424 
2309 1265 258 
2314 406 
2327 3860 
2333 1016 
2337 1607 
2339 3083 2959 1045 
2340 3860 
2347 2838 
2350 552 
2353 1607 
2354 1424 258 
2365 1574 
2367 408 2680 258 
2372 1879 
2375 408 2367 
2377 2548 
2379 1045 
2382 105 2548 
2388 1319 
2401 1607 
2406 1016 
2413 258 
2418 1265 
2423 1607 
2425 3083 
2426 1016 
2435 370 1265 552 1045 
2443 2548 
2444 2548 
2445 1265 1424 
2452 1607 258 85 
2454 2548 
2455 1265 406 2548 
2456 1016 1905 
2457 2548 
2461 1016 
2464 1879 3083 
2465 3860 
2467 1607 
2474 1319 
2477 3083 
2484 2241 
2498 85 
2499 1574 85 
2503 1696 
2505 1265 
2506 1016 1265 408 3083 2367 1607 552 85 1045 
2507 2838 
2513 2680 
2519 408 
2525 3083 1319 1045 
2527 3860 
2528 1265 105 2959 2548 
2534 2367 
2536 1696 1879 2959 
2539 258 
2540 370 
2543 1016 2241 1107 1265 3083 1319 2548 
2546 3083 
2547 85 
2555 579 
2558 1574 85 
2560 1424 
2561 1016 1024 
2563 1879 406 
2566 408 1024 1607 
2580 3083 
2581 1424 
2582 1016 1905 
2587 1424 
2588 1045 
2589 2246 
2591 1016 3083 2548 
2604 552 1045 
2607 3083 
2608 1811 
2610 1045 
2619 2548 
2620 1991 1045 2548 
2623 1016 
2624 1905 
2626 1265 1424 
2629 85 
2637 1016 1265 
2640 1607 85 
2647 1319 
2648 1424 
2653 85 
2660 2367 
2664 1016 1905 1024 1424 2548 
2673 1265 
2675 579 1607 258 
2678 1424 
2680 1016 105 1607 
2683 1607 
2690 3083 1607 
2691 1607 1045 2548 
2692 3083 
2700 1696 
2722 1265 
2723 1016 2367 
2724 1265 
2730 1265 3083 1045 
2732 552 
2734 85 
2736 1265 1424 258 552 
2737 258 
2742 1696 406 
2744 1045 
2746 1016 2705 1424 
2747 2548 
2749 2959 
2751 479 1696 1424 
2752 1879 3083 1424 
2754 1424 
2755 1574 1696 1607 2548 
2756 3083 
2759 1879 
2760 1696 406 2548 
2763 1265 1696 1424 
2768 1016 105 
2769 1024 3860 
2772 3083 
2773 1265 
2776 1265 1607 1045 
2777 1879 
2780 85 
2783 3083 
2788 1607 1424 
2792 1574 2684 3083 1607 552 
2802 1265 
2806 408 1879 
2807 1696 1024 1607 
2809 1424 258 2548 
2813 1045 
2817 1265 1607 1424 
2819 2793 408 1696 1607 1424 
2823 1607 
2825 1424 
2831 1107 1265 1424 552 
2836 1879 
2840 1198 1696 1607 552 
2843 552 
2847 2548 
2848 1265 
2850 1607 
2851 1696 1607 
2853 1265 1424 2959 
2856 2793 1905 1574 
2858 552 
2859 1107 1265 2684 3083 1424 258 
2867 1607 
2868 408 406 
2872 1016 1045 
2873 1879 
2875 1198 1696 2548 
2876 1696 
2877 1016 2793 1879 3083 2959 1045 
2879 1265 
2883 258 
2884 1265 
2886 1265 1607 1424 85 1045 2548 
2887 1016 
2889 1696 
2894 1265 552 2959 2548 
2895 1016 1024 1045 
2897 1696 
2898 1265 1696 2705 1607 
2899 1696 1607 2548 
2900 1265 1696 1879 406 
2902 1607 
2906 1607 258 1319 2548 
2908 1905 1574 3083 1607 1306 85 1045 2548 
2912 1016 1696 1607 
2913 1265 
2915 1265 1424 
2917 1696 1424 
2925 408 258 
2927 1265 1696 1879 1424 1045 
2928 1905 1265 1607 1424 3860 
2933 370 258 85 2548 
2934 1696 1607 
2937 105 1607 
2940 1016 1696 
2941 3860 
2943 1016 
2944 258 
2950 2367 
2952 85 
2961 1607 1424 
2965 1265 1045 
2966 1016 1265 3083 
2967 1265 
2968 1607 2548 
2972 2241 
2973 85 
2974 3083 
2975 1265 
2977 1265 1319 
2982 8 
2984 2548 
2985 479 1696 2705 2367 1607 1424 
2988 1045 
2989 1016 
2992 1696 
2993 1265 1574 1024 1424 
2994 1016 1024 1607 2548 
2995 1016 
3000 1574 1696 1024 
3001 1424 
3002 2548 
3003 1265 
3004 1696 85 
3006 2367 
3007 1696 1607 
3009 1607 
3010 1265 
3011 1024 1607 
3012 1016 1879 105 3083 258 
3017 1265 1319 
3025 3543 
3027 1607 
3028 1016 1198 258 
3030 1991 1265 1696 1424 406 1045 
3031 1016 370 1905 479 105 1319 2246 406 1306 536 3860 2548 
3035 1879 
3039 1607 
3040 1607 
3043 1905 406 85 
3044 1696 1607 
3047 1696 
3049 1696 
3050 1607 
3053 1424 
3054 1574 2548 
3055 1574 
3056 1045 
3064 1016 1607 1424 1045 
3066 2838 2241 1905 1265 408 1811 1696 1607 258 
3071 2959 
3073 2241 2367 1607 
3076 1016 1696 1607 
3079 1265 1696 3083 1424 2959 
3080 1016 1198 1607 
3082 2684 
3084 1574 
3085 1696 1045 
3086 2548 
3088 408 
3092 3083 2367 
3095 1016 
3098 1607 
3100 1265 2548 
3105 1265 
3107 1696 1879 3083 
3108 1107 
3109 552 
3110 1991 
3112 1045 
3113 1424 
3117 1016 1696 
3120 1696 1607 2548 
3122 1607 
3124 1607 406 
3128 1905 1607 
3133 1607 
3135 1607 
3139 1265 1024 
3141 1265 
3146 2548 
3150 2548 
3152 1265 
3153 258 
3157 2548 
3158 1265 
3162 1991 1198 1265 1696 1024 1607 1424 85 2959 1045 
3166 1265 
3172 1607 
3181 1905 2680 
3183 408 
3188 1024 
3190 1607 2548 
3191 1607 
3192 1696 
3194 1265 
3195 1265 1607 
3196 1696 
3199 1607 
3200 2793 258 1319 
3202 3431 1265 1607 2548 
3208 2548 
3214 1879 
3216 2367 
3218 2838 
3223 1016 2241 1198 1265 2684 479 2680 2367 258 552 85 3860 
3226 1424 
3228 2705 1045 
3229 2548 
3230 258 
3232 3083 
3237 1265 
3241 1574 8 
3242 2548 
3247 3083 
3252 408 
3254 1045 
3258 1696 105 1424 258 
3259 1265 
3260 552 1045 2548 
3261 1424 
3271 1016 1574 3083 1607 258 2548 
3279 1265 1045 
3280 1016 
3284 1607 1424 
3288 1574 
3291 1016 2838 408 1879 2367 258 1319 406 2548 
3293 1265 
3297 2838 
3298 1265 1607 
3299 3083 
3300 3083 1424 
3303 1016 
3304 552 
3307 1016 1265 1696 1045 2548 
3308 406 
3310 1991 1265 1696 1024 1607 
3311 2241 1265 1607 
3312 1016 1696 2548 
3313 1905 105 
3314 1607 
3316 1696 1024 
3319 2838 1024 85 
3321 1045 
3326 1265 1696 1024 1607 2548 
3328 1319 
3332 1696 
3335 1265 
3345 1265 2959 
3355 1016 1696 2548 
3356 1306 
3357 1574 1045 
3358 1607 
3360 1574 
3362 258 
3364 1879 1024 
3366 1879 3083 2959 
3369 1607 
3370 3083 552 
3376 1024 1607 2548 
3377 1016 105 
3379 1879 3083 
3385 1607 
3389 3083 
3390 3431 1991 1016 1265 1574 479 1607 1424 258 552 1045 
3392 1607 
3393 3083 
3396 3083 
3398 2241 
3401 552 
3402 2548 
3403 2548 
3409 1016 1424 406 
3410 1696 
3411 1265 1607 406 
3413 1024 1607 2548 
3414 1696 1607 406 
3415 1574 1696 1607 1045 2548 
3417 1696 
3419 1016 1265 
3421 1265 
3422 1607 
3424 1607 1424 
3427 258 
3428 1265 
3435 2241 
3436 1424 
3441 1696 1607 
3442 1607 
3444 1607 
3453 2241 1696 
3457 1016 2367 2497 406 
3458 1424 
3461 1016 1905 1265 1424 258 406 1045 
3463 1024 1607 1424 1045 
3468 1016 1265 1696 1319 
3470 1424 
3474 536 
3475 3083 2367 258 
3476 1016 
3482 2793 1574 1607 
3485 1016 
3489 479 
3490 1905 1607 85 
3498 1696 105 
3502 1607 1424 85 
3503 1265 
3506 1265 1696 105 1607 1424 2548 
3508 1696 2548 
3510 3083 2548 
3511 1024 1607 
3515 1607 
3517 1265 408 2705 1424 
3518 1265 2705 2367 1424 
3519 1424 
3520 1265 1319 
3521 2548 
3525 1016 1265 2684 1696 105 406 
3532 1696 
3537 1696 1045 
3538 1016 2793 1696 105 3083 1424 258 406 2959 1045 2548 
3539 85 
3544 1696 
3545 1265 3083 
3546 408 3083 
3549 1265 1696 2548 
3555 1696 
3556 1991 370 1607 1424 
3557 1045 
3559 2959 
3560 1265 
3561 2241 1265 2684 1607 2548 
3563 1607 
3564 2548 
3567 1696 
3570 1991 1696 
3577 1424 
3579 1696 
3585 1319 
3587 3083 
3588 2793 406 2548 
3589 3431 1016 1265 1696 1024 1607 1424 406 85 1045 
3591 1016 2241 1198 3083 
3592 1265 
3595 1265 1045 
3596 105 
3599 3083 
3602 1696 
3609 1991 2548 
3610 1016 1607 
3613 1265 2548 
3614 1016 
3617 2241 
3620 1696 
3621 1016 105 
3623 1198 1696 
3625 1016 1905 8 
3640 1696 
3645 1696 
3647 2548 
3648 1265 
3649 1574 1696 1024 1607 2548 
3650 1607 
3653 557 2548 
3657 3860 
3660 1319 
3668 85 
3672 1265 
3674 1016 1265 1424 1319 2548 
3676 2548 
3678 1696 1607 
3680 1905 1574 1024 2548 
3682 479 
3684 1265 1696 1424 
3685 1319 
3687 3083 
3689 1045 
3690 1696 1879 
3692 1265 1696 1607 
3694 1265 406 2548 
3701 1607 
3703 1265 
3704 1107 1265 1424 552 
3708 258 
3710 1024 
3712 2241 1607 258 
3713 1198 
3714 1016 105 1024 
3715 1991 1574 1696 1024 1607 1958 2548 
3716 1607 1424 
3717 1879 853 3083 
3720 1424 
3721 1574 
3723 1016 406 
3725 1696 2548 
3726 1265 1696 3083 
3728 1574 1024 
3731 1016 
3732 1424 
3735 1024 1607 
3741 1991 
3746 406 
3750 1607 
3753 3083 
3754 1016 
3755 105 258 406 
3756 1607 
3759 1879 2548 
3760 1696 1607 
3761 1319 
3762 1265 
3764 1045 
3767 1016 1607 
3768 1016 1424 406 
3769 2241 1265 1424 
3770 1319 
3772 3431 
3779 1016 1265 2680 1024 1607 
3784 85 2548 
3788 1879 
3790 1045 
3791 1574 1424 85 
3795 3431 3083 
3803 1905 1319 
3806 1905 1607 1319 
3807 1265 1024 1607 536 
3811 1696 
3814 1265 
3815 1879 1424 
3818 1607 
3820 3083 
3822 1024 
3823 1016 2793 1905 1265 1696 
3826 2548 
3828 408 1696 1424 258 2548 
3831 1424 
3832 1696 1045 2548 
3833 1016 370 1265 1574 8 1607 406 1958 
3835 2548 
3840 1016 1905 3083 1319 2548 
3841 1905 1265 1696 2367 1319 
3842 2838 
3843 1905 
3846 1696 2548 
3849 1696 406 1045 
3852 1265 1696 1607 
3857 1016 3083 
3862 1905 2548 
3863 1696 1879 3083 
3867 1607 
3869 1265 
3876 3083 
3877 1905 1265 3083 
3881 3431 
3883 2705 2548 
3884 1696 2548 
3886 1016 1607 552 2548 
3888 1319 
3891 3431 1265 1607 
3893 1265 1424 
3894 1045 
3901 1024 
3902 1265 
3911 552 
3915 1265 1696 1958 
3926 258 
3927 1607 
3928 2793 1696 1607 
3929 1016 
3930 1607 
3933 1265 
3940 2548 
3944 1016 2959 2548 
3945 408 1607 2548 
3946 1607 
3950 1016 1045 2548 
3952 1265 1424 
3960 1905 1319 
3962 1016 1879 105 3083 1319 2959 
3964 85 
3966 1016 1045 
3969 1696 1024 
3970 1265 258 
3975 2838 2241 678 
3977 2793 
3980 2367 
3987 2367 1424 
3988 258 
3991 1016 1574 105 1024 1607 
3992 1265 1424 
3993 1879 
3995 1574 105 
3996 2548 
3998 406 2548 
4000 2838 1905 408 2367 258 
4002 1696 
4004 2705 1319 2548 
4008 1905 
4013 105 
4015 1016 
4017 1574 
4020 1991 1696 2548 
4027 1991 2838 1265 1958 
4029 1265 
4032 1198 1265 408 1696 1045 2548 
4033 1265 
4040 1905 1607 1319 2246 2548 
4041 1265 1574 1696 1607 1045 
4047 105 1607 258 2959 1045 
4049 1016 
4050 1696 
4051 1696 
4052 1016 2793 1905 1265 
4053 1265 2680 1879 3083 258 406 2548 
4056 2684 
4057 1265 1045 2548 
4059 1905 
4061 2241 
4063 1016 1879 105 1319 1045 
4066 2241 
4071 2959 
4076 105 
4077 552 
4078 1016 3860 
4082 1016 2548 
4084 1991 1016 1265 408 1696 258 1045 2548 
4085 1016 2838 370 258 1045 2548 
4087 1424 
4088 1905 1574 1696 2705 1045 2548 
4089 3083 
4092 1016 
4106 1265 406 
4107 3083 
4109 408 
4111 1319 
4112 8 
4114 1574 2680 1607 
4115 1607 85 
4116 1696 
4117 1045 
4118 1265 
4120 1319 
4121 1265 1696 1424 
4123 1991 
4125 1696 2548 
4126 105 
4129 1574 
4130 85 
4132 2548 
4138 408 1696 1424 
4139 1016 
4140 2548 
4152 105 
4154 1607 
4155 8 2548 
4157 479 
4159 1607 
4160 2548 
4161 1607 258 
4166 3083 1607 
4168 1016 2241 1265 408 678 1696 1879 3083 258 1319 2959 3543 2548 
4178 1607 
4182 105 
4184 1905 
4192 1265 1024 1958 
4193 1424 406 
4206 3083 
4209 1607 
4212 1574 8 
4214 1265 
4216 1574 1607 1958 
4219 1424 
4222 1607 
4223 1016 1265 105 3083 258 
4224 479 
4226 1024 2959 2548 
4230 2548 
4237 1696 1024 1607 1424 2548 
4240 1696 1607 
4241 1574 1024 406 
4242 1016 
4249 1574 
4250 1265 
4257 1016 
4259 3860 2548 
4264 2959 2548 
4267 2367 
4268 1607 
4275 1016 
4276 1991 1016 2241 1107 1198 557 1574 2684 479 1811 1696 3083 1024 1607 1424 1319 552 2246 85 1045 3860 
4277 2548 
4278 1905 
4281 2684 
4284 1574 406 1958 2548 
4285 1319 
4286 1574 1696 2548 
4290 1574 1607 
4293 2548 
4297 1016 1424 
4301 2367 
4302 552 2548 
4304 1905 408 1574 1696 1607 258 1319 3860 2548 
4306 1016 
4308 85 
4311 2793 1905 1265 1696 1607 1045 
4314 1991 1265 
4316 1696 
4317 1016 1265 
4321 1879 85 
4325 2241 
4326 1696 1024 1607 
4327 3083 
4329 3083 
4332 1696 
4333 2548 
4336 2246 2548 
4341 1905 
4343 1265 3083 406 2959 
4344 1016 1265 1424 258 1319 2959 1045 
4350 1574 1024 2548 
4351 1991 1016 1958 2548 
4353 1991 2680 1879 1424 
4354 1607 
4355 1607 
4358 1045 
4361 1424 
4372 1879 2959 
4374 1905 552 536 
4376 2959 
4378 2241 
4380 1696 
4385 1696 1024 3860 2548 
4386 1607 1424 258 1045 
4387 1024 2548 
4389 1574 2548 
4396 85 
4400 552 
4403 1607 
4405 1696 1024 1607 85 
4407 1016 
4410 1198 1265 1607 
4415 557 
4417 408 3083 
4420 2548 
4421 1016 1905 2684 
4424 1016 1696 1607 406 2548 
4427 2548 
4428 853 
4429 1045 
4432 1696 
4435 1016 1696 
4439 2548 
4441 1879 
4446 1265 1879 3083 1319 
4447 1991 1016 1905 1198 1265 1574 2680 1696 1424 406 3860 2548 
4448 1696 1607 1424 
4451 258 
4455 1424 552 1045 
4456 1696 3083 1607 
4457 1265 1696 105 406 
4458 1265 
4460 1696 2548 
4465 1265 
4466 3083 406 
4470 1424 
4471 408 1574 
4472 2684 2548 
4474 1607 
4475 1696 
4477 1265 
4479 2793 1265 
4480 2548 
4481 1016 1905 1265 408 479 2680 3083 2367 1424 258 1319 
4483 258 
4486 1574 
4488 1696 1024 1607 
4490 1574 2548 
4496 3083 1607 
4500 1265 
4501 1016 
4503 2548 
4504 1905 2684 2680 3083 2548 
4505 1016 1879 3083 1319 
4506 1016 
4507 2793 1265 1696 1424 1319 406 2959 3860 2548 
4509 1016 370 3083 2497 
4513 552 
4516 406 1045 
4518 408 
4519 1905 
4520 1696 1607 1319 
4522 1574 105 1607 2548 
4523 105 
4531 1574 
4534 1265 
4542 1991 1265 1696 1424 2548 
4548 2246 
4551 1607 
4554 1045 
4559 1696 
4560 105 
4561 1265 1424 
4566 1696 
4567 258 
4568 1574 2548 
4570 2548 
4571 1016 370 258 
4572 1016 1319 
4573 408 1424 
4577 1198 1265 1574 1424 
4578 1879 3083 258 1319 2548 
4579 408 853 1424 
4584 1024 2548 
4588 1265 
4590 1574 
4591 1265 
4596 85 
4599 1574 
4600 2548 
4604 1607 
4606 2241 408 1696 1607 1319 552 1045 
4608 1265 2548 
4609 406 
4610 408 1607 
4611 479 
4612 1574 536 
4617 1696 
4620 1198 1696 1607 
4622 85 
4623 1424 
4625 1696 1607 552 
4634 2367 406 536 2548 
4636 1016 2680 
4642 1607 
4646 557 2684 3083 552 
4652 1696 3083 
4654 1016 258 
4655 1696 
4657 1016 1905 1696 
4658 258 1045 
4660 2548 
4661 85 
4665 1991 1265 1958 
4670 1574 1696 1607 
4672 1607 
4674 408 
4679 1424 
4680 1265 
4681 1265 1574 1811 1607 1424 
4682 2548 
4689 2246 
4696 2838 1696 1607 1045 
4698 2548 
4704 2367 258 2548 
4705 1696 
4706 1045 
4707 1265 
4710 2548 
4711 3083 
4714 1265 
4717 105 
4724 2548 
4725 479 1607 258 
4727 1198 408 1696 1607 406 
4728 408 1879 1424 
4731 1016 1905 1607 1319 2548 
4732 1696 
4733 1607 
4734 3266 
4737 1016 
4738 1607 
4746 1607 1045 2548 
4747 1016 406 
4749 1265 2497 
4752 408 
4753 1905 1265 
4764 1016 408 
4765 2838 
4770 853 2367 1424 
4772 1574 1607 1045 2548 
4773 1607 
4777 2241 
4778 258 
4779 1696 1607 
4781 1607 
4783 1265 2367 
4784 1016 1198 
4785 1696 1607 85 
4787 1024 
4788 1696 
4789 1045 
4790 1958 
4794 3083 552 
4795 1265 406 
4799 406 
4800 1905 2548 
4801 3431 1016 1696 1319 
4805 1024 1607 
4807 3083 1045 2548 
4809 1024 1607 
4813 1696 
4814 408 
4815 1198 85 
4818 2793 2680 2548 
4820 2241 
4823 1265 
4825 3083 85 
4828 1574 1696 1607 
4832 105 
4836 1306 
4839 258 
4842 3083 
4844 579 
4848 1265 
4851 3083 
4854 1607 
4855 3083 
4856 1696 
4860 1198 1607 
4866 1991 1016 1265 1424 
4867 1696 2548 
4869 408 
4878 1265 1696 3083 1607 
4883 1574 1696 2548 
4885 1696 1607 
4886 1424 
4887 1016 1879 3083 
4888 408 
4889 1265 
4891 1045 
4897 258 552 
4898 1265 
4903 1696 1879 3083 1024 1607 
4905 1424 1045 
4906 1016 2367 
4907 406 
4908 1265 
4912 3083 
4914 1696 
4920 579 1696 1607 
4921 1265 1607 1045 
4927 3083 
4929 1016 
4931 1265 
4932 1265 1045 
4933 2959 1045 
4936 1811 1424 
4937 2241 
4939 1424 2959 
4941 1607 
4947 2959 
4949 552 
4950 1319 
4951 258 
4952 1607 
4955 2793 3083 
4956 1265 1424 
4957 1016 1265 1696 406 1045 
4958 1265 1607 85 2959 
4959 1107 
4961 1607 
4962 1696 1024 
4963 1265 
4966 1607 
4971 1905 1696 1319 
4974 1607 
4976 1265 
4978 1265 1424 
4980 479 1879 2705 3083 1607 1424 
4984 1696 
4985 1696 
4993 1696 3083 1607 
4994 1045 
4996 1958 
4999 1905 1198 1574 
5000 408 2959 1045 
5004 1016 85 
5005 1016 
5007 1319 
5008 2959 
5010 1696 105 1024 1607 406 2548 
5014 1016 1574 1696 2959 2548 
5017 1607 
5018 1265 
5024 1265 
5025 2548 
5033 1607 3860 
5034 370 
5037 1265 
5038 1607 
5039 1024 
5041 1424 1045 
5045 1991 1879 1319 
5046 1696 
5048 1424 
5051 3266 
5052 1696 1607 2548 
5053 408 3083 1424 1319 
5058 1574 
5060 1016 1265 105 
5062 258 1045 
5069 1265 3083 1424 
5073 1265 3083 
5081 1107 1424 
5083 2838 
5084 3083 1424 
5085 2548 
5086 1905 258 
5087 1696 
5089 3083 1024 1607 
5095 1265 3083 85 
5098 2246 2548 
5099 3431 1016 1696 1879 3083 2367 258 1958 
5101 1265 
5102 1696 1607 2548 
5106 408 1696 1607 258 
5108 1016 
5110 3431 3083 1424 1319 
5112 3083 
5117 1574 2548 
5119 1696 
5121 2838 
5123 1424 
5126 1607 
5128 1607 
5130 1265 1045 
5135 1045 
5136 2548 
5137 1016 1319 
5141 2367 1424 85 2548 
5152 3083 
5154 1905 
5155 1265 1045 
5156 1879 
5157 1905 
5162 3431 1016 1265 2705 1424 1319 406 
5165 3083 
5166 1696 1607 
5171 1265 1607 
5172 2548 
5176 2548 
5177 3431 
5180 2241 
5181 1696 1607 
5182 1607 
5183 1696 1607 1424 
5185 1696 
5187 1045 
5190 2548 
5192 2241 1696 1607 
5197 1265 1424 
5204 2838 2241 1424 
5207 1265 1607 
5210 1607 
5216 1607 
5219 2241 1265 3083 1045 
5222 579 1265 1424 
5224 1265 
5226 2548 
5228 1607 
5231 1696 
5233 1265 408 1424 
5234 1696 
5235 1045 
5241 1607 
5245 1045 
5249 1696 1607 2548 
5250 1696 
5254 1045 
5255 408 1574 1607 
5256 1265 
5259 1265 3083 1424 
5264 3083 1319 
5267 1265 1045 2548 
5270 1265 408 
5272 3083 
5274 678 
5277 1265 1024 1607 
5281 258 
5282 1198 1696 105 1607 
5285 1265 
5287 479 2367 
5288 1016 579 3083 1424 1319 
5289 1265 
5290 3083 
5293 1696 105 
5295 3083 
5299 552 
5301 1045 
5304 1265 1424 258 1045 
5305 408 1696 2367 1607 406 
5311 3431 1265 1574 1696 1424 2548 
5314 2241 
5316 1265 2680 2705 258 
5318 1696 1607 406 1045 2548 
5321 85 
5322 1696 552 
5325 2246 
5326 2548 
5328 1991 1198 408 3083 1424 258 406 
5331 2548 
5332 1265 408 1607 258 3543 
5334 1424 
5335 85 
5336 2959 
5337 1696 
5340 1265 
5344 1265 2548 
5346 1607 
5348 258 
5351 2959 
5354 85 
5358 1024 1607 
5360 1016 
5363 2548 
5364 1574 1696 1024 1045 
5366 1607 1424 552 
5367 1607 
5368 1265 552 
5370 1696 3083 1424 
5374 1424 
5385 1024 2548 
5386 1265 408 1607 1424 258 1319 2548 
5393 579 1696 1607 1424 1045 
5395 1016 
5396 1607 
5400 258 
5403 1265 
5404 1607 
5411 1696 2367 1045 2548 
5413 1607 2548 
5417 1265 1424 552 
5419 105 
5421 1879 2367 406 
5425 1905 
5427 1607 258 1045 
5428 552 
5429 105 1045 
5430 552 
5431 1879 
5432 1607 1424 
5433 1265 1607 
5436 1696 1607 
5439 1696 
5442 1265 1024 1607 536 2548 
5445 2684 
5446 105 1424 
5447 678 3083 2367 258 
5448 2548 
5449 678 2367 1319 
5451 1607 1045 
5452 1696 1607 
5456 1696 
5457 579 2367 1607 
5458 2838 2246 
5465 2548 
5467 1198 1265 408 1696 
5468 1607 
5471 2548 
5472 1696 1607 
5473 1607 
5474 1265 
5478 1265 
5481 1265 1045 
5482 408 105 258 
5487 1265 678 1607 
5489 2548 
5490 1265 
5491 2548 
5492 1424 
5496 1265 
5498 408 
5500 1265 1424 
5503 1016 105 
5510 3431 1265 1879 1607 2548 
5511 2548 
5513 2838 
5516 1879 
5518 2548 
5519 1016 105 2548 
5520 552 
5521 1265 479 2367 1424 552 
5522 2548 
5523 105 
5525 408 3083 
5529 1265 1424 
5530 1574 
5535 1607 1424 
5537 1016 1265 
5538 1265 3083 1424 
5541 3083 
5542 1265 1607 1045 
5544 3083 
5546 1265 1045 
5547 258 1045 
5549 408 
5552 1574 1607 
5553 1696 
5554 1045 
5555 1016 1607 
5560 2241 1607 
5564 2367 1607 
5565 1107 
5566 3083 2367 
5567 1696 1024 8 2548 
5568 1265 258 
5569 105 
5572 408 
5573 1905 
5575 1016 2548 
5579 1879 1607 
5594 1607 
5596 2246 
5598 2241 1045 
5603 1198 1607 
5604 2793 1905 1265 258 1045 2548 
5613 1265 1696 1024 1607 85 1045 2548 
5621 1265 1879 
5622 1265 1424 
5624 1265 1879 
5626 1424 552 
5627 1424 
5628 1265 3083 
5629 1607 552 1045 
5633 105 1024 1607 
5635 579 1265 1607 
5642 1265 2680 1879 3083 85 
5643 1607 
5644 1696 1607 1045 
5652 1607 
5653 1265 1607 1424 2548 
5656 1607 2548 
5657 552 
5660 1016 
5662 1607 
5663 1607 1958 
5674 1574 1696 3083 1024 85 
5675 1424 
5676 1016 
5677 1024 
5681 1696 2548 
5682 258 
5683 1265 1424 85 
5688 1265 
5698 1696 1879 1607 2548 
5700 1016 
5701 1016 2838 
5703 1045 
5704 1045 
5706 1424 
5714 1696 
5715 1016 1696 
5716 1016 1265 1607 
5717 408 
5721 1265 3083 
5723 1265 
5727 1265 2959 
5732 1607 
5733 1879 
5737 2241 1905 1265 1607 
5743 3431 1016 408 258 1319 
5746 1016 1265 2705 1607 85 1045 
5748 1607 
5751 1016 1424 
5753 1265 3083 
5754 1198 1265 3083 
5756 1696 
5758 408 1696 1607 1045 
5759 2684 
5761 1016 
5762 1016 1107 1265 479 1696 1879 1607 1319 552 406 
5764 1319 2548 
5766 1905 1607 
5768 1696 
5775 1696 
5777 1607 
5778 1265 1607 
5779 1574 1024 536 
5781 1016 
5785 3083 1424 
5786 1016 1696 105 3543 
5787 3431 1991 1265 1319 
5791 1424 552 85 
5793 1265 2959 
5794 1016 1905 1265 408 2684 2680 1696 258 552 85 
5798 1696 
5800 1696 
5805 408 3083 
5808 1424 552 
5810 105 1607 406 1045 
5811 2241 2367 1424 
5814 1607 
5823 1016 
5824 1424 552 
5826 2548 
5830 1016 2241 1265 408 1574 1696 2367 1424 258 2959 
5834 552 
5836 1574 8 
5838 1016 
5839 258 
5840 2241 
5842 406 
5846 1016 1607 406 2959 1045 2548 
5847 1574 1879 3083 2367 1319 
5850 105 
5852 1696 
5853 1696 1024 1607 2548 
5861 1574 1607 
5864 1607 
5873 1607 
5877 2838 2241 408 1574 105 2367 406 2959 
5879 1265 1696 105 1045 
5885 1016 1265 
5887 3431 1424 552 
5889 1107 1265 1424 
5895 1424 
5901 1607 
5904 1319 406 
5907 105 2548 
5910 1696 2548 
5914 1024 1045 
5916 2548 
5919 1265 
5921 1879 
5923 1574 
5924 1198 
5926 408 
5937 1265 1424 
5941 3083 552 
5947 1265 1879 258 
5949 1607 1424 
5951 1045 
5953 1198 1265 1574 1696 1024 258 1319 
5954 1991 
5955 1424 
5959 2241 2367 
5960 1696 2705 
5962 1696 
5963 1016 1265 1696 105 1424 406 2548 
5971 1905 1265 1607 1424 2959 
5977 1016 2959 
5979 1319 
5980 2959 
5989 1265 
5995 1016 105 2548 
5996 1607 
5999 1607 2548 
6000 1607 
6001 3083 
6002 408 258 
6006 2548 
6009 1879 
6012 2838 2705 
6014 1265 
6015 2241 1265 3083 1424 2959 
6017 1607 
6035 1016 1696 1319 2959 
6036 3083 
6039 1265 
