9 1353 
16 3458 1353 
18 3458 1353 
19 3458 
21 3458 
32 3458 919 1353 
33 3467 
35 3458 1353 
41 3458 
43 1353 
52 3458 1353 1640 
57 3458 1353 
61 919 1353 1954 
64 1353 
101 919 
103 1954 
104 1353 
108 1353 
115 3458 
116 3458 1353 
120 3458 
121 3458 
122 3458 
126 1353 
128 1954 
145 1353 
147 1353 3383 
148 3467 3458 1353 1954 
150 3467 1353 
156 1353 
161 3467 
164 1334 3458 
166 3467 
168 3458 3383 
172 919 1353 
180 3458 
182 3458 
187 3458 3383 
188 3383 
189 1353 
192 919 3081 
194 324 3081 2533 
197 3458 1353 
198 3467 1353 
201 3467 1334 
203 3458 
219 1353 
221 3383 
230 3458 1353 
241 1353 
249 3383 
254 3458 1353 
258 1954 
260 1353 
262 1353 
271 3458 1954 
274 1353 
277 324 
283 3458 1353 
287 3458 1353 
291 1954 
294 3458 
295 3467 
299 3458 1954 
300 1954 
302 3467 
307 3458 1353 1954 
308 3458 
309 3467 
315 3458 
318 193 1954 
325 3458 
328 1353 
330 3467 
335 3458 1353 3383 
336 324 
337 1353 
342 1353 
348 1954 
354 3467 3383 
362 3081 
363 3467 
367 1954 
380 1954 
387 919 
391 3467 
397 3383 
399 3458 
401 3467 
402 3467 3458 
408 3458 
410 1353 
411 3467 3458 
414 919 
421 3458 
423 3458 919 
424 3458 
425 1353 
428 3467 
431 1954 
437 3467 3383 
439 1954 
441 1353 1954 
452 3458 
460 3458 
475 3458 1353 
476 3458 1954 
481 1954 
490 3467 
508 1353 
523 324 3458 3081 1954 
527 3467 
529 3458 1353 
530 3467 
532 1353 1954 
533 3467 
535 3458 1353 
538 3458 
542 324 3458 1353 
546 3458 
548 3467 3458 919 1353 1640 1954 
549 3458 1353 
555 1353 
556 1353 
557 3467 
559 1353 
565 1353 
566 1353 
569 3467 
574 1353 
576 3458 
578 1353 
582 3458 
587 3467 919 1954 
589 3467 
590 919 
601 3458 1353 
609 3458 
611 3081 
612 3458 
622 3458 1353 
623 3458 
630 3458 
638 3458 
649 3383 
653 1353 
659 1353 
666 1353 3383 
668 1445 
672 3081 
673 1353 
675 3467 1954 
676 1353 1954 
677 3458 
686 3458 
688 1353 
689 1353 
695 3467 1353 
697 1353 
701 1954 
707 1954 
709 1353 
711 324 1353 
712 3458 1353 
713 3458 1640 1954 
715 3458 
720 3467 3458 1353 
728 1954 
730 3467 919 2977 
734 3467 1353 
735 3458 
737 3383 
738 1353 
741 3458 
743 1353 
748 919 
751 193 
753 3467 
756 3458 1640 
764 3458 
769 3467 3458 
777 3458 
779 3458 1353 
780 1954 
786 3467 3383 
787 3458 1353 
790 919 1353 1954 
791 1353 
799 1353 
800 54 2977 
801 3458 1353 
807 3458 1353 
815 1353 
816 3458 1353 3383 
821 3467 919 
829 1353 
835 3467 
838 3467 3458 1353 3081 1954 
845 1353 3081 
849 919 
852 1353 
853 3467 
855 3081 
857 3458 1353 
858 3081 
859 324 
864 1353 
867 1334 
868 3467 3458 1353 
874 3383 
875 3458 1353 
876 3458 1353 
880 3458 1353 1954 
884 1353 
888 1353 
890 1954 
891 3458 
896 3467 1954 
898 3467 
910 1353 3383 
912 3458 1353 
918 1353 
920 3458 
921 1353 1954 
923 1353 
927 919 
928 3458 1353 1954 
930 919 
936 3458 
944 3467 
947 1353 
948 3458 1353 
956 3467 
962 1353 
965 3081 
969 3383 
970 3458 1353 
974 3458 2977 3383 
982 1353 
983 3458 1353 
987 3458 
992 3467 
994 3467 
995 3458 1353 
998 1353 
1000 3081 
1003 3458 3383 
1009 1353 
1014 3467 919 
1017 1954 
1018 919 
1028 2977 
1029 1353 
1030 3458 1353 
1033 919 
1036 3467 
1037 1954 
1043 1353 
1050 3467 193 
1052 1353 
1057 3458 
1062 1353 
1067 1954 
1070 919 
1072 919 
1080 3467 
1081 3458 
1086 1353 
1087 3467 3458 919 1954 
1093 3467 
1096 3467 
1100 3458 1353 1954 
1111 1353 3383 
1113 3467 
1115 3467 
1116 3467 3458 919 1353 
1118 1353 3383 
1119 1954 
1126 1353 
1127 919 
1128 3458 
1129 1353 
1130 919 
1131 3458 1353 
1134 3458 
1136 919 
1139 919 1353 
1140 3467 
1141 1954 
1145 3458 
1149 919 
1150 324 3458 
1163 3467 193 
1171 3467 
1175 1353 
1178 1353 
1180 3458 1353 
1181 1353 
1183 193 
1185 1334 324 3458 
1187 1353 
1193 193 
1197 3383 
1201 1353 
1202 3467 3458 2977 
1205 3458 
1206 3458 
1207 3081 
1218 3467 3458 1353 
1220 1353 
1223 919 
1229 3458 
1231 3467 
1239 3383 
1242 1353 
1243 3458 1353 
1244 3458 
1245 3458 
1251 1445 
1253 919 
1263 3458 
1270 3467 
1281 3467 
1282 3467 
1283 3467 1954 
1284 1353 
1292 3467 
1297 1353 1640 
1298 1353 
1299 1334 
1300 1353 
1302 3458 
1305 1353 
1307 1353 
1310 1954 
1311 3458 
1316 3458 1353 
1319 3458 1353 1954 
1321 919 
1322 919 
1324 1353 
1328 1954 
1330 3467 
1332 919 1353 
1337 3467 3458 3383 
1339 3458 1353 
1340 324 1954 
1342 3458 1353 
1343 1353 
1344 193 3458 
1353 3467 
1355 1954 
1357 1353 
1360 2977 
1361 3081 
1363 1954 
1366 3458 1353 
1368 1353 2977 
1372 1353 
1376 3458 1353 
1382 3467 919 
1385 2977 
1388 3458 1353 
1391 1954 
1394 3458 1353 3383 
1398 3458 3383 
1402 1353 
1405 1954 
1412 1353 
1417 3458 1353 
1419 3458 1353 
1421 1353 
1424 3458 919 
1443 3467 
1446 3458 1954 
1450 3458 1353 
1456 1353 
1457 3467 
1463 3458 
1464 3458 1353 
1471 3458 1353 
1472 1353 
1473 1353 
1479 3081 
1482 3458 
1488 3458 1353 
1489 3458 1954 
1490 3467 
1495 1353 
1496 1353 
1497 3458 
1501 3458 
1502 3458 1353 
1505 1353 
1506 1954 
1510 1353 
1515 1954 
1523 324 
1529 3467 3458 1353 
1537 1353 
1541 3458 
1543 1353 
1545 1640 
1558 3458 
1559 1353 
1563 1954 
1565 1954 
1570 3467 193 
1572 3467 
1576 3467 
1578 3458 
1583 1353 1954 
1585 3467 1353 
1586 3458 
1588 3458 1353 
1596 2533 
1597 3458 1353 
1599 1353 1954 
1600 3458 
1604 3467 
1609 3458 
1610 3458 1353 1954 
1612 3458 1353 
1615 3467 
1622 3458 
1625 3467 
1630 3467 193 
1634 3458 1353 
1638 3458 
1644 3467 
1646 3467 3458 1353 1640 
1657 3458 1353 
1664 3458 1353 
1665 3458 
1666 3458 1353 1640 
1670 919 1353 
1674 1353 
1675 3458 
1679 324 3458 919 1353 54 
1680 3458 1353 
1684 1412 
1688 1353 
1693 3458 1353 
1694 3458 1353 
1695 1954 
1697 3458 1353 
1699 3467 
1700 1954 
1711 3458 
1714 3467 
1716 1353 
1721 3458 
1722 1353 
1725 1353 
1726 3458 1353 
1730 3081 
1732 3458 3081 
1735 3458 
1736 1353 
1740 1353 
1745 3458 
1747 919 1353 
1751 3458 1353 
1754 3467 
1756 3458 1353 1640 
1757 2977 3383 
1758 3467 3383 
1760 1353 
1763 324 
1775 1353 
1777 1353 1640 3383 
1789 3458 1353 
1803 1353 
1806 1954 
1809 919 
1811 3458 1353 
1818 3458 1353 
1819 3458 1353 
1825 1353 
1829 3458 
1834 193 3458 1353 1954 
1836 3458 1353 
1838 3081 
1841 3467 
1850 1353 
1855 1353 
1859 1954 
1860 1353 
1862 1954 
1864 3467 
1869 3458 
1874 193 1353 
1876 3081 
1879 1353 
1883 919 
1887 1353 
1888 3458 
1889 1954 
1895 1954 
1896 919 
1898 1353 
1901 1954 
1902 1954 
1903 3458 
1907 1640 
1917 2977 
1919 1353 
1921 1353 
1925 1954 
1931 1353 
1940 1445 3458 1353 1640 
1942 3458 
1945 1954 
1946 1353 
1949 1334 
1953 1445 
1957 3467 
1959 1353 
1968 1353 
1973 1353 
1977 3467 
1979 1353 
1982 3458 1954 
1983 1353 1954 
1984 3458 1353 
1987 54 
1995 3458 1353 
2001 919 
2003 1353 
2009 3458 
2011 3458 
2014 3467 3458 1353 
2015 1353 
2019 3467 3458 1353 3081 
2024 1954 
2025 3458 
2029 3458 919 
2034 3458 
2040 3467 919 1353 
2041 1353 
2046 3467 
2050 1954 
2053 1353 
2054 1353 1954 
2055 324 3458 1353 
2059 324 
2062 324 3458 
2063 3458 
2065 3467 
2066 1353 
2076 1954 
2087 3458 1353 
2089 3458 1353 
2090 1353 
2097 324 
2099 193 
2104 3458 1353 
2108 919 
2113 1954 
2115 3467 324 3458 1353 1640 
2118 1954 
2120 919 
2123 1954 
2144 1334 1353 
2147 3383 
2152 1353 1954 
2154 324 
2155 1353 
2163 3458 
2164 1353 1954 
2166 3458 
2167 3467 
2174 3383 
2179 1353 1954 
2180 3467 324 1353 
2181 3467 
2185 3458 1353 1954 
2202 3458 1353 1954 
2204 1353 
2207 1954 
2210 1353 
2214 3467 1334 
2216 1954 
2221 1954 
2222 1353 
2224 3458 
2231 1353 1954 
2235 3467 
2236 1640 
2238 1353 
2243 1353 
2244 3467 
2250 3458 1353 
2252 1353 
2253 3458 
2257 3467 
2262 3458 
2269 1353 
2270 3458 1353 
2271 3467 
2275 1954 
2278 3458 1353 
2281 3458 
2289 3467 
2292 919 
2294 3458 
2301 3458 1353 
2302 1353 
2303 3458 1353 1954 
2311 3458 
2322 3458 
2333 3467 
2343 3467 
2347 3458 
2349 3467 
2350 1954 
2354 919 
2361 3467 
2367 193 1954 54 
2373 3458 
2377 1954 
2379 1954 
2382 919 
2388 1353 
2389 3467 
2394 1954 
2401 3458 1353 
2403 1954 
2414 1954 
2417 193 
2418 3467 
2423 3458 
2435 1353 
2437 1353 
2444 3458 1353 3383 
2445 3467 3458 1954 2977 
2452 3458 1954 
2453 1353 
2454 1353 
2455 1353 
2465 3458 
2467 3467 1353 
2477 1353 
2483 3458 1353 
2494 3467 
2495 1353 
2505 1954 
2506 1353 3081 1954 
2514 1353 
2525 919 
2528 3458 1353 
2538 3458 1353 
2539 1954 
2540 193 
2543 3458 
2565 1353 
2566 1353 
2574 3458 1954 
2575 3458 1353 
2580 919 
2582 3458 1353 
2589 324 
2591 1954 
2592 3081 
2594 1353 
2598 3458 1353 
2604 3458 
2610 3458 
2619 3458 
2623 1353 
2626 919 
2627 1954 
2628 3458 
2633 1954 
2637 3458 
2642 1954 
2644 3458 
2646 1954 
2648 1353 
2663 1954 
2664 1353 
2668 3467 
2677 3458 
2681 919 
2682 3458 1353 1954 
2683 2977 
2684 1353 
2688 3458 
2690 3467 1353 
2691 1954 
2696 1954 
2704 1353 
2714 1353 
2729 1353 
2730 1353 
2736 2977 
2739 1353 
2742 3467 
2747 1353 
2751 1353 
2752 919 
2755 3458 1353 
2760 3458 1353 1954 
2764 3458 
2767 1954 
2771 3458 
2773 3458 1353 
2776 1334 
2785 3467 
2789 3458 1353 
2792 1445 3458 1954 
2803 3383 
2807 3458 
2811 1353 
2817 1353 
2823 3467 
2831 1353 
2836 1353 
2841 1954 
2846 3467 1954 
2851 324 
2856 3458 1353 
2858 1353 
2864 1353 
2865 1954 
2867 3458 
2871 3458 
2872 3467 
2875 3383 
2877 919 1353 
2885 1954 
2886 3458 
2887 3458 
2889 1353 
2893 3383 
2894 3458 
2895 3467 
2896 3458 
2898 3458 1353 
2899 3458 1954 3383 
2900 1353 3383 
2902 3458 
2904 3458 1353 
2905 1353 
2906 919 
2908 3467 3458 1353 1640 1954 
2909 324 
2924 1954 
2927 3458 1353 
2928 3458 
2937 1353 
2940 1353 
2942 3458 
2953 1954 
2954 1353 
2961 1353 
2968 3458 
2971 324 
2982 3458 
2984 1353 
2991 3383 
2993 3458 
2994 3458 1353 
2995 3458 
2996 3467 
3000 3458 
3004 3458 
3006 1353 
3009 1353 
3011 3458 
3012 1353 
3015 1353 1954 
3017 3467 3458 
3018 1353 
3023 1353 
3025 919 
3028 3467 1353 
3030 3467 
3031 324 193 3458 1353 3383 
3032 3467 1353 
3038 919 
3043 1353 
3044 1353 
3048 919 
3050 3458 
3054 1353 
3055 3458 
3064 3467 
3066 3467 
3074 919 
3080 3458 1353 
3083 3383 
3084 1954 
3086 193 3458 
3094 3467 
3095 3467 1353 
3100 1353 3383 
3104 1353 
3107 3458 
3109 3458 
3111 3467 
3117 1353 
3127 1353 
3128 1353 
3133 1353 
3139 1353 
3148 3467 
3149 3467 
3156 1353 
3157 1353 
3161 1954 
3162 3467 3458 919 1353 
3168 1353 
3171 1353 
3172 3458 
3181 3458 
3184 3383 
3188 3458 
3189 3383 
3190 3467 3458 1353 
3201 1954 
3215 1353 1412 
3216 1954 
3218 3467 
3223 3467 919 1640 
3227 1353 
3229 3458 
3241 1353 
3242 3467 3458 
3245 1954 
3246 1353 
3256 3458 919 
3260 1445 1412 
3264 3458 
3268 3467 
3270 1640 
3271 193 1353 1954 
3273 1353 
3274 1954 
3284 3467 3458 
3293 1954 
3298 1353 
3299 1954 
3304 1954 
3307 324 
3308 1353 
3312 3458 1353 
3313 1353 
3316 3458 1353 
3319 1353 
3326 1954 
3327 193 
3340 1954 
3351 324 
3352 3458 1353 1954 
3358 1954 
3360 1353 
3362 3467 
3363 3467 
3364 3458 919 1353 
3365 1353 
3367 1353 
3369 3458 1353 
3370 919 
3373 1353 
3374 3383 
3388 3458 
3390 3467 3458 1954 
3392 3458 
3399 3458 1353 
3403 1954 
3409 3458 1353 
3410 3458 
3411 3458 1353 
3414 1353 
3415 324 1353 2977 
3419 3467 
3424 3467 
3425 3458 
3438 1353 
3440 3467 
3449 1954 
3453 3383 
3458 1954 
3459 1954 
3463 3458 1954 
3464 1353 
3468 3458 1353 
3470 3458 3383 
3472 1954 
3482 3458 1353 1640 1954 
3490 3383 
3498 3458 1353 1954 
3500 919 
3506 3458 919 
3507 3458 
3510 3458 
3511 1353 
3512 3467 
3515 3458 
3516 3458 
3517 2977 
3518 2977 
3522 1353 
3525 3467 1334 
3533 1353 
3538 1334 3458 1353 2977 
3539 3458 
3541 3383 
3546 1353 54 
3549 2533 
3555 3458 1353 
3556 3467 
3561 3458 
3562 3458 
3564 1954 
3567 3458 
3573 1353 
3575 1353 
3577 1353 
3580 3458 1353 
3584 193 
3588 3458 1353 1954 
3589 1353 1954 
3590 1954 
3593 3458 
3596 1353 
3606 3458 1353 
3609 3458 
3611 3458 
3613 3458 
3615 1353 
3617 1640 
3619 3467 3458 1353 1954 
3621 1353 
3623 1353 
3624 1640 
3625 3458 1353 3383 
3629 3458 
3633 3467 
3640 1353 
3644 3458 
3645 3458 
3647 3458 
3648 1353 
3649 1353 1954 
3650 1954 
3651 1353 
3652 1353 
3653 3458 1353 
3657 1353 
3658 3467 1353 
3664 3458 1353 
3670 3458 1954 3383 
3674 1353 
3675 1353 
3677 1353 
3678 3467 1353 
3680 3467 3458 1640 1954 
3682 3458 919 
3683 1353 
3684 3458 
3687 1353 
3690 3458 
3692 1353 
3694 3383 
3696 1353 
3700 1353 
3703 3383 
3704 1353 
3707 1353 
3711 1353 
3714 3458 1353 3383 
3716 3458 1353 
3723 1353 
3725 3458 1353 
3728 3458 1954 
3740 3458 1353 
3745 1353 1954 
3753 1353 
3755 3458 1353 
3756 1353 
3760 3458 1353 
3762 1353 3383 
3767 1353 1954 
3768 3467 
3769 919 
3770 1334 3458 
3777 1954 
3779 3458 1353 
3789 1353 
3791 3467 3458 1353 1640 
3803 1334 
3806 1353 
3807 1445 3458 1353 
3820 3081 
3822 3458 1353 1954 
3823 1353 
3824 1353 
3832 2977 3383 
3833 3458 
3834 1353 1412 
3835 1954 
3840 3458 1954 
3841 1640 
3844 1353 
3849 3383 
3869 3383 
3873 3458 
3877 3458 1954 
3881 1954 54 
3883 1353 2977 
3884 919 1353 
3891 1353 
3901 3458 1353 
3907 3081 1954 
3909 1353 
3913 3458 
3915 3458 1353 
3918 3467 
3928 3458 1353 
3930 1353 
3933 1353 
3939 1353 
3944 1954 
3946 3458 
3950 3458 1353 
3953 1353 
3955 1353 
3956 1353 
3957 1353 
3960 3458 1353 
3962 919 1353 
3963 1954 
3964 3458 1640 
3969 3467 
3970 193 
3974 1954 
3977 1353 
3979 1334 
3991 3458 1353 
3994 1353 
3995 3458 
3996 3458 
3997 3458 1353 
3998 3458 1353 
4000 1954 
4004 1954 
4006 3458 1353 
4013 1353 
4015 3458 
4017 1353 1954 
4019 3458 
4020 1353 
4027 3458 
4031 3458 
4032 3467 3458 1954 
4040 1334 1353 
4041 1353 
4047 3467 1353 
4048 3458 1353 
4051 3383 
4052 1353 
4053 1954 
4054 1954 
4056 1353 
4057 3467 1353 
4059 3458 
4061 3467 324 1954 
4076 3467 1353 
4077 3458 
4078 1954 
4079 3458 
4082 3458 919 1353 
4083 3081 
4084 3467 193 1640 1954 3383 
4088 3458 1353 1954 3383 
4092 3458 1353 
4093 3467 
4099 1353 
4100 3458 
4106 3458 1353 
4111 1353 
4113 3458 1353 
4114 919 1353 
4115 3467 
4117 1353 
4118 1353 
4120 3458 1353 
4121 1954 
4123 3458 
4125 1353 
4126 1954 
4129 1954 
4131 3458 1353 
4137 1353 
4139 3458 1353 
4140 1640 
4142 3458 
4143 3458 1353 
4146 1353 
4152 1954 
4155 3458 1353 1954 
4166 1353 
4167 54 
4168 3467 919 3081 54 
4176 1353 
4182 1954 
4185 3467 
4203 1353 1954 
4209 3458 
4211 1954 
4212 3458 1353 1954 
4215 1353 
4216 3383 
4222 1353 
4226 3458 1353 1954 2977 
4237 3458 919 1353 
4239 3458 1353 
4242 3458 1353 1954 
4244 1353 
4246 1353 
4249 3458 1954 
4252 3458 
4257 3467 3458 
4259 324 
4260 1353 
4264 1353 
4276 3467 1334 3458 1353 3081 1412 1954 3383 
4278 1353 1954 
4284 3458 
4285 1353 
4286 3458 1353 
4288 3458 1353 
4289 3458 
4290 1353 
4293 3467 
4302 1353 
4309 3383 
4311 3458 3383 
4314 1353 
4317 3458 1954 
4321 1954 
4326 3458 
4327 3458 
4334 3458 1353 
4341 3458 1353 
4343 324 3458 1353 1954 
4350 3458 1353 1954 
4351 324 3458 
4352 3458 
4353 1353 
4354 3458 
4355 1353 
4367 1353 
4372 1353 
4373 3458 
4374 3458 1353 
4376 1954 3383 
4378 1353 
4383 3458 1353 54 
4385 3467 3458 1353 
4386 1353 
4387 3467 
4389 1954 
4392 1954 
4395 1954 
4400 1353 
4402 1353 
4405 1353 
4410 3467 1353 
4432 3458 1353 
4437 1353 
4446 919 
4447 3458 919 1353 1640 3383 
4448 3467 1353 3383 
4449 1353 
4452 1353 
4456 3458 
4459 1954 
4460 3458 1353 
4465 1353 
4469 3458 1353 
4471 3458 1353 1640 1954 
4483 1353 
4484 54 
4487 1353 
4488 3458 1353 2977 
4494 1954 
4496 3458 
4504 1954 
4505 919 
4506 1445 3458 
4507 324 3458 1353 
4509 1353 
4510 3458 
4511 1353 
4519 3458 
4522 3458 1353 
4523 1954 
4524 1954 
4534 193 3458 1353 
4542 1954 
4552 1353 
4555 1353 
4557 1954 
4559 3458 
4567 193 
4568 1954 
4577 3467 3458 1353 1954 
4578 919 3383 
4581 1353 
4584 324 3458 
4590 3467 1353 
4591 3458 
4593 1353 
4599 3458 
4606 1353 54 
4618 3467 
4620 3458 
4629 1954 
4633 3458 
4634 2977 
4646 54 
4654 3458 919 1353 
4660 3458 1353 
4664 1353 
4672 3458 1353 1954 
4673 3458 
4674 1353 
4677 1353 
4695 3467 
4696 1334 
4699 1353 
4705 1353 1412 
4707 1353 
4710 3458 
4714 3458 1353 1954 
4724 1353 3383 
4725 1640 
4731 3458 
4734 919 
4746 3458 
4754 1954 
4773 3383 
4779 919 
4785 3458 1353 1954 
4787 3458 
4789 1954 
4800 3458 
4801 1353 
4804 1353 
4805 3458 
4807 3467 3458 3383 
4809 1353 
4812 3467 
4813 3383 
4814 1353 
4815 3467 1954 
4816 919 
4818 193 3458 1640 
4819 3467 
4823 1353 
4828 1353 
4836 324 
4840 1353 
4844 2977 
4865 3467 
4866 3458 
4867 3458 1353 
4870 3383 
4878 919 
4881 1353 
4883 3467 3458 
4885 3458 1353 
4887 919 
4888 3467 3458 1353 
4896 1353 
4900 3458 1353 
4903 1353 
4907 1353 
4914 1353 
4917 3458 1353 
4920 3458 
4927 3467 1954 
4929 1353 
4931 1334 1353 
4932 1353 
4939 919 1353 
4941 1353 
4945 919 
4947 919 
4950 3383 
4953 1445 
4955 1954 
4956 1353 1954 
4958 3458 
4961 1954 
4965 3458 1353 
4966 1353 
4971 3458 1353 
4977 1353 
4978 1353 1954 
4980 3467 2977 
4984 3458 1954 
4993 1353 1954 
4994 3383 
4997 1954 
4999 3458 
5001 3458 1353 1954 
5006 3467 
5010 324 3458 1353 
5019 1353 
5020 919 
5025 3458 
5037 3467 
5039 3458 1954 
5040 1353 
5041 2977 
5045 3458 1353 
5048 3467 1353 
5049 3467 
5052 3458 1353 
5057 919 
5058 1954 
5060 1445 
5069 3467 
5071 3458 1353 
5076 324 
5086 3467 
5089 3458 1353 
5090 3458 1353 
5093 3458 
5095 1954 
5098 3467 
5101 3458 
5102 3458 
5111 1353 
5119 1954 
5122 3467 
5128 1353 
5130 193 3458 
5135 1954 
5137 1954 
5141 3467 
5142 1954 
5143 3467 3383 
5155 1353 
5157 324 
5160 1353 
5162 193 3458 1353 
5166 1353 
5168 3458 
5171 2977 
5178 1954 
5179 1353 
5183 3467 
5204 3458 
5210 1353 
5212 3383 
5219 1353 
5221 1353 
5226 3458 
5229 1954 
5231 1353 
5233 3467 3458 2977 
5248 3458 1640 1954 
5249 324 1954 
5252 919 
5255 3458 
5262 3458 
5264 3081 
5266 1353 
5270 3458 
5271 1353 
5277 3458 
5280 3458 1353 
5281 3467 
5282 3458 1353 
5283 3383 
5286 3458 1353 
5288 1954 
5296 1954 
5305 1353 
5309 919 
5311 3467 1353 1954 
5316 2977 
5318 3458 1353 
5322 3458 1353 
5326 3458 1353 
5332 3467 
5333 3467 
5334 919 
5336 1353 
5338 1353 
5341 3458 
5344 1353 1954 
5354 1353 1954 
5358 3458 919 1353 1640 1954 
5362 3458 
5364 3467 
5370 3467 3458 
5371 3467 
5372 3467 1353 
5375 3458 1353 
5379 3383 
5385 1353 
5386 919 1353 1412 
5388 3458 1353 
5389 3458 
5393 3467 
5396 324 
5399 3383 
5411 3458 1353 3383 
5412 3383 
5417 1353 
5418 1353 
5425 1640 
5426 1353 
5427 1954 
5429 3467 
5430 3467 
5432 1954 2977 
5433 919 
5435 1954 
5442 3458 1353 1954 
5446 54 
5447 54 
5450 1353 1954 
5451 2977 
5452 3458 1353 
5461 3467 1954 3383 
5465 3383 
5467 919 1353 
5472 1353 
5474 1353 
5478 1353 
5481 3458 1954 
5483 3458 1353 
5484 1353 
5491 3467 
5492 3081 
5496 3458 1954 
5500 3458 
5501 3467 
5503 3458 1353 
5510 919 1353 1954 
5511 1954 
5513 324 
5516 919 
5517 3458 1353 
5518 1353 
5519 1353 
5521 3467 
5522 3458 1353 
5523 919 
5525 1954 
5528 3467 
5530 3458 
5534 3458 1353 
5535 1954 
5537 919 
5538 1353 54 
5542 1353 
5544 1353 
5548 1954 
5549 3458 1353 1954 
5552 3458 
5554 1954 
5557 1353 
5564 3467 
5566 919 
5567 3458 
5569 3458 1353 
5573 1640 
5574 3467 
5575 1353 
5577 3458 
5579 3467 1353 1954 
5580 3458 1353 
5591 3458 
5592 1353 
5594 1353 
5595 3458 
5596 1334 324 
5597 3458 
5598 1954 
5599 3467 
5603 1954 
5604 3458 
5610 1353 
5613 3467 1334 1353 
5614 1353 
5616 3458 
5619 3458 
5620 3458 1954 
5622 3458 
5626 1353 
5628 3467 
5632 3458 
5635 919 
5642 3467 
5644 3383 
5647 1954 
5653 3458 
5654 3383 
5656 1954 
5657 1954 
5659 1353 
5662 3467 1353 
5663 1353 
5671 3383 
5674 1353 
5676 1353 
5677 3458 
5678 3458 
5679 919 
5681 1334 324 3458 1954 
5683 3458 1353 
5695 3458 
5698 3458 1353 
5699 193 
5706 3383 
5708 3458 
5711 1353 
5713 3467 
5717 1954 
5724 3467 
5725 1954 
5726 3467 
5727 1353 
5730 3467 
5731 1353 
5737 1334 3458 1353 
5739 1353 
5743 3467 
5748 3081 
5754 3458 919 1353 
5758 919 1353 
5761 1353 
5763 919 
5764 1353 
5766 3467 3458 
5767 919 
5769 3458 
5770 1353 
5771 3467 
5775 3458 1353 
5777 3458 1353 
5778 3467 919 
5779 1954 
5786 1353 
5787 3467 1353 
5789 1445 
5791 1954 
5792 1954 
5794 1353 1954 
5797 3458 
5800 1353 
5808 3467 1353 
5811 3467 1353 
5812 3458 
5819 1954 
5823 3467 3458 
5824 3467 
5830 3458 919 1353 1954 
5836 3458 
5837 1353 
5838 1954 
5840 919 
5846 1353 
5850 1353 
5853 1954 
5861 3458 1353 
5871 3467 3458 
5872 3458 
5874 1954 
5877 3467 193 919 1954 
5879 1353 
5881 3458 1353 
5884 3467 1954 
5885 1954 
5889 1954 
5904 1353 
5907 3458 1353 
5910 3467 1353 
5914 1954 
5915 1353 
5916 3458 1353 
5922 3467 
5923 1353 
5926 2977 
5941 1954 
5944 1954 
5947 919 
5951 919 
5953 3458 1353 
5954 1353 
5955 3458 
5957 3458 
5963 3081 
5971 1353 
5979 1353 
5980 919 
5982 1353 
5983 1353 
5989 54 
5993 1353 
5994 1353 
5995 1353 
6002 1353 1954 
6005 2977 
6006 1353 
6009 3458 1353 
6012 2977 
6017 3458 
6020 1353 
6023 1353 
6029 3458 
6036 919 
6039 1353 
