132 623 1956 333 2503 2995 1823 2928 352 1076 1577 1626 453 61 2486 795 3729 3722 3079 2638 2530 2849 1572 1058 1951 1678 3339 216 3510 2472 2789 3317 3415 2617 1385 1624 1449 1568 1575 1455 1755 3202 3192 3774 2504 2693 3407 1337 3141 1959 2837 487 346 589 1251 1581 2647 1166 588 1085 2260 1772 1672 315 2813 1326 3496 1226 1931 1081 2477 1576 2936 1854 2322 1614 1372 148 1989 3142 593 3117 127 21 297 2199 1899 263 1890 1108 450 2619 2772 3107 523 3186 
137 790 1575 930 3672 1215 162 1073 49 2843 2878 290 1506 3295 46 1931 27 2288 3014 847 1458 589 3695 92 3231 2789 3366 293 3682 1203 
158 2416 3684 2530 2327 2637 1180 2647 2503 3509 3339 3546 3045 2619 1215 2918 1959 2001 2812 2693 2655 3682 2649 2694 
166 1034 2199 3683 1656 3846 274 3686 3216 3485 3879 3509 3467 3465 3446 3791 3412 1646 3229 
204 293 1284 257 3661 3474 1250 918 1274 2231 1196 1241 3798 898 1852 147 3001 1885 109 3258 3745 1194 1211 1234 1215 1228 1218 1113 3161 1255 3827 3749 3045 585 1213 2867 3877 3198 290 3682 2855 2802 1061 1023 912 3434 1884 1062 1180 1258 850 1287 2458 2722 2039 3294 1220 2961 1198 3439 1995 943 939 1223 1232 1179 847 1245 2060 1216 2693 315 893 740 1575 1193 892 1766 2848 1254 1256 
298 1183 2608 160 2789 33 1156 2694 1214 152 1186 13 293 3445 2897 3412 2991 2321 2938 537 1202 1239 1883 1189 847 2690 1670 2999 916 1256 1120 1227 3212 243 1131 1995 1207 103 3841 3827 1860 1264 3291 908 2659 1284 2735 901 1499 2364 1203 1220 1366 900 2617 941 552 
317 3474 2286 2008 3614 2327 1890 311 908 1944 2647 3315 2321 3107 3682 2267 1176 
396 2125 2789 1287 1250 1959 1219 523 2502 1656 3045 1182 1179 957 1023 1220 1180 1178 1215 453 1196 585 72 257 1617 2849 1268 
453 2723 705 2631 2903 1283 3446 1816 3841 2544 1195 3823 604 3793 1899 793 31 467 257 2036 1607 2991 2081 768 3683 2735 3614 2213 774 3060 574 49 1178 28 665 533 3039 232 2725 2692 1255 2907 1265 178 1245 3827 3840 3401 2951 1254 657 1854 3259 1683 2789 1186 1373 1063 2641 3107 1120 29 3678 2719 3452 1425 1225 528 3466 1028 1064 2326 2701 3105 1468 1333 81 1593 2302 2225 3475 589 2222 2105 220 3798 1454 1548 2069 2024 2040 2043 3078 3091 2623 1181 2890 2324 1192 655 1188 2722 1058 2633 
515 585 2327 1196 2536 1568 890 3447 450 3109 2600 1188 109 2078 2595 1274 257 2593 1178 938 1246 2693 3866 589 2643 901 908 2125 1220 2619 2847 3509 1006 
565 551 2231 2975 3507 2183 1757 2502 2039 467 2640 1202 2213 3327 510 1726 1241 589 1375 3766 1177 1058 1353 3329 1814 319 2014 1995 3328 1254 3293 2788 1599 2553 2983 1989 3602 604 1132 2614 2693 1181 606 2801 220 1197 3431 1204 789 1258 2931 316 731 464 1237 196 3184 3676 2068 1491 
686 1372 2031 3634 2222 2220 511 151 46 1785 1695 453 333 2386 257 1192 1384 1081 2290 3827 2077 2179 2039 698 1951 1359 1023 1188 3459 49 352 1322 69 244 101 1424 35 1721 1726 3678 450 1196 551 1602 1959 1550 525 1847 222 1416 3031 2076 1628 285 1816 23 33 3039 353 1543 3187 1593 547 2872 505 589 313 421 2355 3407 3633 1568 2631 2337 523 2 1591 2734 3617 477 2502 1182 1468 583 2602 890 3458 1245 1828 1502 1076 1529 2338 1683 539 3488 345 1337 2928 604 1085 232 3032 10 2286 2174 2284 2252 2530 3436 163 535 585 31 2559 1349 1491 1111 315 373 1073 1582 1584 1179 3349 2789 2327 1634 1163 1043 2571 3003 2951 2733 
815 232 2647 740 1132 1324 3106 1896 1224 3661 912 1185 1928 1539 3012 1234 668 1202 918 314 770 1268 891 1301 1215 1120 3402 1354 1575 665 257 3630 897 2011 892 1855 2385 3719 2719 2012 1568 2031 1948 1672 907 353 1263 1258 943 2588 1262 1353 2677 2848 2459 2693 2816 2036 453 1355 1272 2222 886 338 1329 2728 3360 1220 911 2878 2105 1350 2460 1977 1236 1176 1543 1628 1366 1181 908 2327 898 1894 3606 957 109 1180 1250 1238 900 3602 2324 1284 1211 
845 3629 1892 109 3293 2922 2968 1322 2582 1078 262 2576 1058 1737 24 1209 2733 2105 3634 1617 2569 3081 2735 1258 3239 2821 994 2249 3632 1482 2337 3290 257 1356 2046 907 909 1353 33 2031 1279 1241 1246 2565 3117 595 2336 1933 1274 1239 1932 1373 453 1192 2585 1931 3637 3794 1265 2693 1195 1250 3614 1017 2075 2852 1913 1468 3660 586 1268 3855 3657 2572 2677 1196 2179 1949 2026 3569 2568 537 2789 3355 2637 49 3184 1672 1178 3452 2292 2047 1329 1220 2802 847 3429 2950 293 3559 3198 3401 3206 2334 2021 2502 148 642 163 1245 585 2965 589 2890 1271 3235 3258 2297 2849 2970 2458 1202 1081 1885 46 3566 1176 3712 996 1985 1023 2178 1063 1182 3294 3755 1120 2938 1683 3003 2631 3570 1233 1789 3035 1073 1253 2647 1113 2571 705 
873 257 2384 1160 2458 1366 1313 2139 847 1249 2595 930 892 1327 891 1201 938 1194 1238 957 
874 3485 453 2645 3383 3878 2288 3793 2326 3204 2631 3729 2502 558 3547 1372 3286 3716 3675 1324 2821 3846 711 110 2937 3812 1326 3656 2693 735 2623 2702 1382 3787 3548 
897 3443 1230 3290 1959 1180 3441 3486 523 642 1178 896 3352 1533 1192 2849 257 3724 3086 1899 1647 916 
926 3684 3878 1369 2806 2791 2623 2220 2326 436 2736 2614 539 2039 516 319 3509 3190 376 1843 2267 3555 10 1207 2637 2233 1180 2337 3545 373 3459 353 2349 593 2625 481 467 38 2602 3716 1171 1436 1455 
929 2192 1584 315 
1003 2789 2640 1029 907 1271 0 2036 220 3090 1012 453 1208 1262 33 2847 3294 2192 3569 2233 2232 3328 1178 3701 3634 2647 3412 1959 2016 409 1539 2965 2302 1991 2792 1630 2648 2473 3106 1109 2225 2877 3738 3084 110 1357 1655 2631 1931 108 3144 163 1180 1182 352 1050 2421 3045 1192 3329 2030 2810 1568 2637 997 1546 2284 2983 1245 1250 996 2899 1268 2027 3724 1366 2970 2921 1246 510 3542 1566 2723 3372 2433 1943 2722 2922 3327 2345 2025 1842 586 513 2964 3184 1932 349 2337 2286 1236 490 2041 3352 2033 724 1641 438 2502 3458 1351 3383 1258 363 2571 3602 770 1355 3105 2794 1664 109 1255 585 2719 1023 588 2070 1197 1120 1455 376 3702 1849 2307 2021 1179 584 1933 3798 1202 1942 2252 2878 1242 2081 360 3566 2046 1382 2125 591 481 2803 818 1015 2918 850 10 2066 314 1010 1064 2559 3186 3232 1468 1732 1899 3109 1491 
1111 2011 2693 908 15 1196 1656 2647 1421 711 2922 2245 2045 2222 1566 3629 2637 2336 1506 1925 1282 5 148 1928 430 1979 1393 868 49 2125 1074 360 821 2219 1220 1200 1937 724 1111 1058 1195 220 3379 1168 1211 2559 3566 1189 1499 1227 3845 547 1607 2788 3231 2307 2821 2327 1949 957 1568 907 2470 333 1180 612 655 2728 2918 2937 1789 1989 1321 891 1238 3120 1073 1455 589 35 1647 2337 3191 700 1914 2631 1287 912 31 1009 1254 2641 3117 1212 2047 3184 3676 773 3798 942 3031 1267 928 2511 585 1591 1313 1934 1012 471 3555 1553 1022 2890 3091 1816 2260 1672 1250 3599 3402 2701 3383 1085 2530 1257 539 293 2571 3009 1010 2965 3654 1848 1178 257 1263 504 2847 2068 373 1885 3546 243 10 3196 139 2617 1899 1239 47 2290 46 1132 2286 1016 1491 1642 1533 3090 2204 1366 1372 735 1670 2098 1265 1222 2070 1998 3569 1942 364 1023 2931 1696 1634 1375 2297 2849 2325 1205 496 2670 1595 1273 1726 2020 61 523 1384 1913 490 1262 2071 1483 2928 2878 511 3430 1166 1468 1226 1838 591 584 2322 1385 1246 315 537 941 1015 1185 3180 1179 2659 376 2021 476 1277 493 3857 1324 2267 290 892 3724 1529 590 3684 305 0 1215 1207 2046 2012 1891 2009 727 1322 1182 1646 1482 2072 3036 3248 2735 902 3349 1232 1006 1337 1280 2846 3026 3186 3106 3195 1020 2839 1990 1206 855 24 2618 3153 3340 2351 525 586 601 1201 3045 2092 316 2199 1120 3187 33 1076 2378 901 3509 3827 2692 1599 1271 110 3441 527 1892 1192 1353 2027 3079 1680 2016 38 2255 109 1959 3291 2345 1582 2920 1115 1575 2018 3570 1028 1336 244 1673 604 2252 352 588 1373 3846 108 911 1335 1526 2502 1936 
1189 2076 3106 1072 1192 110 1539 523 2873 1335 2031 1085 1890 2789 3630 586 3003 476 1207 2847 2336 1937 
1233 3827 3878 1928 901 1250 2789 1192 3366 910 585 3412 3795 1627 1111 1180 257 2222 1959 1178 1232 918 2117 
1302 15 46 604 2928 2046 3196 1788 1314 2822 1375 470 2722 1238 2603 232 99 1232 1899 2849 1696 2690 2456 847 1274 1944 450 1189 1448 898 3683 2961 453 2169 3634 352 1941 38 192 539 3141 2916 1627 84 213 1372 425 1216 28 2282 110 1883 1223 3436 1806 51 2354 1591 345 1653 1114 3458 1680 1229 3035 2255 902 1928 2970 3002 1256 1566 3549 2880 531 373 0 2693 1207 1852 1227 3134 57 1074 3187 3482 220 1204 2351 2614 1816 3569 551 1197 3084 338 1006 123 436 3099 1132 1113 3637 1063 329 2297 956 503 2368 315 1234 1192 1683 1543 892 589 1499 1930 2394 2832 1854 1913 891 912 2852 3749 3203 2244 3483 2949 3738 2040 3539 3856 768 3753 1203 1211 665 3402 3614 1672 1215 1887 2232 2334 2879 413 3857 523 1181 2337 2105 1242 3105 3352 1073 116 3439 1218 2286 467 2007 1268 2918 2647 3355 148 3289 1284 1952 2326 2847 2098 1068 1617 2595 1079 3507 1349 3184 3841 1287 588 2789 1254 2502 49 1896 1230 2460 1120 3565 2252 2975 2433 1179 1322 1258 2735 3005 1847 3248 2459 2042 2219 257 1188 1255 1236 1656 3798 1366 3020 3435 1562 3607 228 1482 1373 879 2727 1437 1515 293 1081 290 3457 1726 775 1327 1575 735 3294 109 1225 1530 2890 3290 1568 2091 2267 537 821 1061 911 108 2659 1202 1885 2802 2899 1194 2390 1243 1815 2090 1023 3430 1220 1301 957 3038 1185 2309 1995 3407 1603 2967 2667 1250 2950 2846 1283 2386 3091 1734 2163 3113 1239 1241 1195 2719 3602 2726 1835 488 2633 1228 2041 2174 2964 1186 2199 2231 24 668 2530 462 1828 
1323 2802 3107 1195 956 3315 1220 1188 1212 887 1242 1120 2641 1180 896 1224 2693 2530 1064 2647 2999 1366 589 3026 1189 914 604 907 3435 1230 2726 2949 1236 1201 2832 1950 1186 1272 2327 1185 1227 1880 3352 1949 243 3339 2631 2789 315 
1334 1120 1247 1201 2530 2385 2897 2890 3487 1145 1205 2125 2327 3091 1399 886 1575 3725 1209 2735 1063 1064 333 109 896 1189 2249 1246 2326 3154 160 1195 3659 589 2631 847 0 3412 2109 1163 31 2710 2850 1211 3478 3014 1539 1210 537 545 1891 2170 720 3152 2623 315 910 1245 577 1227 1373 912 2220 3113 1371 1188 2178 1249 1203 1928 2998 2879 1157 3614 1283 293 3678 1190 1068 943 1996 2045 3129 1135 2928 2719 1216 740 1193 1172 1272 3857 1603 
1341 476 453 
1380 1203 10 1205 
1423 1366 1321 1599 523 528 1384 2098 2491 362 3195 1668 250 1197 789 69 3012 2641 3430 2090 3310 2531 
1551 3106 159 2222 2821 2502 1695 46 855 1156 3360 2530 436 1391 2327 974 1171 1424 1893 49 2783 220 1245 153 1889 1002 1169 1268 1222 1250 315 2692 2244 1078 1276 1603 1545 108 2264 671 373 1995 352 1212 2081 3827 1073 2325 2999 2839 1539 641 35 1533 2025 1451 1439 1287 1652 1195 333 1335 1239 1892 1340 2755 2789 2290 1726 2728 591 20 655 1468 3379 160 1627 3615 589 2174 3109 243 2326 2000 1548 2617 1628 3740 2176 2243 33 1364 1631 2286 3100 1951 3187 3742 3317 2220 1624 1959 1214 1168 3273 1275 2001 1210 3036 1226 584 1207 3349 909 1163 1176 345 2322 293 585 1273 3008 3186 1575 2324 0 1246 2358 1670 1155 1108 3333 1595 1279 1656 2225 
1584 108 2916 376 2849 1287 1499 698 2617 3183 315 3474 1637 1113 1458 1932 2401 1078 1195 2821 1634 770 1931 3632 589 1214 1843 1597 1568 1575 2081 2209 1178 2039 2290 2728 2789 1171 2174 1672 24 
1625 315 3231 3823 3078 20 145 1816 15 1388 604 3509 726 3117 2537 1626 1238 269 2821 149 2789 1656 2241 3105 1046 1591 3767 244 1706 2644 213 33 1925 157 3840 2374 2267 186 1037 1680 3177 3036 3104 3878 3079 2832 3317 1815 1235 1726 1652 3248 3107 2542 2203 2097 69 795 3340 3724 1384 1439 1959 3686 1079 1258 2222 333 1771 1843 1627 232 290 855 2897 558 1607 2949 2643 1670 1104 40 982 2444 3682 452 768 1201 1318 3060 3204 2816 2907 1301 1668 2255 1197 1333 3012 523 1646 250 2320 1695 1602 3841 296 44 1766 3676 1225 3094 3827 3467 3529 1685 2677 1644 1036 293 3793 570 2641 
1636 2559 1286 3420 1131 1977 1851 1902 2722 1630 1644 2502 1300 1543 2386 194 2723 23 431 476 1696 2630 1 738 2847 778 2091 585 1351 59 3340 3412 2789 770 1848 
1637 2918 3823 3827 
1706 585 1155 1670 311 333 341 1337 1078 1776 1892 2961 232 2789 262 1214 2220 2693 1166 470 1073 3094 1260 297 896 1647 108 790 604 46 2821 2327 523 1211 3031 1249 2839 244 3091 1591 1959 2267 589 1648 3827 2432 1163 2091 
1707 3566 2647 537 2614 2928 1232 1575 2789 2907 589 2548 1192 1111 
1760 1898 1352 2899 2324 1350 1067 3434 1351 1058 1 1985 1353 1335 1696 2295 1355 2572 2071 325 
1761 108 3757 376 1176 1178 1182 2502 1180 585 1085 1575 2219 1959 1568 1883 20 2938 476 1539 
1771 1077 941 3474 3664 1192 2643 2630 3134 1111 2789 891 1081 2264 2286 2267 2906 2647 2688 
1824 2194 148 1388 1074 837 487 345 352 3654 1045 1572 1569 2056 3036 450 1959 589 1634 2839 3878 985 1180 3187 10 35 1375 3120 2252 2365 3443 169 1529 73 1819 1672 1543 3190 296 1226 315 1337 24 3291 530 2498 3397 
1887 310 941 3862 1353 1351 2072 3856 1355 3846 2324 2297 2073 476 1505 1001 1350 1354 1335 588 1192 
2027 1239 1264 1022 2386 2789 585 896 698 1180 1896 794 1222 473 108 3091 900 265 2091 
2050 290 604 1257 3106 476 5 855 1933 1575 3412 470 1954 641 1680 790 162 1742 325 2843 373 1630 352 1937 3177 1670 9 149 1163 3349 1162 2789 1260 2847 322 503 2204 724 982 1513 293 1562 3196 1335 2358 2209 2324 163 49 161 1533 2559 2548 1843 376 2511 1214 1729 1245 280 770 3187 20 2623 10 2098 1364 1375 1593 2502 80 489 3031 1599 1372 1166 2547 315 1351 31 38 2883 46 523 1959 1673 3497 1195 2630 2473 1852 21 1849 313 1539 1713 2412 1899 2694 
2139 1211 2850 953 2904 1178 2008 2750 1959 3292 2322 933 1163 2255 1243 2722 2007 918 1196 930 3129 3666 1176 3724 900 2617 3293 2220 1181 1236 314 3045 3602 3412 1575 1271 3106 1120 2848 585 3315 892 3435 1268 943 1373 3798 2647 1239 2847 1081 896 2117 1232 2968 1313 2061 2070 1207 2735 1366 957 1216 1280 2802 2112 1275 891 886 740 3083 1568 3560 909 363 1192 1250 1273 2728 1171 604 1287 3294 3393 476 1838 1070 2693 3066 1203 2031 589 1240 3694 109 901 3366 257 3290 2502 1156 847 1252 1928 890 3078 1215 1201 1179 2143 1224 2898 2170 1886 
2143 498 1917 1912 789 1913 1204 191 1911 2162 
2203 3306 3590 2592 2593 2595 2218 2596 2591 2587 2385 2594 1314 2598 2597 3864 2933 3808 1281 1233 2711 
2359 585 2802 1176 1064 1284 2252 3539 2337 847 2918 2722 1120 2588 3602 1258 2967 826 604 1192 1373 2647 1202 3425 3293 
2380 2789 2619 2643 2614 3020 2264 3134 1077 
2429 2849 1287 1023 1349 2970 163 2098 2302 257 2735 2722 3012 1931 2726 2199 2964 1373 1179 585 376 476 1384 3798 
2472 1385 1267 108 3198 3486 3555 2722 69 3757 3339 2460 290 3846 3684 3794 3882 2789 476 1074 2879 1896 3104 604 585 3827 3798 
2519 3823 537 2283 2107 1163 408 3826 1242 1323 
2574 3349 588 1954 1204 2607 642 1556 373 3486 1568 293 1539 69 1179 1989 1885 2643 2847 1944 108 2637 3634 3187 1355 1180 2757 2638 1196 1324 2789 2812 1220 770 3509 2505 3315 2209 2693 1271 1807 2460 2645 1178 1533 3458 1023 3648 1203 3702 3607 1301 3229 847 2803 2647 1349 93 1848 289 1366 2345 5 1932 3430 1931 2364 1267 3339 1621 3107 2284 1545 2694 1933 2633 2046 
2607 1204 2904 1168 1033 2213 2255 740 1156 2327 1260 1806 2326 1188 2538 3785 1271 1847 1891 3430 3412 2280 3288 1816 1176 1888 296 3474 3039 1180 3672 1226 696 1273 1212 1253 293 51 1287 1120 1257 1206 174 1203 1181 1871 49 847 3273 2501 1073 359 1194 2442 2998 1883 1279 2282 1333 1950 3827 1145 2789 525 1272 2693 2918 1216 290 1199 1224 1116 1243 1189 1201 3294 892 900 1108 3014 424 1211 1568 1246 262 1134 1628 269 243 1337 3476 3028 2890 1252 3113 1227 1222 3855 2849 2432 2220 3349 1179 1680 2288 2937 1218 3355 2783 1195 3135 16 1064 1163 1169 1115 1276 2968 1899 315 1575 3083 1079 2398 921 1244 
2717 2286 61 1276 1446 1206 2364 655 593 1028 586 9 2336 3045 3379 1672 16 1892 2083 2176 476 584 535 3774 2351 819 428 3088 3199 3178 1551 1595 496 1547 335 352 353 1937 2315 33 1226 1721 2614 229 72 1336 1346 1282 1576 699 1632 1007 
2778 1201 3399 2169 1132 2928 1258 585 3801 2868 3855 3827 3398 3745 2867 604 2091 1088 3878 1190 537 3132 1883 1950 3366 896 2937 3666 2141 1203 3127 891 3412 3008 1210 3672 1941 3673 3661 2117 1184 892 1327 1212 1131 3866 912 1318 1179 2863 49 3529 109 1373 1188 2419 711 2579 674 2647 886 2722 3658 3439 3353 1068 2856 3024 1872 0 2179 3764 2279 1647 911 3339 1196 2692 3614 1249 3293 2220 1063 2794 2700 1232 966 2890 1120 2901 1199 3452 3292 1264 1885 1193 1884 1240 1064 3602 2719 
2989 2011 1371 1196 1214 583 2179 1015 1539 2012 1593 1081 974 1176 3132 2851 584 259 3435 1878 1224 1256 2803 1243 1276 735 2018 1168 896 316 790 3742 3289 2846 1068 2222 1268 1333 35 2327 3672 1205 886 1499 57 3278 1244 338 1816 1266 1065 520 1246 109 1628 1239 1009 589 79 1597 1022 49 353 3336 3021 142 16 2728 1222 847 2790 1284 1998 244 2061 2848 373 1890 898 3482 591 1179 1212 505 3585 1887 1892 604 892 740 1120 1070 3474 2999 1273 1220 453 1116 442 3291 148 1115 827 1227 149 3003 1204 360 477 47 1132 2300 2750 1279 1252 1272 525 3066 1193 711 2902 907 530 1061 2031 1210 38 24 3476 1079 303 3194 3393 2719 1261 887 2928 33 1078 2850 590 2174 315 2496 888 1274 1016 3682 957 3191 1250 1336 3614 585 1229 2693 232 841 1888 
2999 1176 724 1232 585 1182 1937 220 325 1178 1180 1196 548 3483 257 1543 1192 3289 1247 1245 
3086 1266 487 16 3125 2277 1767 3106 2460 1940 1075 532 352 1889 2726 3441 1529 1952 668 33 1956 1251 1951 2975 166 601 1385 347 3682 3455 1878 821 1539 2849 476 1664 21 770 1023 2056 1949 504 1111 3459 373 1672 1599 1180 1505 57 250 47 1 3477 263 1632 2075 527 148 1072 2174 108 3509 1726 1156 103 1373 1899 453 1825 246 827 1891 3190 1063 3443 3410 591 3684 1171 1533 227 1546 665 1447 3402 1267 905 1848 3694 46 2040 3003 1937 2618 2470 315 2225 505 345 353 6 3458 2386 604 2327 193 313 2660 290 1179 2271 1740 3036 2428 2027 1076 344 3045 2806 216 2247 1270 360 2935 3349 3522 3701 2124 2571 3738 1526 3764 1287 1823 3456 2337 588 3414 1577 2136 902 262 3084 1028 180 2338 1614 1088 2286 376 3645 2193 3724 1332 219 3175 3457 1482 1742 1931 1450 2098 1271 3823 438 229 826 1819 2336 2325 1684 59 3038 3032 2057 2595 3181 2757 2400 259 333 149 2548 2846 510 1595 936 589 1035 293 1455 
3092 2231 943 1062 293 204 976 2928 2367 1866 2125 3827 2860 1393 3229 2649 1232 1224 3740 1080 3248 3745 1211 604 3782 2821 2693 1341 3014 2975 311 1239 2326 3171 1891 1120 3009 2174 2789 1064 3804 3682 1258 2735 1134 1262 1951 3717 1373 886 3661 3839 1887 1244 3002 3474 3610 1268 1212 3094 3724 2857 911 33 2850 914 1022 1628 1181 3841 3691 1206 3083 1219 1275 1539 3789 711 1029 523 1061 3812 1190 2327 3761 907 1276 1249 3549 
3115 2222 3381 588 3740 1885 2125 1600 3194 3509 1085 2890 1180 1081 1366 257 3150 1220 3255 
3171 2890 1176 2928 731 3259 49 3039 1482 2693 1468 735 790 2473 1232 2623 698 740 589 330 293 1225 2322 3196 2527 1286 290 711 5 1353 3079 31 1950 1852 
3216 2941 1196 2617 2647 2873 1870 2504 368 933 1866 819 1065 15 2174 3476 2106 304 921 2327 3038 889 2243 1890 885 1595 1156 2355 2067 2847 3186 2842 1841 2046 3127 3191 3402 2496 1161 583 2016 1634 1430 47 1892 1243 1393 604 109 46 940 2071 335 212 2693 537 1080 303 1499 1952 1260 2360 1214 920 3410 2575 2789 1533 916 1069 1845 2975 1018 1224 1893 3039 608 1072 925 1332 1173 67 3178 376 795 711 2271 493 3746 2337 1888 2401 3715 2424 523 2385 1276 2037 1451 902 584 1556 1366 3379 1323 1007 901 1097 1998 3459 890 699 1672 3014 59 2710 3128 1273 1028 2502 520 3273 3692 338 296 2367 1022 3401 1199 3617 2470 3774 1954 2608 2286 2869 1686 476 166 612 357 1287 352 2347 1421 1257 471 318 108 1203 2850 908 1250 696 1336 589 2398 1220 2676 2670 585 1678 489 363 464 590 461 239 1338 505 903 922 904 957 586 2255 2394 290 924 57 511 724 3630 12 2288 360 3 3086 1949 233 148 1226 1035 1840 2176 3722 3429 1899 1113 3335 535 1078 16 1838 3002 81 1180 427 2965 2012 1015 2618 640 305 1359 
3275 2252 523 0 1804 3090 49 1166 2502 373 3181 315 
3295 143 3091 2650 1077 3107 2630 2619 3765 2928 2631 2907 3044 2641 2511 3012 3194 2614 2362 2637 622 2693 3740 220 2233 1892 1366 2703 2736 2326 2772 2359 2625 2771 
3389 2011 1132 1886 3045 1227 1214 1260 3028 1597 1891 3120 442 311 2290 894 2006 2300 1166 3655 1628 3009 735 57 2102 957 3116 33 2623 901 1238 1161 1078 1998 1070 2283 3718 1884 887 3129 1890 2850 3719 896 2901 3714 2802 3025 3749 3132 2856 1190 1881 2234 1950 3265 3155 1273 353 1211 1274 2063 1080 2789 1115 908 2999 1244 2639 1224 2062 891 611 262 1156 1205 3568 527 2170 3616 1081 966 2552 897 1999 2001 1889 1656 3631 1232 2348 2327 1276 1269 1072 3474 1068 1883 604 2608 1168 2991 3227 959 1240 1243 1245 2692 3682 1374 900 1108 912 2007 3088 2863 3083 1275 148 2874 1499 942 1878 2169 3099 2542 2481 2114 3290 1178 833 2276 2000 3098 3379 2621 3742 2282 3615 1088 2061 2012 2091 3281 1201 2663 1194 999 771 1087 1145 1632 
3400 2890 1673 1008 1491 900 3215 2338 500 3400 1182 1664 1882 1219 1109 1931 2924 3798 909 1643 1271 1 1933 1063 0 724 33 1022 364 1539 2255 2882 2324 2902 3425 907 847 1000 2327 1644 3227 3634 3352 3019 3671 3175 1284 1178 1932 3438 315 3418 1083 1183 3546 941 3555 1015 325 2992 3106 3585 1247 1215 2847 2846 2337 1232 1245 2803 1191 3293 2647 1868 1350 3522 2470 1264 2559 2571 2735 1405 2916 1258 3294 1985 3632 1188 3682 2204 997 3292 3602 31 2999 236 3684 3038 3613 582 1256 1849 1543 2315 3455 3612 1352 922 584 3144 2993 1884 1234 2072 770 2040 537 1885 2449 2066 1185 3013 1190 520 3429 376 1941 1267 2451 1950 3289 2966 1568 3381 2394 2065 3724 3606 2347 668 2695 912 2880 2303 1266 1575 2726 2963 2046 1006 1450 1239 1582 3483 1283 549 2302 1220 1242 2968 2875 1899 467 1227 3029 3569 3867 3482 1789 1888 1366 2125 2073 2722 1203 2351 887 1263 3743 3187 2253 1617 1335 2354 3382 902 1779 776 1628 1113 3202 2918 3129 1887 1064 3766 740 1238 942 3001 2329 108 1081 961 1455 2879 2725 4 2009 2648 3327 1550 2401 2013 352 2496 1212 2853 3297 2283 3857 3432 548 436 1355 1338 901 1940 3742 2654 1250 3045 1058 1023 903 1180 1937 1067 523 1192 257 3351 2390 1300 826 1282 1230 2637 6 3633 163 1010 2081 3664 1207 2286 10 2014 1274 2421 859 1179 1287 1277 3088 2012 3457 585 890 476 1272 1181 3474 110 2970 911 
3404 3456 1567 
3417 2890 1575 1652 1250 3479 888 1612 539 1206 951 3329 16 2805 1421 3184 1636 2821 1959 353 2315 232 40 1634 887 1539 1195 1696 493 2530 3012 1858 892 293 3349 1175 1163 3724 1393 2496 936 1262 1695 657 3186 2055 1816 33 3191 1452 2137 2872 577 2326 906 1104 1840 2502 1171 558 3107 315 655 38 910 935 3026 916 1081 1078 984 889 970 2222 316 827 622 3682 49 341 457 2928 2433 3198 2975 1871 1155 1223 0 884 768 510 1070 589 1468 2983 1647 1597 1593 2268 1166 604 
3503 966 2245 2847 3827 219 622 2623 476 3091 1265 2288 2530 1627 2511 2789 2641 1823 3086 1345 1251 1816 3186 1840 2322 523 293 2652 1582 724 1384 2918 3774 3782 2105 849 2928 2209 2647 1058 586 1897 2472 582 1632 1482 3105 2637 3823 3107 910 3487 315 2536 604 2890 49 1000 3840 1575 38 2327 1951 1663 2291 2251 3349 2693 1321 1680 2983 3288 1956 3833 789 2056 1766 847 2255 1791 768 108 2706 3 3248 262 1854 2630 3339 1925 3457 3009 1599 1171 3502 1826 
3507 1196 1182 2847 3794 2502 537 2643 2296 2789 2071 1220 3458 108 3231 1187 1546 585 1188 1533 1111 
3532 3349 353 1529 2220 1656 290 303 1696 373 148 470 305 3076 1672 1673 352 1591 1439 369 1670 1627 1166 1246 
3561 3187 2028 1271 770 31 3774 1891 2211 1251 1932 2444 3722 1250 3186 2670 1951 2327 2056 1372 1482 1935 902 38 2172 470 1268 1182 1280 1192 1119 2970 2470 3629 1607 1195 2548 1229 1287 3724 453 1239 1746 604 3045 316 1539 3522 263 2261 3675 108 205 437 3717 847 3658 887 2386 2046 2899 473 2918 1171 3190 2105 2171 376 2684 1245 372 2806 819 3485 2603 3548 1179 360 3092 262 3756 3111 476 2241 1116 2890 161 338 334 1047 3846 2337 2503 3637 3044 2873 46 3441 10 6 102 1942 1355 2092 591 589 583 1931 2225 2199 2267 3156 1627 2735 3381 2247 1668 907 1180 2194 3716 297 2252 505 2031 3704 2789 1705 1642 1888 3134 2777 1081 2757 2544 1898 3632 3619 33 1023 1656 363 3815 3184 2846 1074 1265 1617 3845 2847 374 2345 1178 1384 2097 1843 1599 3457 1626 2427 2265 1167 3195 2075 2928 2951 1326 1220 2338 2286 1337 1636 1578 293 2614 120 138 3458 593 2502 3465 1928 920 715 1634 257 738 1628 2180 2571 373 1046 3032 1318 2065 2098 1359 3733 3175 222 1892 934 3411 1899 436 3674 0 941 3192 1237 3509 1204 1937 539 1349 3003 1854 3430 2192 3322 2849 3180 584 513 2964 1104 1065 3141 2176 2572 959 1238 496 582 486 3079 768 1072 1169 1934 642 1207 1575 1373 1226 3185 1925 1900 1385 1075 1058 1439 2975 1063 2082 3443 3499 3031 1000 1491 585 1545 315 2179 3189 250 3751 827 1448 908 2081 92 3038 2637 2351 3812 26 1466 1807 2677 3827 3729 2433 1742 142 1926 352 1322 2910 
3648 3483 2283 1265 1887 1353 1951 1250 2179 3634 589 1015 537 1276 
3657 1224 1227 1176 3366 911 1840 1627 3447 109 1064 886 1211 1281 2595 537 1928 3847 1070 912 3435 2878 1230 1188 1232 75 1366 1284 2292 1896 1324 3634 3026 3769 2386 910 916 970 2543 3345 3742 1329 1159 2975 3732 959 2852 1190 896 3860 3399 3580 3602 1182 1229 903 290 2231 2711 1220 1727 1875 49 1539 2277 2630 770 1353 438 735 941 2107 3127 2719 2877 160 1247 1195 3848 2993 2048 3858 2091 1250 1252 2880 604 1218 1549 2789 1575 2588 1258 2899 3272 956 1568 1866 476 1333 3294 897 2460 2832 3666 1895 2484 1867 2282 2242 2485 3402 3175 2216 2219 450 1068 3633 1197 547 2419 2063 2462 2463 313 2502 2847 1180 1088 2464 2461 1183 1307 1491 2713 914 2794 930 1313 1228 1177 1207 1192 1201 3028 2714 1241 325 931 2233 589 740 838 1256 768 585 3132 3570 3378 257 523 2601 2385 
3672 31 2814 108 3273 436 3744 1274 2075 24 3402 1337 3192 2327 315 2279 2086 2789 2530 1176 1284 174 1224 2839 1207 1063 589 768 1894 1162 1243 2904 1448 293 1300 229 3132 3798 2527 1250 1959 3483 1015 1074 2938 352 2641 740 505 1265 1081 3648 3799 3392 232 2460 35 3141 1190 1885 1899 1278 3014 1942 305 1178 1287 957 1239 3614 3549 1883 1258 2326 348 912 1078 3003 2983 461 1553 900 604 1079 2907 2797 1279 1683 1371 1249 3790 1373 3355 2233 534 51 3724 1061 11 1245 2222 1043 3028 531 2220 1236 1215 1062 1630 3557 3740 847 1854 1204 2993 1182 1318 3291 
3718 2326 1892 2647 2693 2690 2701 3554 2351 2928 220 257 2529 2692 1726 2918 2512 1250 3045 2655 2789 3105 
3730 2502 3273 1959 3634 3633 3701 1197 770 
3741 1989 2260 3483 523 1220 1195 243 1925 2204 2470 3292 1539 9 2125 1448 3184 2701 589 1991 373 2847 453 2792 1180 1628 1204 1196 5 220 2614 476 1250 2266 1432 1268 1074 1382 807 409 3185 2722 329 1203 1441 178 2728 
3892 3546 3716 3555 3718 3567 3003 3752 3675 3682 3677 3649 3761 3678 
3936 257 3017 3634 2502 2728 3635 3379 585 2204 1405 551 1156 1862 2018 586 1063 2623 1575 2082 2942 1192 1179 907 1178 1271 453 161 1214 1058 1830 2105 1236 
3997 3767 2481 2458 1366 3402 1114 879 1081 3507 1855 1793 1300 1353 2038 912 537 1914 3635 2593 740 3632 1941 2579 3558 2450 3407 2577 1061 1238 3633 2048 1324 1301 3770 2277 1915 476 1233 2460 1327 1913 2832 1281 1178 2963 2591 2598 3629 2947 2585 2595 2459 2386 1201 2601 2218 2484 1325 3579 668 1925 1355 2385 1329 1321 2588 1928 257 1644 2718 1350 3637 3430 3458 732 
4049 3293 3184 2267 1182 1016 907 3483 2735 3402 1009 1081 1230 1838 1913 0 2219 1120 941 1239 1233 315 2875 1163 1468 49 453 1229 257 589 2890 847 590 1568 2965 1928 1195 1246 2902 1878 1190 1656 1245 1267 2880 908 1203 3602 3290 1250 585 1284 901 215 3045 2460 1227 1301 3141 1249 1196 1183 1204 1070 1176 1023 3352 1258 586 2693 290 1287 3634 2252 1178 537 2722 3539 476 3633 2999 108 3399 817 1617 1068 2847 2802 1063 2878 1272 1892 3393 436 1207 1366 1015 1180 1931 2009 1575 3474 293 1959 1595 2777 1238 
4051 3196 2502 2789 2847 3012 1899 3232 3724 1696 3198 220 1562 3509 3340 476 3682 3078 2983 108 3383 3412 3548 2623 1843 2928 3782 109 352 
4073 1176 329 2849 2416 228 1372 1575 768 2351 3134 1634 1214 1468 3441 1238 1959 710 1226 1074 956 
4126 345 2023 206 724 591 2811 1192 3106 773 1977 1937 314 2847 59 1541 72 183 1954 770 253 2196 1178 974 105 548 1505 1338 2502 313 476 2553 14 1976 
4138 827 790 2203 1037 470 775 192 31 1726 1372 1337 3407 2984 2937 3198 277 345 57 1644 338 1078 2327 226 1499 1647 3079 3039 1175 1696 232 2427 1835 2789 1737 1823 1424 1336 1727 1825 162 3724 269 1956 41 3107 2421 1625 316 2820 3545 547 3686 369 1318 641 551 2358 2617 1229 3177 1568 2315 1166 2621 535 2694 3430 589 2473 1732 1478 293 1590 1627 20 5 2693 1491 2090 2264 3186 3031 40 352 300 160 2002 2732 1437 2199 424 527 2822 1335 855 2284 157 756 1672 46 1454 2643 1634 986 2167 3349 1816 1474 586 33 376 3720 1680 278 532 1498 3732 290 1398 497 3106 596 363 2326 1385 1757 2288 2502 768 408 243 2220 2222 2368 1028 75 719 3466 1814 2267 3036 15 1195 2530 3089 486 69 2623 1636 1959 534 3181 840 1260 1225 149 1333 2096 319 796 523 1584 2086 1575 3187 349 2043 159 3317 174 821 2370 2251 453 145 3714 1746 3183 2843 1163 16 3094 148 49 1776 3742 342 979 1131 25 3150 3195 17 
4162 2286 2647 2327 352 2918 2117 3134 3315 2001 2789 2630 3509 1180 
4223 2710 105 3028 3615 2020 2011 590 592 2498 584 905 2355 1019 2640 3402 2007 3290 2992 1047 2918 1249 353 2654 2848 2033 2009 3682 974 1022 2199 1617 2722 907 1176 2066 3606 2025 2021 49 2849 2602 1287 2794 908 957 1882 2416 360 2137 1233 609 2806 3018 1067 3175 2619 1227 2325 921 233 601 880 888 1878 1179 513 2039 3662 2779 2803 2975 2071 47 3654 1203 2243 1063 3554 376 1068 258 1375 2960 2040 3393 2449 912 2286 886 898 2728 827 2677 1245 249 1196 893 892 2579 2877 2012 1372 2267 1232 486 3490 346 1888 2693 2027 373 2651 313 2105 591 2850 1880 2632 911 2056 3045 1989 3327 1064 1433 1875 1009 593 1083 1180 890 3602 3302 1261 953 10 2057 259 2846 2860 2327 2968 1015 2647 1547 896 2659 335 665 2081 2701 1998 1862 1885 2329 939 1224 795 2899 1023 16 0 1823 3480 3238 1672 1240 956 3083 1211 2502 3745 1720 493 1016 2015 535 891 1120 2638 487 1432 159 1265 671 1843 2621 2719 3352 642 899 1575 931 1740 2503 900 352 2014 1556 902 
4311 148 1273 1222 3610 2723 3823 437 315 1663 2623 1742 2326 3329 1815 1210 1814 1227 1739 941 1239 2284 44 547 2252 1076 1823 2302 3539 1250 38 2009 2846 2631 3455 1176 69 1384 3430 1539 2390 2046 1179 3336 1599 3632 1854 1932 1190 1064 585 3192 192 1373 1230 3879 2052 1636 3409 3429 220 1696 740 1566 1612 3379 1686 2286 1195 1085 1192 1936 3509 2070 293 1120 2048 1073 285 3486 2878 2332 478 1209 1453 3109 3232 1695 2718 901 1326 2199 46 316 2720 1628 2244 1021 450 2695 1607 3108 20 1673 3882 49 2222 3293 2386 1891 1807 588 1200 1727 2849 1081 257 1220 1546 855 1252 3683 1255 1046 2890 1940 2937 2839 453 2045 3013 1617 2773 477 2092 24 80 1301 1189 2951 1576 3383 583 1656 1337 3339 1318 1237 1937 1243 1077 470 2053 2789 1058 1934 3878 3112 1725 1732 1111 900 2970 591 2405 2081 1959 604 1204 178 277 2459 2665 3177 2337 3184 1163 1450 821 3761 1683 957 589 346 1247 2421 3135 2722 1271 2091 537 1188 908 3436 1989 1197 2701 2040 1568 1439 1322 3458 3798 3637 1169 2726 1953 1892 3602 1226 1757 2637 1063 551 1797 1913 15 775 1238 2928 2297 1627 1432 2757 1196 1483 2949 108 2071 1680 2527 2394 3150 352 1931 2693 3078 2559 2225 1246 3827 1928 1241 3327 2338 2879 427 88 1840 912 161 3616 109 289 1925 1584 768 1201 1277 2460 2793 99 1575 5 290 1965 3198 1701 2079 1045 671 2735 1582 2125 1448 3018 360 3826 3634 476 2950 3317 3528 3009 3617 3550 2530 2502 1177 3099 1468 523 1366 173 1088 2444 1178 1182 334 424 2318 622 2256 530 1104 2401 3614 0 2728 1265 3402 3181 1577 297 986 1491 3847 2964 2947 3570 250 3194 373 2279 3091 2511 2162 1 1593 1047 1329 3372 1548 1556 1905 3002 
4379 1932 3339 346 159 3722 1931 2072 1287 1599 3554 1842 589 1582 2512 1985 1250 3407 2607 373 2812 315 3239 2323 2364 3577 2075 3285 277 1034 3675 1889 911 1887 3032 1998 2031 21 3715 2536 3087 2653 2647 2171 2283 2638 3486 453 1673 2284 450 2076 1180 3181 1899 3107 98 
4460 2307 2548 360 2692 3352 2070 1941 2120 2098 1350 1354 2324 1491 1931 2092 1196 1113 1937 1898 2225 2789 1848 1335 313 1132 3555 1952 2064 2916 589 731 1192 2559 244 3619 1370 2918 770 1351 2788 3198 591 1355 740 1006 773 2352 2031 907 1353 3602 2361 2012 1943 2036 3564 547 1179 453 2631 1187 2899 3633 69 647 1543 838 2460 588 1188 1942 1539 1838 1204 724 665 3001 1180 537 2458 1281 912 1233 585 1258 2125 1081 476 1356 3106 3294 1255 529 3671 1205 1182 3458 1174 1595 1696 2071 1058 2206 3509 2719 1526 3724 3628 1197 1178 
4464 1211 2249 1201 1791 523 3020 1591 3673 3879 2643 1195 1599 1160 591 303 2291 2839 2244 
4519 143 489 69 373 1238 2677 1192 1384 1545 1575 2693 2298 537 108 2789 3012 315 2530 3349 3724 1322 244 1905 3848 1195 1928 2421 2448 1203 2623 3458 15 1190 775 1385 1713 3430 2571 3187 1023 2678 2890 1701 589 1630 1742 1232 1556 551 1035 109 293 285 3566 2737 3134 2798 2920 585 724 847 2326 2209 1959 2091 985 372 2386 2511 1077 3591 1183 1337 2832 1252 3038 1182 3634 2637 1196 470 2648 349 2337 1197 1180 3078 1207 2297 3659 2327 110 1220 453 2051 1468 2878 1210 1073 2284 1598 3450 1274 1318 1301 1204 1243 3633 1582 2294 1327 1413 290 161 467 2390 2694 5 1085 1307 41 227 1934 740 2444 2647 1314 378 588 2358 1300 2847 1925 3035 1951 1335 1568 1326 2322 2614 2641 892 9 1211 1628 2219 1533 1366 1178 2802 1230 2194 1599 3032 1271 
4584 1364 324 69 2559 2458 3612 156 2692 1713 358 2853 383 31 1630 2847 460 1644 1838 2054 2638 1350 161 46 3231 314 2219 110 3106 1635 1851 9 2421 1539 589 364 1335 3402 2719 250 331 476 325 1526 360 2258 1937 2882 1543 3198 1229 2623 202 2462 2963 3682 290 1703 2473 2852 642 583 75 3657 2603 363 2641 1 2163 163 1356 334 1349 2286 3733 3032 2098 1111 49 1793 584 0 1984 1081 724 450 2297 1200 626 1385 715 453 2739 3134 2836 162 2204 1351 2463 2571 586 1852 3724 194 41 996 33 2630 2028 1023 1182 1701 2359 1382 1183 2460 1715 1197 994 738 602 607 2548 2556 1708 585 2069 2012 2194 475 1935 1776 1034 655 2461 2968 1220 2678 170 375 1491 2482 2284 1513 1375 3589 1202 728 1533 554 1250 378 1743 3509 2502 2484 3694 3349 1246 23 59 2693 1179 1213 328 1840 1018 3628 2022 3187 1575 2724 2637 2459 3045 1989 3355 3458 2832 1188 38 3200 220 2694 1178 1058 891 285 1073 1925 1943 825 1024 2025 1432 186 
4665 1526 3566 1176 1282 3602 2125 1468 1145 1617 3353 1892 2722 2286 2968 1253 1883 1188 2875 3379 451 1219 1265 1081 586 1539 1626 3021 3474 1061 1578 1115 516 1109 3039 1287 1249 1210 3045 1958 595 1275 3060 2879 2880 733 2852 3035 2783 1274 2878 2324 109 1163 2976 982 1207 3723 3194 3655 1366 1749 243 847 2860 3131 2222 1190 2647 1272 1227 2660 1181 462 1007 2654 1894 3660 3184 1899 2790 219 1991 2081 366 0 504 3437 2645 755 3106 3294 584 3382 1258 2991 2007 3328 2794 1189 314 1212 770 2009 2877 2225 2839 3666 1183 2850 2283 2789 3409 3414 3412 2608 1204 1683 1203 1268 1482 338 293 1881 1893 2405 3749 3682 3685 51 3001 1256 3099 1350 1374 3293 157 1224 3724 1854 3141 2846 1040 1995 2728 1180 2928 3036 1313 3292 333 1179 740 3352 768 
4688 3078 1582 2421 2839 1450 1336 912 1203 2928 476 3554 1599 1197 2654 1766 770 1556 
4724 1807 1220 2546 3039 3106 3410 3104 1058 1015 1226 537 2811 3701 3183 1943 3144 1214 2204 1007 2789 1251 2458 3456 1084 1188 1266 3402 2013 2798 33 2318 3483 589 1878 590 2807 1899 547 529 1113 3606 2588 1023 352 3702 1179 1111 3676 3294 3555 2077 12 2873 2071 2286 219 1529 1849 1539 3352 2693 941 3420 2882 1848 887 2975 1020 1177 2772 647 3335 1022 2653 1205 3694 700 770 997 1353 1898 1596 3383 2099 2965 43 2692 2296 2171 1550 874 3290 1468 2025 1301 61 3087 264 1254 3531 1366 656 2069 2009 1072 2470 1977 245 3682 3429 168 3724 2076 1672 2496 2810 584 2548 2556 1375 1838 0 2345 1359 1630 1931 263 1950 3612 1499 3045 1009 1270 2602 3012 2098 1081 3175 3509 2638 3485 2593 1557 1277 2218 735 1546 1183 1237 2631 1885 2124 2916 3379 3412 1085 2388 2068 1180 2480 3633 3202 1599 290 2075 376 2036 1543 3619 1132 1197 517 
4728 3 593 1543 353 1468 2602 1746 1273 3039 3186 1663 2553 1168 3177 1879 2199 1029 45 148 3182 1656 464 2405 493 1078 2355 525 2233 1342 2789 2693 352 724 1683 16 3465 2073 1888 1956 1337 1595 1282 1204 502 1131 24 1374 3379 1214 1336 3349 586 1581 2999 2255 3355 2498 2728 315 145 1287 1212 1222 160 604 2076 1582 1892 38 1959 1108 1503 1457 3381 1636 1226 346 1893 2267 1416 3105 2043 531 982 1424 1767 790 1081 3120 1814 2373 408 1251 3107 3117 1695 39 2252 837 2643 2529 49 641 1285 2320 3580 2081 2937 1166 841 2839 3091 471 1207 2327 3045 2111 3110 2162 505 1206 35 504 1513 2012 57 1380 450 3200 1393 2326 1890 2007 
4738 1355 1335 641 1226 1964 1046 3724 2728 1178 530 315 148 2637 1636 373 1372 0 257 2503 2470 72 2068 3327 1566 2821 2735 1607 2624 1989 1446 2233 1568 3381 3509 1220 453 2849 1020 3483 586 
4792 35 2267 2211 1046 489 2821 2983 2643 3356 1843 250 2284 2693 3033 523 213 2222 2789 1195 1491 2451 3509 1180 335 2327 2890 2097 2991 368 1246 1482 589 33 38 1634 1595 2701 1073 3349 2502 49 269 
4817 2918 1132 2899 
4841 1179 3643 1695 2902 3476 1211 2899 2803 1192 2072 1201 2117 3366 2983 3679 3678 3633 2693 3248 1178 2897 2986 3664 220 
4910 257 1372 505 1595 353 3684 1386 3039 2732 583 24 3079 
4918 2693 1593 1179 2502 1188 549 2255 900 1180 604 1226 293 2021 257 2849 108 3722 1176 1899 1239 1178 1120 1700 1335 1207 1064 1258 1073 315 
4964 1349 2951 490 3675 1351 300 59 1959 1197 2502 2928 313 2559 3105 3554 3486 724 1937 1505 69 376 1 
5024 3295 2961 108 2460 1063 1195 1193 1246 1218 1210 711 3452 1258 2918 1196 3661 1337 1253 3634 2260 534 2291 2297 1268 2904 3611 1131 3022 31 160 1265 1264 3474 1222 1176 1087 912 2659 1327 537 891 1225 3197 1223 2899 1156 2264 2851 1204 1079 1941 959 1256 2524 1854 911 1023 1995 2735 1313 1274 3659 2631 1203 1058 900 442 1575 1169 1254 1180 1228 
5031 2530 2394 3466 3327 1854 1063 1245 3018 353 2252 3078 2327 3682 0 2105 2631 3328 1593 3045 2970 316 2286 2723 2789 1132 2928 220 1250 2849 228 1899 735 2473 3329 2983 49 293 826 3184 1482 604 
5090 1202 3184 1931 352 1058 3412 2967 3616 1282 589 436 2286 1206 513 2571 892 3188 139 1366 1887 1023 1767 1988 2261 3458 1203 1064 1180 1214 257 3436 3355 2036 3722 3654 1543 525 3038 1959 1889 1268 1375 2918 1890 647 1342 3278 1468 1628 46 2727 891 496 1256 505 2879 586 668 795 2670 2334 2057 2303 3107 1192 727 1273 1120 2405 2733 2167 3349 374 1432 1277 2559 585 1245 1385 3045 2802 1251 2665 1568 2075 537 1190 1823 1322 1280 1073 3013 243 740 1074 1204 1355 313 2179 16 912 2283 3033 1186 149 453 470 2432 1222 1237 3020 1250 1279 2428 3183 2199 3682 2398 1388 1932 25 1575 1085 2046 1951 1656 1220 222 901 486 847 1246 523 2125 1081 1189 1617 3186 2647 2694 2267 1178 1353 61 3036 504 922 900 2928 584 373 325 2789 2327 2529 
5093 585 1111 373 159 1892 315 3509 3458 1928 1179 724 740 2125 523 1241 453 108 1182 1204 3078 1843 1885 3379 1254 
5133 352 2878 1201 3441 1333 2255 890 138 1176 2951 1185 523 3580 1359 1023 1959 740 2322 1247 297 912 315 2432 1246 1226 
5219 3317 2326 2052 2451 1311 1209 1269 1195 558 2455 2459 2916 1329 1073 2040 1526 2726 3088 3083 3135 2031 1893 2337 3142 1656 1120 2046 3483 362 1250 1353 523 1934 33 2789 2242 3691 2530 1169 1322 1246 1591 1326 537 1290 1239 1119 1280 3039 912 444 1265 2075 2849 1207 1889 2277 604 768 2448 3349 1685 1178 3184 1627 2839 24 2665 3507 2846 1366 3409 2798 352 2692 1384 3643 453 1491 1533 1944 2641 2125 1382 2783 287 2286 3326 1180 1258 2511 2571 1203 1553 1287 3290 2718 1670 3402 1058 1985 2222 2950 1995 1617 1268 589 1163 1276 2405 2349 1114 2454 2338 1196 585 1887 1238 1061 3482 1571 3035 2209 44 1176 2444 2949 2219 2971 244 1942 1884 1074 3327 3105 3273 1337 1182 588 3435 2039 3659 1996 2999 344 1448 3481 139 31 3657 3293 1886 1193 3141 3614 3554 1080 3091 2631 581 1945 2049 46 2261 278 2354 2220 2960 2334 2279 1188 1930 2647 3175 3407 2502 1109 1324 2458 3664 1277 1901 2677 1628 1243 1896 1181 1391 3602 1374 1272 2241 1928 1018 2735 3291 790 1045 2899 1079 232 384 450 3187 2345 1892 3260 493 1951 3429 1899 2007 3134 1065 2064 1925 333 2452 1936 293 174 1371 1206 373 3144 1340 551 3661 2750 119 316 109 3615 1894 2244 1891 1931 3411 160 3032 1312 1189 2283 1210 1816 1843 2108 2174 2386 1569 2728 525 2260 1455 360 2722 1307 3352 235 1023 3539 3436 297 1539 996 1220 3630 470 2179 1854 243 3328 10 35 1104 
5289 2839 2179 304 2172 2938 715 604 1300 2693 3105 2999 1169 1176 1239 2174 2789 3430 1265 3474 1384 2857 315 1668 2641 3056 3355 2950 2090 
5346 139 437 9 2233 1513 775 2928 2180 376 345 538 3187 1595 214 1250 313 1854 724 31 841 691 2327 2326 2847 585 1375 770 2502 1468 3039 352 178 1416 2890 2654 363 2812 3606 1607 2937 1245 453 2647 220 1192 2614 3638 312 373 3339 3045 3087 1943 2631 2286 10 1349 2839 353 1300 2560 539 496 2 3186 1959 1482 1491 1726 3630 642 194 2693 0 1977 3013 1630 2252 3038 3205 
5380 0 2767 3035 589 2722 3292 1959 2728 352 1063 1931 1899 2846 1250 591 1322 3141 
5549 1120 1192 1168 2968 584 2916 2402 2878 3297 1111 892 1078 313 2360 1242 2355 2351 3382 1950 2571 642 3290 2011 2385 3293 3436 2875 2922 1647 2882 1350 990 1672 2572 2037 3639 2007 461 1203 952 3084 3187 2171 957 1595 2821 345 1892 1626 821 1576 2105 715 3439 3026 2991 1450 487 2460 1252 2576 3456 1356 1959 2470 360 1004 2853 2798 46 3602 3545 1881 3483 1385 2284 1913 1113 476 1076 1313 3296 1195 1069 1243 3636 3438 1985 588 1357 285 1255 1944 3001 376 335 2124 2199 3183 1300 436 93 724 293 2401 1838 2334 2710 1375 604 1312 3570 1326 1483 3430 1314 2890 3361 1074 902 1179 2666 1566 2031 2265 1281 792 2921 2728 1234 315 2047 1 1755 623 641 2329 3425 1940 1006 3671 2304 2125 1245 1085 1954 907 3410 2647 1522 1575 3175 2848 1226 1114 1301 590 3609 1081 1891 2461 1212 2960 3188 1353 1183 1015 3630 1933 2283 1215 1230 2546 408 1222 1965 2559 1267 2693 382 2244 3202 290 3190 1890 270 1568 1208 1220 2722 1250 5 1556 2582 6 3372 326 1539 589 3005 3019 583 1207 108 143 2789 2219 593 2333 3612 2947 2963 2739 1928 3564 2049 3038 2993 1270 1335 250 1887 2297 2846 1256 2849 931 1617 523 2184 537 1628 2694 2264 1190 770 2466 1943 2340 1934 257 2009 1513 887 1196 1372 3205 1893 2341 1073 109 1272 2565 3078 1889 2362 3292 1023 1386 1287 2064 1931 2464 159 3379 3482 10 1557 1282 1063 2602 2852 2066 496 1884 1545 3066 1233 2596 3554 1438 3032 2951 2390 3633 1543 3003 2337 1178 2997 941 535 1180 1246 1740 2398 1279 1274 1932 2012 1284 2065 2225 2659 2702 2920 1337 847 2678 3349 3402 1364 1176 732 3566 2802 1210 325 2599 2462 3458 1380 453 3509 3400 1182 1307 1204 2880 3457 936 3429 353 2746 352 1354 2463 2444 3079 3317 1239 1075 647 470 373 586 1227 1656 1258 1271 2677 1349 1971 1083 1273 2847 289 1885 513 1216 2324 905 
5675 2572 3105 1448 2789 353 2039 1424 3045 3186 1176 1546 1245 1241 228 1043 6 539 437 20 523 142 3144 
5819 1190 1215 2665 3352 589 1189 907 454 941 1239 2327 2078 1543 1954 2000 1959 2693 740 1337 1178 1203 604 315 352 1211 
5866 220 2619 2621 2264 2936 2638 2364 3476 3339 523 2789 424 2630 2812 1111 2906 2641 1077 2643 3134 
5872 1849 1192 2502 1959 2878 325 1182 585 1630 1220 453 257 313 3458 1813 1204 2324 3187 3013 1023 108 1271 2284 1568 1180 2125 1196 
5913 5 2614 537 1884 523 1482 1068 1680 1725 3293 290 2848 847 1195 1876 49 604 2117 551 2693 1163 1468 855 1073 1232 
5974 2693 1179 1190 1239 476 315 
5992 907 1337 2117 1022 1015 2693 918 1878 892 1201 2683 1313 896 891 590 3265 
6001 3661 2324 1881 525 2991 3803 3302 1273 3631 488 749 1224 1182 3585 1264 1233 1959 900 1068 3295 2595 2174 1183 243 2031 1232 2878 1366 3292 1203 1256 3129 3303 2327 3024 956 2425 2710 257 1870 422 1243 3400 1996 162 2924 3766 930 1176 2695 1245 221 2326 3020 453 2530 2937 1274 2789 911 1081 1267 3265 1196 3801 3435 325 1214 2097 3029 1181 2481 909 3559 3399 1116 1313 1395 3633 493 3079 1250 1275 2216 3664 1844 1335 2950 1258 2875 1875 2999 1156 3281 2846 2853 1885 2600 1195 1889 1210 598 1172 1186 2283 2451 904 2571 3655 1884 3083 2007 1375 3382 2601 604 1877 2179 2902 293 898 315 1283 3477 1190 1239 1873 585 1876 1211 3109 1216 1575 1189 1185 790 3720 3352 908 1201 3739 3634 269 545 589 907 3030 3437 3003 3366 2460 1242 2220 3261 1215 957 44 1624 2879 1880 3742 2681 1858 3565 979 2542 1162 1166 3429 1878 2877 1890 3099 3425 3744 1220 3021 153 1227 1088 1891 886 1866 1230 3175 2659 1685 897 1131 1726 1029 1279 740 941 3660 2029 1208 2199 2942 352 1670 1207 2880 1341 2657 1995 2693 537 1206 1895 3666 3294 142 3379 3740 2993 595 3290 2968 1022 1998 847 2390 1883 2750 3297 1997 3078 3599 1171 436 2432 2802 2869 
