180 3355 2502 1491 2970 1843 1180 148 2405 349 2665 2125 3483 315 352 438 2333 642 1245 3624 453 2124 1934 3029 3635 1073 2192 35 2803 2162 2918 2916 2401 3294 2950 1271 3372 30 476 1047 1204 1239 5 1155 586 1680 263 1854 1085 2040 2670 523 3292 2407 49 1566 2347 345 2614 363 2351 2971 41 3141 1179 1197 2623 1192 1064 1203 1226 3474 1220 1210 1081 1246 1439 3548 1959 1077 3671 1617 1931 3379 1178 1023 1063 293 1568 768 588 3187 3177 1545 3629 2631 1287 3437 604 1238 1628 585 1202 2890 1190 3291 2559 1274 2473 671 20 2326 2046 2179 2336 1250 159 168 1074 589 2789 31 2647 1899 1373 2244 2260 1282 2358 2337 2031 108 325 2821 178 1892 1644 1683 2681 1182 1331 3458 1252 1111 1482 657 2847 1575 2334 3197 220 3509 1656 
265 886 1176 1212 2302 604 887 1888 3827 1179 2722 1178 1015 915 1242 
488 847 293 1120 2735 1180 2719 315 1176 1190 740 1181 1132 
559 825 2712 1505 1182 1568 3245 2879 1989 476 2324 2046 1196 2337 3084 2882 93 1220 3738 1848 3585 2847 1959 257 108 2852 2548 2553 1335 2345 1948 2916 3349 3013 1937 1178 1354 1204 1952 1353 325 2502 1944 453 1024 1176 3109 1491 1006 2559 1798 313 255 2461 647 1180 2459 585 1284 1214 1950 2294 1352 289 170 2092 
628 451 1748 259 2070 314 257 3218 3410 1050 773 778 2009 2034 2022 2029 7 2884 339 1743 255 1964 2618 1346 1664 2030 905 2027 605 1008 2692 1542 791 3840 1654 1985 33 2047 573 2068 582 1016 2012 480 2361 1000 2330 2071 2553 2069 3420 0 2031 1 351 527 3685 2315 996 2286 3090 1004 667 3414 47 3045 2011 1001 2017 2016 2803 1012 1433 1013 974 1058 3878 2225 1976 1952 1006 1547 2899 1526 1642 156 554 798 1898 2036 1838 1338 1010 
1266 1006 801 2647 740 1176 1858 898 1269 3197 1204 966 1181 1015 2460 1941 586 908 2588 21 912 1065 293 1206 1209 1267 2899 3660 924 1683 1250 1182 1276 3476 1220 585 3766 3452 1959 3673 1145 1088 1214 2695 1191 1203 940 849 2662 1745 1952 1263 2661 589 5 896 2219 1019 1998 1186 1073 906 604 1862 
1326 3127 2593 360 1630 584 3379 740 352 108 1182 1242 1716 
1346 2530 551 3527 2097 38 1720 333 768 1853 1595 0 2928 3412 535 1372 3446 3078 3509 2012 46 3827 3466 1612 3340 3105 3648 1575 3599 10 539 2502 1533 3727 2427 148 2722 3079 794 2355 2183 3721 3724 220 3682 2789 2503 591 1670 1427 3444 1539 589 2222 3045 2260 523 2327 3415 2821 2011 699 583 3109 352 3676 2252 1593 3684 108 711 3487 33 31 2056 3687 
1604 893 2839 2470 2991 1058 2268 1845 1478 2002 1250 905 2252 1482 1239 61 1498 2330 920 3539 216 527 26 1016 3724 1421 2983 1087 1499 2614 757 908 304 3408 1245 2789 3329 2045 1748 3812 2820 349 1627 3560 2351 259 3441 2735 2618 534 35 2271 2194 1081 584 1251 3467 999 1260 2363 1576 2670 496 1208 230 1015 2627 1132 1755 3704 185 1632 2502 1628 439 3509 3420 149 33 311 1029 34 1925 3042 1083 2068 699 28 305 3261 847 1593 1009 2015 1816 1637 352 1385 1178 3525 2617 1503 719 1205 3412 347 2511 38 1310 2460 768 1898 770 3339 792 3091 1473 837 1977 1019 1595 504 1646 1007 2027 2873 2368 3112 3882 273 3184 711 588 2070 180 2512 47 1416 3823 2602 903 16 2571 1321 243 1022 941 3729 530 3761 316 3014 2637 592 1887 3328 591 335 2416 2503 450 1985 3722 516 377 589 233 612 188 523 2046 911 1449 3343 3827 2401 3443 3183 2286 3846 92 1287 3002 108 2623 1838 3036 2373 3174 900 289 3180 290 2322 1171 1844 1529 1359 3079 2204 2011 3360 3379 3496 46 1072 3078 633 1424 2965 2906 1000 156 1685 1279 585 1597 1513 1711 1179 3141 2167 2489 1337 31 49 2255 1899 2085 1168 2199 2008 262 1045 880 1889 2638 1586 771 2290 1326 368 2726 1085 1223 3349 3107 2751 85 1042 2367 244 373 437 590 1614 184 1222 2968 3397 1577 907 2267 148 2732 1034 1075 1028 341 258 1001 1046 795 827 3083 791 2064 2777 1976 139 2625 1212 303 1848 2009 2946 3411 3281 735 904 583 493 1189 2075 3446 0 943 360 1819 3402 1226 1720 2092 1945 3755 1372 505 1336 1995 979 257 1993 1656 2179 274 287 2071 3466 2076 1892 276 1936 2203 371 1960 2728 159 2309 535 2975 2288 2327 887 3045 3774 1276 476 2374 1192 1826 2821 2315 1390 3201 1201 1874 2647 2016 3181 2473 3179 1119 2284 2693 3069 1384 1705 1751 1634 3186 2378 543 315 42 3409 2362 2329 1006 1393 1280 1008 1166 10 1180 3684 593 2072 2897 2433 2806 1608 473 1803 3791 3555 2734 3465 
1770 257 1081 1196 1220 1539 2502 1575 3402 1192 2460 1178 537 1355 2879 1182 1111 3724 3195 912 
2040 1251 1201 1766 16 3106 535 1568 3682 1250 148 1416 2199 3107 1597 1171 957 1695 1212 304 3091 892 1539 523 588 1804 3028 3248 1268 2092 1161 696 1163 1683 325 525 1840 1233 1390 3056 3480 2621 33 918 511 333 259 1372 1276 2351 2355 3382 2112 699 1366 1222 2133 898 2983 493 1353 3606 642 2139 2265 1009 1696 2226 1843 1313 2076 3882 1022 2975 35 1892 1720 2329 3841 1989 1271 3497 0 1628 2231 1074 2027 1000 2286 2117 2654 1607 539 94 2260 3003 2496 1332 1388 919 1088 315 2970 114 293 1335 219 1888 1359 3412 31 1937 1928 2016 1575 1468 1189 5 974 1637 3479 902 2327 453 3827 1284 40 2931 2241 2008 504 1227 109 49 1029 1807 903 2693 3430 297 46 1195 246 2102 2670 939 1345 476 1226 2179 376 2324 3045 894 1647 1636 530 3654 589 3823 3078 1439 847 1529 51 1632 2803 2572 408 234 2883 900 1702 421 770 1384 2623 44 933 2571 1196 1899 1595 1215 27 2021 3443 1004 1726 604 1701 258 3204 2728 907 943 1045 1223 2284 2012 665 1375 436 534 1265 1373 891 3661 1893 311 2735 1155 1833 584 925 1178 1282 1533 313 1258 1239 2942 593 3402 2647 3599 2222 3477 2011 3079 938 3186 3441 724 1180 1582 1192 1199 904 2039 890 2719 3109 1207 1499 3392 1951 1885 3366 942 1179 1886 2849 3467 1672 473 1063 2514 3032 2124 2722 2288 1273 360 916 1176 2899 3191 2732 2789 1087 257 1287 1656 1322 1878 1866 2502 2928 1185 591 1070 
2085 1081 2701 2918 2693 2601 1189 2326 775 2529 23 3474 956 901 2630 2001 3315 2647 1111 
3634 16 1120 1232 2623 2011 3296 1263 2134 3265 27 2871 2320 1276 1244 3801 3614 537 2081 1951 1257 1166 898 924 2852 2327 2332 943 2231 1256 887 3393 3238 2850 1055 2858 890 921 373 1052 900 916 3668 1224 290 1227 220 918 1247 930 1245 897 3028 3463 3560 57 2789 1228 549 1178 2372 2061 886 2039 2961 2953 1274 1193 1078 901 2866 2882 3295 453 38 933 1240 736 3749 3439 939 3366 162 2113 1323 1575 2853 2966 2117 3616 3215 505 3024 1246 880 1239 2220 1054 1997 1264 899 586 
4111 3087 3481 2345 1111 1250 3019 3106 2582 2297 1180 1274 607 3018 3045 2546 2970 2529 1977 668 1186 3700 148 1287 1008 3293 724 3738 1985 1931 1373 1900 363 2049 1236 2575 1301 250 1211 3447 1353 2498 1482 1335 1663 352 929 2718 3619 1261 2064 1793 775 245 3720 3602 1313 921 1058 345 2028 2067 2564 1258 1283 2025 1196 2459 1550 1063 335 2401 2966 1889 340 3630 2011 3393 3382 2971 2801 841 2867 3435 2300 1842 3297 1617 2433 3352 2724 1324 2677 2502 1384 2485 2183 1238 710 1 1006 1854 2571 2918 3099 2091 3319 1075 1319 2849 1003 2654 2614 1595 3531 3379 2220 3425 3195 3430 1598 1546 1007 1329 2233 3184 3141 1630 2029 1370 3130 1114 2789 2579 1113 2124 2991 3392 606 3560 940 2659 1366 1271 3355 898 3215 907 1848 476 3455 1925 1239 313 1061 3064 2576 1468 2846 1192 2847 2947 1219 2655 2798 2012 1318 2968 1109 2735 3131 3030 3437 715 3438 3671 3003 2337 1201 2802 3522 2338 1255 2041 1245 2378 2992 1256 9 3294 3175 1234 1350 582 2386 3292 2065 38 3732 1178 194 1326 2484 1202 586 436 2712 20 69 3353 1529 588 2830 1825 2031 1242 2404 2585 2767 3483 2713 1513 3474 2013 376 2792 1932 2595 1284 2105 3186 
4176 1925 3566 523 2579 2693 735 1178 2125 31 2279 1197 1241 3290 1683 2924 585 3317 1246 0 1183 2244 2878 1196 2220 1236 2028 2204 3691 2647 2899 1201 2847 1229 2783 604 3177 2719 1326 5 3002 589 20 1355 3507 2297 108 376 551 3430 588 606 1202 3013 2231 1928 1913 2502 33 1189 1111 1204 1337 1113 232 1023 1899 1172 1353 2880 2046 2735 1258 1491 2086 1366 1301 1539 1568 2882 2879 892 315 3483 1384 453 2949 2677 1934 1180 2916 907 3694 1271 768 1073 1262 999 1255 2124 1179 3035 2337 847 3570 1192 2798 3702 1132 476 2390 2692 
4257 3327 3029 3522 2069 1020 1120 2637 3467 740 1503 3528 941 899 3045 1210 1070 2302 1242 1885 1252 1887 902 1617 2821 3799 589 2631 2070 1468 3776 3474 228 1230 2209 1765 591 2337 1004 1884 3782 904 3184 3178 2327 20 585 1190 1491 38 3616 3740 2021 1448 1215 2647 1023 2011 1575 3798 2045 1595 3585 3602 2726 1899 49 3823 2853 2928 847 1245 1482 892 3187 2068 353 227 2880 1273 1282 2690 1202 900 1178 2789 1568 592 2879 2922 1726 2355 1359 1287 590 2924 2649 2983 1263 2338 3099 898 470 1003 3704 3841 3539 3297 3379 3629 249 2623 2899 2920 1022 464 3827 601 2588 3127 2693 3339 2722 2970 1214 1081 2998 2232 3483 1643 3117 360 3003 220 2728 3682 1046 1932 33 539 3186 2849 3458 921 3411 2075 1009 1015 584 2225 535 2290 2460 1326 957 2016 2341 593 1854 1386 1192 3564 368 2305 3372 476 1301 1062 9 1255 2125 2971 1111 3566 841 2345 1250 1246 10 1593 2351 2878 3141 2255 1226 2065 2398 2723 1284 1016 108 1373 2179 3791 1401 1890 340 352 1180 1019 1063 1109 3291 3352 293 1455 3549 2347 2503 2012 
4635 2637 149 
4773 3632 373 3229 582 2693 3109 1157 1180 3793 2623 1232 2322 3205 3482 2937 1896 505 80 1284 1680 2848 551 2470 1575 3827 2789 1607 912 642 1644 1884 1582 1171 1533 1725 108 3349 1078 1229 57 1247 293 1628 1539 2255 2075 229 341 2064 3112 1183 49 3634 2803 585 1047 2039 3638 206 1214 1209 3198 2890 2902 442 604 46 1951 3383 1599 1854 3079 2358 3637 1220 257 3107 2694 3392 69 1166 1677 2502 1243 1959 623 1739 1468 3614 1203 3001 3633 1439 589 2936 2847 1432 290 3878 1727 2318 1267 1163 1385 3544 5 1228 315 2750 537 1179 847 3436 1023 1742 855 1843 3509 1451 2169 2057 453 2406 1950 549 2170 3196 3203 1195 2275 1178 1989 3104 3010 2928 1196 
4867 585 1575 2387 3360 1220 450 2505 591 2857 1111 528 1132 2416 2264 1196 2963 3430 2593 453 2847 3084 2502 2735 257 2649 3402 1696 313 3231 547 1197 900 1644 1120 2548 1201 2163 1182 735 3729 855 3376 325 250 1952 341 2426 1491 1081 2631 2477 1353 3255 847 2693 2623 1355 3407 3458 1178 3412 1233 3285 1337 1063 1192 770 2286 232 2105 3724 3340 2531 2964 3032 2916 170 2603 
4912 545 1373 211 2950 2928 1169 604 2530 740 293 2291 35 577 1207 303 711 160 1176 2213 2293 1627 2249 1591 1064 442 3083 2839 1276 
5114 2897 3117 2291 3441 3526 2928 
5161 2847 2853 585 2890 3379 1063 1255 2852 453 2421 345 2951 143 352 1726 2693 1885 589 1238 
5442 2178 2496 1179 3632 347 2693 1931 904 194 585 3355 1882 57 3002 221 148 3177 2124 2572 3022 1430 1828 1887 1239 2464 1372 2746 1072 1111 1354 3274 3671 3392 2306 3638 2647 2309 15 1617 1891 1889 2222 1243 2081 903 2630 523 1006 957 907 1375 2333 582 3198 1934 149 3381 537 2873 1074 2725 3174 1892 2012 3190 1226 1229 1742 546 1029 3420 1466 2354 3372 589 289 1593 2428 1607 1353 593 2571 1893 3326 363 2899 724 2918 1176 1024 257 1686 1250 2458 442 1203 1300 2055 2040 1732 922 1767 2832 583 234 2305 24 847 139 1644 1182 1018 1952 2308 1318 1116 161 1279 902 1357 1899 2536 293 2072 3569 1699 3178 3187 422 2092 2384 514 2386 2355 1937 1113 1270 2400 2872 2701 103 72 205 2074 3084 2546 2677 1335 2625 1081 1256 1942 1636 1265 1726 1599 168 1656 1749 906 3458 2734 1195 1166 233 3352 243 263 3195 1713 2849 2998 3379 2247 2728 1230 2039 496 900 108 2564 1393 354 2803 2209 908 3039 2436 3402 586 997 477 2065 1935 2670 2105 1854 2595 373 427 3032 3488 130 770 1543 3316 2459 1192 536 1416 2324 2125 2338 1063 3036 313 1349 476 5 1954 1672 349 290 3194 1332 3189 1245 1539 1959 1207 547 1890 2233 1634 1491 1178 1932 2559 142 432 1351 1287 1220 3018 2255 2302 1896 1851 1336 3639 1529 166 2593 2502 315 2839 2548 890 151 159 1356 794 3073 2199 2077 1058 6 606 1273 1233 607 1995 1047 
5466 2336 3024 586 3612 1163 3425 3005 3398 1284 938 2001 3474 1263 959 1358 1575 3310 3439 1268 2968 
5572 3614 2975 1844 1895 921 1869 2797 911 1211 1238 3024 2061 1230 847 3291 1883 914 1068 453 1337 1249 2179 1279 408 2928 1268 1166 160 16 749 892 604 3398 1182 439 1180 2406 269 1366 1925 930 2876 2866 1995 3278 1081 227 81 790 1115 369 2481 2999 1258 3482 931 3132 2174 589 902 891 2114 1196 1176 109 564 2848 1172 1227 1628 2137 3026 896 2543 1244 1951 3261 2063 900 1276 2117 3125 
