48 285 2789 585 376 1385 2325 157 293 523 0 3635 552 3032 3293 1182 1232 1349 1883 1630 3682 1085 2209 2692 1040 373 1928 1515 1989 196 1192 2286 1838 490 12 2225 
58 3155 1215 1284 35 3739 3480 1072 918 1179 1264 505 1214 2001 886 262 3290 908 900 1866 1950 1171 1359 1951 1022 898 901 3801 3476 1890 16 1078 3065 2267 511 3265 586 740 890 1156 57 2850 2992 911 3339 926 1232 3742 957 1206 40 1159 1880 916 1166 943 2283 892 1246 1263 1202 888 896 1252 2617 3746 1998 2897 1249 2601 1262 2327 887 2231 1207 2300 907 2496 1052 1208 
127 1229 841 2066 3004 3090 2464 1262 1230 3682 2184 2879 2789 476 1192 2091 3063 2722 2588 
205 1196 3231 1113 257 2502 1505 3724 1182 1178 476 249 3402 1318 1254 
208 352 2472 1250 2637 230 2078 2286 2757 2602 
297 547 1120 3443 2252 642 2789 476 523 1262 3682 3412 3555 1229 3090 1329 3469 3724 2897 655 263 2091 
329 3286 592 3388 3509 3294 3411 847 3399 941 1242 3296 3729 1284 897 1081 537 589 891 1874 523 900 901 3340 3761 3441 3676 1950 3415 1230 
364 841 2327 1819 599 1529 2693 1634 589 2736 2437 1767 21 590 1372 1672 3190 1556 2056 2655 2355 
430 2693 1178 1239 3106 1182 1505 1180 3509 257 1335 2069 523 1936 2432 2325 1192 585 3724 647 1271 1959 2124 2918 
454 3803 847 893 3294 3003 1672 2327 943 1180 939 2789 957 1234 907 1284 1015 2337 1211 341 257 898 
461 102 912 770 1977 315 1943 2546 1673 1024 1250 3184 2433 232 376 2847 2654 3539 3087 2970 1180 1375 896 2922 163 1936 2502 2647 220 1064 2459 1258 1349 2630 2286 1892 2042 2065 2055 1852 3036 1278 537 1928 108 2722 3569 1245 1081 148 467 1023 1220 2036 2723 476 665 1178 1271 585 168 2325 1726 2579 2040 
588 2530 3045 1358 2722 2255 1250 1239 3019 589 2789 2473 1468 2849 1943 983 1132 1245 549 232 2928 
722 3106 220 1229 3509 2703 2890 1178 1630 2433 2625 2637 1539 1478 2511 
742 174 1256 2839 38 2231 2086 1284 2530 1058 3560 3827 1249 2255 1211 467 1268 2326 1265 943 2789 3248 3841 1695 3412 2327 898 1205 3014 2794 3782 957 311 1232 3352 2928 220 2609 213 1156 2254 3816 1176 
748 1367 1230 2047 2011 1163 586 1243 1329 733 2991 589 1913 2137 2462 1195 3799 360 1264 3519 3827 2046 1242 517 847 3029 1907 1301 3294 2347 2812 1323 3436 3099 1073 2114 2135 3716 957 3664 3292 2283 102 1545 525 1643 2309 3648 2720 593 15 1949 243 3194 907 3129 1906 80 1346 891 1869 1068 2463 1268 3127 1176 3397 1899 1252 1313 3382 1234 3291 1190 3602 2536 1284 1995 1067 2141 1201 3352 1210 1324 901 1844 2310 3509 1326 1875 3131 940 2722 3265 1267 1366 1214 145 1282 1109 2968 2641 3846 0 3078 427 3032 2116 841 3327 1202 919 1262 1239 2464 1015 1087 2219 523 3429 1575 2461 315 257 914 2788 1892 3609 2278 293 1238 900 2802 941 1256 2333 3399 2409 2322 606 3325 896 3349 2354 1934 2193 3227 2787 3737 3483 999 2125 2009 3430 1310 1177 2460 2875 
789 1250 1178 3285 3340 3555 2502 1192 3724 2091 3231 585 3684 3444 496 1196 537 257 1220 
790 2692 1913 588 2401 1933 0 1077 1720 1081 44 642 1373 1301 2011 3186 1120 2302 1323 3539 1010 1222 2137 586 2618 900 1925 1176 3676 376 584 1959 3190 2918 1617 3637 2916 3045 2723 1843 778 3107 1944 1354 363 1324 3455 2174 1628 2648 345 2030 1942 2572 919 2031 583 2735 3402 592 511 1954 1313 2297 1322 1179 3393 891 2222 2975 3029 1356 589 2502 1931 2076 2386 1943 2693 2040 1353 1250 3327 2286 1018 3682 1239 3335 3184 3878 1539 257 1946 1819 436 1874 1287 3724 1085 1372 3185 108 1268 3560 2338 1258 1529 2722 2571 33 206 2018 3729 655 3187 1936 1006 2878 908 453 1851 1985 3673 1695 1178 1349 49 2922 3001 907 1566 997 1807 896 1186 364 2107 3441 3379 476 2233 2694 10 2057 1182 3106 2812 2409 1201 3684 2595 2559 911 1547 1274 957 892 1355 2125 1180 699 2654 1413 360 2928 3086 3486 1359 847 2009 3643 1189 1849 2124 3141 1023 352 2953 535 3032 1852 2049 902 2025 912 2046 1726 2728 2092 3430 591 1203 1058 1672 1366 3639 1019 1282 2327 593 2847 372 16 2806 1838 2821 3602 1196 1932 1192 
880 3585 1186 523 2460 49 75 2882 1854 390 1179 2180 2051 1284 1373 516 3867 1256 3317 2163 1663 31 163 1568 731 3628 774 584 3435 352 2047 110 3433 509 3105 623 3181 1120 979 2510 1010 329 3509 1630 143 2525 881 1223 1380 462 1434 436 1370 1954 2386 300 2916 585 2294 2963 417 1385 2002 2036 1896 1354 3005 2092 1248 2547 3045 1355 323 1549 3039 1543 2183 1159 2326 3190 1192 3183 1388 69 23 1933 2162 44 1939 2928 403 1356 364 2757 1263 1353 2722 1234 1182 1081 293 38 2231 1696 232 1047 3458 1952 2890 3801 2390 1195 290 2593 994 1183 2641 2296 2458 2309 1899 350 2572 1045 589 1940 3733 2531 2459 453 1281 2772 1185 897 1181 1351 898 3602 1086 2974 315 2789 1233 206 1188 257 1272 1111 3296 2852 1683 1022 956 1246 3001 912 2209 3629 467 3857 286 1077 2821 2899 1058 2853 425 155 525 1633 161 527 1274 444 2184 1245 2039 2409 2701 3635 2643 1632 2647 220 1556 1196 72 607 581 1197 2530 1372 3012 1249 1155 1006 2043 1225 1636 1239 657 595 414 2073 2502 3402 740 1268 2491 1700 1211 537 2571 3612 1656 2693 445 2433 2961 1349 5 2617 373 2071 2080 1220 1350 3683 1335 1254 2984 2951 2723 2728 2218 2233 1015 1852 108 3177 3139 1178 3407 102 15 1250 551 475 2332 477 2964 1258 285 3439 2849 2968 
916 3648 3290 476 847 1256 1232 108 3104 589 1959 257 900 1950 3248 1207 3684 2502 523 3554 315 2961 
930 904 3028 938 1178 1222 907 584 894 2030 2918 896 3606 1881 1055 1224 1019 2117 3801 3393 1366 908 3238 1882 1052 957 942 16 1247 2327 930 2871 3480 0 2953 1179 3732 887 921 1276 591 893 2061 3366 827 1892 1065 257 2139 1053 1171 898 886 1070 1284 3035 1228 835 1267 924 888 919 928 911 1696 926 1264 2137 2012 3130 2231 2868 933 790 1189 1863 3585 2866 899 2496 2179 901 1628 1249 360 453 
1078 3841 735 453 3682 589 1672 51 2928 585 2812 1676 316 476 1959 604 3248 3465 3509 5 1499 1204 3110 3198 2789 1384 293 3882 3106 1656 1245 315 1214 1843 586 3078 1195 38 3339 523 1322 3349 2358 372 
1096 2046 1085 159 470 340 1023 2792 1375 2983 2789 3799 3509 3013 3247 1959 1656 352 3079 1271 1178 2252 1720 539 1245 1273 3467 1282 1046 102 220 430 727 770 2421 453 2233 3412 1401 589 1533 928 3232 1450 178 315 3381 3335 1566 2547 3187 1035 2722 139 1385 1572 289 3548 1556 2928 2284 3441 2125 1382 523 345 1575 1823 
1134 23 257 738 2163 2612 375 2596 1575 313 2653 2036 1351 2546 3629 2460 2480 2750 2253 476 2025 668 170 2557 585 2485 1977 2572 1178 1354 1533 2459 1350 1505 2588 1840 3458 1959 2022 1807 1491 3827 537 3676 3630 1220 1111 3106 1848 1696 1352 2963 1335 2327 1942 3823 523 2693 1630 1943 3200 1033 1763 3857 49 2559 2093 2592 1281 31 1314 2571 2964 770 1182 3846 2461 1370 2603 1355 334 3306 1179 2502 
1290 1883 1591 1272 2857 1324 1022 1447 2327 1134 1078 1878 1215 604 1081 1220 1170 1239 2135 1080 3529 3474 1329 1555 3100 3465 1280 1064 2222 1250 360 3008 1061 1227 2394 2244 33 1211 153 1595 1196 1216 1632 2998 589 2279 1373 3032 1238 3402 523 2847 1628 3292 1945 1214 1243 1953 188 1207 3742 497 655 592 838 3091 1287 109 35 1104 502 1180 1072 939 3666 1120 262 2663 1892 1670 1155 347 535 1265 3248 3840 1113 1258 1190 2355 3476 2728 266 51 1023 537 2950 3355 902 1063 1439 333 44 1887 1313 1068 3003 2300 3055 851 3014 1274 3632 754 2243 2007 1844 1627 505 1251 3602 891 2220 315 3117 1157 1882 38 504 833 1888 1169 119 2839 1341 160 590 3349 1424 2283 593 257 3290 2267 1333 1877 1768 768 699 942 2602 2928 2018 
1475 2056 1250 1016 527 2011 2965 1190 2222 592 38 591 2789 1178 2027 1838 1575 
1630 2400 1065 3432 3127 9 3682 1632 886 899 891 898 2255 1448 1029 570 193 1132 3341 3232 3030 903 2722 3446 3609 1119 3874 2511 1879 904 335 3766 3771 2033 2243 2623 1743 1287 57 2705 908 2067 2849 2286 3387 2338 2315 2309 2081 347 2617 2928 2362 1366 2953 2449 2427 3823 1426 847 2290 1176 3045 2012 933 3435 3175 1421 3467 2264 1015 944 2630 3109 893 496 1001 2878 604 819 473 1985 889 3798 3027 2199 1854 2082 4 2614 2549 1043 2252 1595 547 1346 3120 921 942 2031 794 2321 10 1726 1946 1284 2789 2767 3455 2621 1250 1208 2968 2091 558 2602 3075 1239 1256 353 139 3469 1932 2970 1274 1332 364 3509 6 994 3752 1590 2735 3438 2009 1258 3028 1156 1215 1656 
1812 1391 3412 909 1498 2503 27 2789 1843 16 57 1078 3465 
2083 2693 1232 3079 907 1104 3031 1372 623 1599 344 5 2473 0 768 1884 3682 1211 2821 3036 1178 2321 3294 1928 1274 3753 1079 3045 1726 898 2327 1201 1186 2231 1388 897 1593 2260 2366 902 1210 15 3183 1424 471 2530 243 1015 1207 1180 1189 3740 3091 2433 2937 2631 1883 2252 1575 33 1176 2623 589 220 1656 1854 908 1816 1322 470 2928 1595 315 740 1068 1250 3435 847 3827 68 1876 2267 159 1287 436 1251 333 525 1199 109 46 584 49 1168 257 
2121 1178 1207 2735 2970 49 453 3290 549 1201 3878 3880 257 1238 1246 1210 1439 2220 1214 1195 315 523 3800 2848 1196 1256 2789 1858 352 1284 908 911 1275 3444 1636 2647 3827 2999 1746 3766 589 1211 149 1227 293 1220 3339 1172 1575 3509 1250 1180 243 3441 1337 148 3349 1726 1215 3186 1607 3435 1076 1928 585 1656 1252 2358 1074 1243 1807 3273 537 1885 1230 3430 3611 3402 3439 2693 2937 3446 108 1176 1186 470 
2192 1178 2931 2502 2693 2789 2757 3554 3229 3684 3509 2890 2327 1111 3682 2548 2625 3105 3548 3231 
2456 1202 437 3658 3035 1232 584 1329 1029 2018 3724 3570 2971 1934 3671 3858 2722 2204 1989 3088 1179 1568 547 2354 585 1241 726 1349 1023 1197 2964 1287 2922 2125 3456 2537 1284 2647 1743 3018 1016 2068 1010 2307 2046 1220 2347 1906 1959 3012 2648 1630 373 2750 943 2803 257 2069 1250 0 161 2192 2016 2285 1539 290 1215 1012 360 2921 2079 3740 1375 220 3372 1180 3766 1178 2559 724 2920 2847 3566 2039 2879 3483 2027 3465 591 1192 1271 139 2012 470 325 108 2388 3379 1366 3375 1254 770 2728 3412 3522 1932 3003 3013 3430 3294 1050 376 352 1905 250 2459 1575 163 453 2618 1838 1204 1264 1931 2065 2011 1245 2849 2965 2071 939 3432 2502 3436 2692 592 1913 2798 2571 2302 1350 3038 3001 1914 345 2286 326 1183 588 
2485 232 1996 1233 3278 735 900 3435 1876 589 897 2735 1218 1171 3599 3094 898 1211 1068 297 2904 3065 1627 44 1207 2839 1959 24 1371 3177 3682 1593 505 2039 939 3672 657 1680 1258 2358 1216 109 1203 3355 1884 558 2663 3045 2231 2220 2890 3798 3021 1267 1647 1950 2272 1224 911 1227 2327 1189 290 3529 1729 293 1896 914 2928 2419 
2622 1842 2 3088 819 116 1654 1743 1430 2237 496 
2769 476 1024 3860 1022 2559 3555 108 
2817 2482 278 1630 2964 46 1189 2728 1548 352 386 1892 2878 1073 1353 2890 1176 3740 2213 768 551 31 2167 3196 57 3411 467 504 1468 1246 3634 778 2899 2470 1238 1854 1569 243 290 1936 1335 1952 1180 263 3192 770 353 3079 3031 1366 1828 1595 900 249 1656 1876 84 341 1373 534 3197 1959 1120 2983 2068 3633 3198 3141 329 1204 1225 1255 2802 1229 1226 2290 558 1617 1245 313 2758 2011 1424 2081 1196 1179 1178 1287 2502 220 2703 2070 173 1607 1159 109 1852 1220 2928 1195 3292 1720 38 2649 1627 1254 315 1539 2734 1886 1177 1726 233 1058 2386 3194 2179 523 535 1046 163 1337 606 1995 3474 1265 49 2623 2693 1190 2847 2039 368 464 2302 1020 2219 1182 1081 585 
2848 2728 437 1896 3045 1063 493 3670 902 2690 3406 2719 1249 2530 3560 3293 2061 1208 1628 2991 2928 2966 3028 3238 909 918 2866 1878 1224 1261 900 1894 3355 888 2283 3616 1843 1245 2222 1236 2735 1215 2867 921 1287 2326 939 185 3292 1064 827 3435 3855 1256 1216 2327 1996 934 935 1061 1239 3438 1156 3131 1593 1884 898 2794 1373 1268 1959 1211 886 2868 943 1203 2614 1178 3803 1120 1180 262 2953 2789 1219 2220 1078 3353 3412 2179 1272 1015 893 1250 1892 1265 2647 1227 27 1253 3294 2011 2139 3003 3272 908 847 1950 232 2170 257 1258 2638 0 1284 957 1146 3393 3063 
2877 2639 2801 916 3202 152 2555 3382 3443 1232 2649 592 3535 232 2402 1953 3438 3584 1351 2959 1147 647 930 2692 145 1072 900 358 1274 912 1215 1892 3004 2802 2117 1355 2898 2922 1767 1088 2324 1352 529 3336 297 1686 93 3007 1636 3039 38 2082 227 3227 1652 1548 299 279 3747 525 3397 2046 3603 547 2329 1242 1022 2286 3399 1375 2879 1831 1882 1663 3117 2982 3079 1120 1180 1889 537 2793 1940 918 3285 1313 894 246 2813 1069 1012 2693 2878 2460 290 847 166 3643 928 919 2849 2873 3106 1207 1189 1227 937 3379 2047 1131 3387 2512 1595 3673 2603 2242 1080 1648 1634 2112 3757 2247 740 364 3091 2011 827 124 2255 3032 2267 1899 2092 2344 1201 2788 3441 2907 1239 911 655 1176 1081 2264 1283 1030 3720 3290 902 1262 2034 2540 3036 2105 508 1151 1009 889 1943 259 2018 2368 2336 1192 3129 2593 0 2617 2073 1888 1840 3295 3656 1852 2928 3857 3019 2081 3248 61 1862 2719 1326 2213 2559 1746 2036 2233 45 1017 1045 899 2502 149 2370 1895 938 1206 2848 2751 2530 2339 1230 1226 3099 3042 156 3719 3107 1070 1271 907 1273 2398 2063 1388 1335 932 1998 3400 345 1019 3569 1108 903 367 112 352 1505 1083 2252 1395 3630 2069 3045 2803 1266 2070 1582 1031 1178 999 892 2647 3586 2936 377 2056 942 3030 1942 886 2337 3664 3094 516 496 880 414 3410 1350 1287 2677 1386 1327 325 313 528 3606 1170 1884 1003 1109 1203 2093 931 2277 251 2975 511 1249 1087 3800 493 3083 604 3189 897 2048 1050 2355 1977 582 1234 1185 2806 3616 1983 1880 1023 1881 795 1186 2983 2427 898 3477 590 527 896 1879 1353 1254 3732 1949 3402 1354 1211 2027 1883 108 3179 360 530 719 2931 959 3026 534 2222 1887 363 1284 3392 2918 2067 2124 576 1726 1251 3087 2846 2244 1893 3090 2327 2678 2016 3310 2728 586 1272 3294 257 25 2872 2288 1079 1250 1233 1179 2091 1878 1575 2362 1016 2071 3774 2401 891 2338 2623 2243 3002 1737 
2922 1196 1239 1120 2849 2723 257 1274 3602 481 585 1064 1245 1258 1250 1178 
2953 2637 2694 2614 3045 3554 3090 2325 2625 1111 3107 2647 2935 2693 2653 2512 2918 2631 3012 2286 3088 1954 358 2650 1842 900 
3068 3724 2789 108 3878 3509 912 3169 2530 1195 3799 775 3177 1626 1549 1197 1178 2098 293 2472 220 1385 2619 263 345 2890 2326 768 2421 1176 1188 2693 3846 3683 589 1545 1959 3187 2209 31 2637 1182 2649 
3094 847 3509 3467 3339 2105 2325 1838 2271 2564 1642 374 2031 1332 699 2020 2655 2503 0 2176 3441 2327 286 3107 1819 1287 2647 3256 2602 2819 2846 3216 2075 2247 1552 3878 3079 360 1686 1755 1250 1430 47 219 493 338 3232 3457 773 1372 2502 2286 80 139 1526 3825 1959 591 1556 1203 539 583 166 1166 3384 1466 45 1386 373 2076 1529 3846 16 2085 2918 1426 2179 103 3827 2416 3484 2012 
3191 2220 1239 2252 604 2105 1854 61 257 159 0 2055 3109 38 3291 2916 2692 3186 1046 2964 2847 583 2928 1892 504 539 1582 585 1282 537 2937 2983 2322 1111 1075 581 476 2286 1491 775 551 2547 2637 1814 1250 1943 2433 1195 1539 2036 3740 99 2432 1959 108 293 1226 1081 496 3381 376 1385 1188 139 1942 290 1196 770 46 1356 523 2735 1192 3635 1595 589 588 2326 2571 2789 1182 3628 1575 340 3184 3045 352 1178 5 1335 1482 1630 453 1607 102 1568 31 1220 
3237 2846 1206 2347 1232 1892 1212 1282 2790 3292 3742 1178 2735 2659 1023 957 1951 1180 1222 2244 1210 1373 523 1893 1265 3686 1207 1203 1884 1156 
3265 2001 1279 3177 2174 1227 3791 1333 1632 1074 1186 3091 2937 1171 908 1274 230 296 3827 1591 1189 1229 49 2502 21 1506 1212 3407 262 2617 2688 900 2839 1599 1890 3840 1183 1169 3339 1180 1178 1999 1928 892 3823 3476 3474 3116 1575 912 2529 551 3107 2907 2918 2264 1195 3248 1280 2928 2327 3675 1156 3878 3509 3729 1232 3882 1211 2643 2249 1088 243 497 3774 1120 1238 3757 2904 523 2789 1548 2916 2633 1134 442 3229 3132 2647 352 24 1269 2851 3172 1366 1196 3443 1944 
3334 1179 2728 1672 352 102 2726 2849 257 3292 1726 1931 2327 1046 2970 2637 68 2722 38 1250 2355 1192 
3447 1672 2309 1539 2502 2619 345 1533 257 368 376 3729 1959 724 2233 3187 770 143 
3727 1220 3648 2694 2536 5 2653 2643 108 2637 2789 2647 3352 
4044 3729 3742 1081 3565 3739 3764 2016 3682 3774 3775 3691 3723 3719 3743 3694 1227 3720 3765 3686 589 3777 3684 3732 3724 274 
4109 3572 910 3670 907 847 3064 408 3366 896 1186 892 2032 3398 3026 957 1234 1189 
4181 1539 3724 2897 3509 2502 847 257 2907 
4315 2789 2792 1337 24 2260 1656 2820 35 1250 0 585 3216 2266 3407 2502 3032 3232 1192 2890 589 3078 2432 453 
4341 438 1893 2351 1063 2449 1925 1287 1081 1539 3694 2461 1959 2076 3353 3722 2007 2084 3436 2258 1179 2046 2105 2571 2334 1239 3522 1074 1505 1729 1350 2204 1630 2386 1196 257 2947 1892 2686 2302 2899 2306 1180 2723 93 163 3379 476 2309 2983 1405 3742 3001 20 3145 99 1182 1914 1169 2459 1628 2693 1355 3508 2401 1271 1266 69 3456 768 2725 1546 2050 1188 604 1197 2722 2036 585 1278 1310 2307 2332 1617 285 1237 3458 2409 1373 2398 1353 1965 1680 0 1204 2047 2735 523 2789 3676 3555 3375 2482 1854 2718 3402 1491 1942 3455 770 3629 2637 3632 2462 642 3292 1277 1566 850 1178 3411 3638 1899 2843 1354 2530 1072 2077 2918 1113 2647 1898 2849 606 3635 1220 3460 2945 2654 2124 1175 1905 3628 2955 2963 2354 3422 537 3106 2031 2847 110 
4411 2694 102 15 2055 1047 315 724 2536 49 2789 1807 1250 2502 821 1814 1482 1726 507 3044 1767 2637 3381 
4418 3441 2936 3686 2625 3729 2630 3546 2789 2614 1899 
4759 1931 1228 3509 250 3700 1884 3293 770 2789 1366 
4789 1156 3402 1627 519 2091 2530 1569 3091 2614 450 2162 473 3841 1891 0 1766 839 467 3294 2552 771 1061 1074 3840 2039 3509 1239 2789 40 349 2928 316 1178 3251 3827 2174 2279 2240 1132 622 1224 505 369 3749 2998 1166 1421 2983 341 3349 1575 373 2839 477 1229 847 3507 437 3486 1652 2222 2245 2857 2045 368 900 470 1168 768 2541 1816 2623 3192 250 3498 1171 2211 293 1073 1260 1280 1872 228 3079 1203 109 123 3409 2291 3339 442 1218 2617 108 2125 2637 3879 2007 604 1899 1847 3539 3752 3714 502 2890 3187 770 1192 2502 1632 38 875 2473 465 1313 1886 3774 28 3412 2540 1157 724 1482 352 1954 478 2327 1161 3033 3614 2322 1173 2874 1279 3038 24 1854 44 3125 3566 1195 2077 1251 1045 2204 3288 1190 1852 1831 220 1046 2260 453 
4838 1672 108 3107 2937 436 2693 3078 3129 2813 20 3086 3056 
4986 1197 2502 5 1673 163 9 1349 476 373 3205 2630 110 1989 2559 1713 69 1491 453 1848 3198 1533 1250 642 1539 220 3349 2847 108 3196 349 
5003 1065 898 346 897 2849 893 909 1996 3289 3294 1894 904 2602 2233 593 1272 1239 2681 1219 2822 3479 2231 3602 1287 3003 589 
5089 1325 1607 938 2063 2076 262 1582 476 2916 3672 2968 3823 2286 250 2338 1178 1205 2433 3678 2797 3539 2007 2218 2790 2124 957 3382 160 1952 31 3191 1366 2665 1931 290 3042 1336 2821 770 315 1079 1168 1231 3005 3430 2405 2373 892 1181 3724 1546 353 1353 2847 2692 3614 1163 1196 606 2601 1950 1575 1245 257 1023 2559 1835 1274 1214 2092 1185 1111 2081 369 1844 3360 914 158 2722 1204 220 3757 2571 3378 2595 3509 2042 1216 1373 1595 2451 2220 1212 422 1326 1553 148 3661 2726 1120 1224 2105 1627 841 363 431 232 943 894 2890 2588 840 1257 589 2728 1176 1333 3686 1182 2950 467 908 2899 3132 547 3879 0 505 1899 3339 1202 1258 1891 1108 3486 1883 3793 1892 1132 3459 1932 496 293 1065 338 3353 3457 1350 1284 3631 2902 3694 1272 586 2999 2963 735 3177 2843 1886 1898 2918 1628 2928 1959 285 1078 912 537 1636 959 3479 2077 3684 2091 3039 2789 1656 1058 3483 1632 2502 1203 2647 489 2661 2907 3554 1593 2449 3355 3294 323 847 2735 1273 3285 1896 3220 3032 3031 2036 2040 1889 2970 3291 103 109 2733 3458 1940 3078 3066 3292 1468 352 491 2219 1063 1985 1852 3349 2075 3676 2337 2401 1281 1359 1169 1255 1283 2222 3327 1028 1239 1324 3718 3197 1354 2386 3522 907 604 2046 229 108 1238 3379 3633 2252 1925 1568 588 1227 1061 1322 3083 2850 2693 2242 740 1180 585 1998 1887 1385 1190 2370 1951 1172 891 2400 3107 1073 1024 2803 3045 2176 2283 2623 2243 1249 1188 1104 2846 1179 1670 
5222 488 579 3599 323 1852 437 1222 24 740 711 3539 110 109 2938 3673 1768 604 1591 1683 881 2970 1064 220 1120 1180 196 2086 2928 2623 1815 1322 537 214 539 558 3404 15 2502 1569 3502 2222 269 840 2890 1225 293 1188 2849 13 1178 213 244 1448 1179 1132 2327 1384 31 1243 1061 1627 1073 726 3440 2021 1424 900 3682 2511 1265 1373 768 2326 1951 3035 1223 
5285 924 3474 1366 928 2232 1595 2081 1250 2904 1214 10 0 2169 1215 921 3602 1814 1272 1179 1063 1211 2992 3393 1284 935 2174 1239 3643 1261 3028 3355 353 3186 3292 1224 1959 1219 897 2220 2849 1816 2810 1950 2031 352 558 1156 2292 1448 2338 2710 1268 2315 3272 436 2722 1256 1865 1265 958 1245 1236 2530 1196 2637 3545 1180 1058 1203 2170 2179 893 904 699 3141 2953 1683 1253 2283 896 3483 1029 2075 2326 2857 895 2473 2337 44 2631 547 38 1468 1046 909 1996 2794 1894 510 1720 
5628 1995 2007 2231 1279 0 491 1202 1180 896 3474 3355 1081 900 1284 109 3045 934 2662 2663 1884 31 3349 257 1176 1252 1063 1575 604 1211 537 1273 2950 2904 293 3467 2063 3099 1227 3083 1883 1068 1224 1268 152 3673 1247 1256 3119 3719 1204 1276 2722 1265 898 847 1951 1201 1207 1959 1073 
5632 1178 2338 3401 3458 2899 3402 907 1539 1543 1180 1190 1899 1950 1281 2255 1267 523 912 3290 537 2571 1192 1628 1250 847 1279 
5763 493 1245 535 2327 919 925 900 1823 935 892 1951 1287 
5784 589 3684 1636 470 3186 453 1180 2849 3248 373 293 1890 1634 3554 1336 3229 1178 2179 1271 1575 352 2918 3349 345 2643 1680 1166 1672 159 108 315 1287 353 3486 476 277 3184 3289 369 604 3134 2327 1568 3183 504 2991 2647 257 3091 3430 1192 1566 2693 1854 1843 1245 2821 46 161 3038 15 1539 1163 911 1220 724 450 1746 1349 901 3187 3412 3031 1632 3339 896 2789 1627 1543 1250 1372 1238 1573 1081 1468 1182 
5893 1267 1513 3425 490 1176 483 847 3361 994 2337 589 1180 595 2046 379 202 3296 412 724 1358 363 586 1741 1178 1284 1413 1204 3187 1192 3418 3365 1807 1539 3299 470 1986 364 3035 454 770 3439 1937 453 2852 1203 3364 2389 1931 373 300 1246 3363 1202 
5927 2848 1264 3393 491 3278 2007 3241 3490 3242 3347 1261 3346 901 942 585 1866 3265 3452 3238 3449 923 
5936 3022 31 604 2970 606 1582 1111 537 3020 1192 1349 2693 1491 2502 2286 2899 
6012 505 589 1009 2705 3281 3347 2928 1239 2014 3046 2530 1941 0 3091 1531 2496 2838 1022 1499 1373 2255 1216 1132 359 2063 2789 257 322 2839 523 1276 2677 907 1376 1656 2693 1227 547 3537 887 229 297 2735 2493 3294 2618 305 2983 1632 2977 1017 1393 502 2939 1602 79 1015 591 33 1707 1359 2927 1878 2635 888 902 3117 
