0 2 14 
1 125 416 360 
6 708 
15 940 
16 626 
27 632 
28 1476 1413 
30 1622 1613 1586 
37 1849 1305 2599 
42 1157 
46 2832 
47 1717 
55 113 
63 3225 
69 1946 
80 80 3552 
90 710 
94 1875 1604 
95 4156 
97 4185 
100 2206 
109 4395 
114 4186 
117 1064 
119 1718 
123 4693 
124 529 2729 
133 1542 
146 5136 
147 5145 
153 2713 696 
166 1126 
169 1782 
175 4611 
179 3522 
180 1814 
182 4131 
186 2925 
191 5970 5928 
200 1541 
201 6157 
206 2756 
207 6220 
214 6468 6446 
224 813 2641 
227 2031 
234 6961 6763 7003 
242 7237 
246 909 
250 4327 
261 1812 
268 7562 
270 1927 
274 2666 
279 1001 
288 1821 
291 3356 
292 4132 
294 4162 
309 649 
320 3131 
330 6432 
333 8371 
334 7949 
339 8482 
344 8537 
348 693 8683 
352 7394 
355 8775 1967 
363 1936 
372 2684 
374 3386 
381 2831 
388 5603 
389 1134 
394 2246 5468 799 
396 2822 
398 1838 
411 1861 
426 4809 
433 2559 
438 1617 1660 2391 1818 5540 
449 9902 
456 4066 
465 1837 
484 860 10224 
490 737 
500 4217 
507 7203 
512 821 
513 10362 
515 10532 
525 9223 
532 10623 8769 
544 10745 
548 5812 1474 
549 8284 
551 1031 
558 4399 
592 1695 
600 3130 4294 
603 11095 
617 2683 
621 6211 1422 
626 1138 
627 1860 
641 1996 
645 944 
647 8012 11399 
649 3496 
653 4183 
655 1540 
659 2096 5786 
672 11658 
673 4477 
674 1134 
675 10653 
677 4991 
682 6253 
687 752 
690 11277 
692 1736 
700 1323 
701 11864 3335 
703 1722 
706 737 
707 9504 
709 1836 
711 5586 
719 4978 
724 1053 
725 1541 
726 7974 4136 11905 
735 4017 
736 2867 
737 8885 3706 
740 2170 
744 7799 10945 
747 12251 
751 4608 
759 3402 
763 710 
768 1511 
769 12399 2036 
771 12445 
773 4210 
780 11147 
781 1859 6989 1920 
788 7593 
798 6421 2705 
801 12744 
802 4375 
812 6625 
813 7231 
820 799 1087 
827 306 
836 1615 
841 11822 
842 697 
847 1250 
851 12962 
856 11556 
865 13040 
868 786 
869 9020 
873 13128 9730 
879 13176 
885 13234 1602 
890 4590 
897 13366 
905 6304 
911 2638 
912 4444 
916 13420 
923 88 
925 1114 
933 2735 13503 
934 5876 
935 13575 10050 
941 8311 6919 
942 2131 13061 2916 3267 
946 2708 
950 3455 2357 
971 11794 13979 14038 
974 14226 
980 8267 6131 13555 9558 14317 8676 12786 
989 9365 
1013 14583 
1016 1538 7540 
1021 1250 
1027 1541 
1038 4303 
1041 5063 
1043 2599 
1044 1191 
1045 293 
1048 2602 
1051 12889 
1055 6540 
1056 4500 14852 
1059 6242 
1062 14900 
1064 5188 
1066 9562 14909 
1069 1248 14978 
1070 4200 
1072 765 
1094 4450 4204 
1095 2632 
1096 15085 
1099 14966 
1101 8020 
1109 1151 
1126 1086 
1132 2927 
1133 1721 
1137 2273 
1141 3684 
1142 6553 2197 
1144 5775 
1148 1377 
1150 2320 
1151 113 
1155 8125 
1158 15461 11634 3603 15451 
1160 11891 
1166 10647 
1168 2851 
1171 2303 
1173 3354 
1175 5981 
1182 5273 
1183 13120 
1186 1441 
1191 799 
1196 11510 
1197 15701 
1202 4432 1422 
1207 12220 7845 
1224 4711 
1227 10746 
1230 4795 646 
1234 4453 
1243 16043 2765 
1256 1542 
1270 8956 
1271 2784 
1272 14522 
1274 1509 
1276 3572 
1278 16408 
1286 8998 
1288 1109 
1291 2942 
1296 1924 
1297 4055 
1298 5813 
1302 827 
1304 876 
1305 4767 
1314 5970 
1318 16902 
1331 16099 
1332 5845 
1333 810 93 
1339 5196 
1345 26 
1350 394 
1357 12588 
1360 2014 
1361 2806 
1363 10034 
1364 5778 
1365 1015 2886 
1379 1121 
1382 722 
1385 4127 6106 
1387 2508 2443 
1390 13 
1406 10394 
1407 150 
1411 5076 
1415 883 
1416 17454 3669 
1418 4417 
1421 9798 
1425 1259 
1428 10591 
1436 11501 
1437 652 
1439 13147 5825 5816 
1452 17632 3598 1542 
1453 7019 2393 
1454 1240 
1463 1456 
1468 17631 
1476 3958 
1482 9785 
1483 2796 
1491 3083 
1493 15232 
1501 87 
1506 14481 
1521 4128 
1523 15555 
1526 7864 3640 
1531 12849 736 3617 9267 
1540 11783 
1543 14544 
1548 18256 
1557 2163 
1559 2221 
1567 655 
1575 18479 
1578 6341 
1580 16061 16853 
1588 8152 
1590 10259 4 
1594 696 17381 11844 
1596 12115 1134 8366 
1598 11025 
1600 1351 
1604 1536 
1610 6185 
1612 16625 
1614 15644 
1615 18614 10107 
1617 2317 
1618 18813 
1620 3722 
1637 7002 
1639 17274 16278 
1641 7666 
1642 5023 8334 
1646 7386 
1648 7642 
1649 10291 
1662 16709 
1665 4187 1661 
1667 5539 
1676 15717 1155 1051 
1678 3463 
1680 17056 892 7695 
1685 16634 
1688 1716 
1690 1075 
1692 5253 
1693 9791 
1700 1084 
1701 19307 
1703 19313 
1704 7792 
1706 13154 
1709 5466 
1717 19504 16740 
1718 6856 
1732 19053 4680 
1735 2875 15473 10439 3684 19698 19707 19648 6628 
1753 11672 
1755 19814 
1766 1105 
1772 7825 
1773 3057 
1784 1299 5147 
1785 1808 
1790 6274 
1796 19981 
1798 1051 
1800 703 
1807 6399 1330 
1816 3972 16505 
1819 9668 4034 6987 
1820 1887 
1829 1538 
1830 7928 
1840 666 
1844 898 
1851 13626 
1854 5518 
1855 9796 
1857 4468 
1860 16844 
1863 9569 
1878 1509 
1881 4538 
1892 3146 
1900 111 
1902 6355 
1903 12600 
1915 20449 
1916 758 
1921 8713 
1930 3376 
1933 3358 
1934 9985 
1940 6235 
1945 9012 
1963 14922 
1964 6659 
1967 9326 
1970 9430 
1978 1933 
1984 2232 
1988 9894 
2001 5790 
2002 13559 
2013 16892 
2014 6433 
2015 1129 
2029 222 
2031 1170 
2033 20956 
2034 21037 13340 9039 
2038 21138 
2050 7822 
2055 4087 3556 5727 
2056 13272 
2077 10798 
2078 2781 
2079 657 
2090 621 
2094 826 
2106 21441 
2110 3292 3637 
2119 13517 
2123 3294 
2129 6307 
2132 4562 
2150 932 
2160 3999 
2167 813 
2168 12319 5944 
2179 14587 8341 
2186 1122 
2187 11950 
2188 21917 304 21959 3129 
2204 1985 
2206 1418 1540 
2208 1643 
2215 821 
2222 7561 
2225 9273 5680 22173 11702 7867 
2230 608 
2231 1662 1109 
2232 7949 
2236 16039 
2238 1471 2162 
2239 3369 
2240 10998 
2241 16236 22291 
2246 241 
2262 13800 16433 
2266 3194 
2267 17238 
2276 7710 
2290 3803 
2291 22178 
2299 3500 
2300 16757 
2308 8810 
2315 1056 
2325 3909 
2329 2964 
2335 22675 
2338 3148 
2348 3259 
2370 4231 
2371 22816 
2377 14469 
2380 11881 
2388 1765 
2389 3277 
2397 4904 
2402 2902 
2409 10966 2739 
2411 10155 
2418 23091 
2422 5464 4126 
2426 5605 
2438 7288 
2443 3767 
2446 4190 
2453 23062 17902 
2454 2964 
2466 23426 
2474 13625 1554 
2485 9564 8318 
2488 8671 3592 
2493 141 
2497 6303 
2500 6443 
2501 4376 14664 
2509 4193 
2513 2660 
2516 19603 
2521 19097 
2529 8909 11231 
2532 18328 
2536 3986 
2553 4209 
2561 1384 
2578 23164 15953 15600 
2579 7371 7712 
2580 12478 
2583 6237 
2595 23875 
2598 13635 
2608 23923 
2610 23928 1031 
2618 2694 
2622 4675 
2634 17985 
2648 17072 
2656 16264 18176 
2659 94 
2664 4287 
2677 1250 1264 
2686 16646 
2688 16823 19170 
2698 5572 
2699 1479 
2701 10508 
2708 1536 2815 
2712 10 12337 13753 11646 23555 
2715 1810 10054 1050 
2716 11080 
2719 552 
2720 4787 
2722 13139 
2724 10477 
2727 24437 
2730 6567 
2731 842 10482 8343 
2737 21813 24495 24505 24492 865 16866 
2740 20606 
2743 9074 
2745 1853 24597 
2755 4331 
2760 3628 8503 3305 
2764 2097 
2785 1566 
2788 3301 
2789 21655 
2796 13436 22713 24778 
2802 1724 1728 
2804 17328 
2806 12581 
2810 13941 
2820 16566 
2830 3121 
2833 8389 
2845 3455 
2853 13559 
2855 2897 7964 9989 
2861 10123 
2862 8796 
2864 7445 
2870 4160 1216 
2877 25055 
2881 2686 
2883 1504 
2886 5319 
2894 14687 
2896 3207 2660 
2897 2054 
2898 10595 
2915 2718 
2917 16028 20086 
2921 2698 
2924 1970 
2926 14241 8537 
2935 3842 
2936 15788 
2940 8369 
2942 4183 
2944 16524 
2946 25236 
2948 737 
2960 24042 
2962 548 
2970 25276 
2972 17003 
2974 7251 
2975 3190 
2976 25295 
2977 3605 
2990 1161 4453 
2991 83 
3003 7998 
3006 14068 
3015 25406 13763 
3017 3269 
3020 21812 18186 
3024 6071 
3040 14247 
3051 7151 
3054 8669 
3058 660 2568 
3060 3150 
3064 1239 
3074 25561 
3087 22950 12905 
3089 3295 
3090 10378 
3091 25611 
3092 1826 
3093 15259 
3096 9432 
3103 13943 
3112 783 1663 
3113 22300 
3123 16736 
3125 3747 4476 1143 
3132 25746 
3134 6797 
3142 6651 
3146 25770 
3149 3419 9494 
3152 6931 21235 
3154 10222 
3158 4608 
3161 300 
3164 21670 
3169 10241 
3170 10640 
3174 8721 
3177 1090 
3184 3920 
3195 2817 
3200 25903 6554 
3203 13883 
3205 2385 
3210 12112 
3218 4418 
3219 4604 8252 
3222 3507 2902 
3227 494 
3229 1561 
3238 10003 
3242 4449 
3243 25983 
3247 12393 
3253 20208 
3254 4758 
3259 20389 
3264 4500 5172 
3265 3749 
3266 3704 
3272 16585 
3279 1130 
3284 7561 6666 
3289 25552 
3298 2698 
3301 16948 
3307 6070 
3313 2020 
3317 12409 
3318 9736 2466 19213 
3319 5826 
3323 16732 
3333 652 
3336 1551 
3340 15315 
3347 6756 
3348 26302 465 
3354 2897 
3355 9814 
3370 12783 
3375 6985 
3376 81 
3384 10783 
3387 5473 1426 
3393 12383 
3396 12346 
3400 1130 
3401 6497 20311 
3402 3695 
3408 9237 
3413 751 
3427 1070 
3434 24920 
3436 2936 
3437 26547 
3439 5282 
3450 4768 
3452 8 92 
3462 1176 
3463 1878 
3464 2794 
3467 15596 
3474 21658 23683 
3475 8355 
3476 21583 
3482 1517 
3488 26123 
3501 3466 
3507 22930 
3510 17011 
3511 2825 11384 
3516 17352 
3519 21676 
3522 1487 
3524 3556 
3539 2262 21223 12352 4360 
3547 1983 
3548 11453 
3553 4183 
3559 10459 
3564 2684 
3569 3491 10651 
3572 26881 
3582 4751 
3591 1858 
3597 16794 23305 
3600 12074 
3601 17623 
3606 2638 
3612 27228 27630 27548 27619 27194 18933 18263 27353 27507 
3621 696 
3623 16284 
3628 26992 
3651 7831 
3654 27822 
3655 19869 
3658 10815 
3660 15598 
3662 5400 
3668 27832 
3673 14446 
3682 5485 
3685 13052 
3688 17275 
3691 905 
3693 27868 
3702 4305 859 
3707 3154 
3708 27908 20885 
3713 8672 
3714 5396 
3715 25767 
3716 14491 
3725 1941 
3727 17705 4280 
3729 1422 783 6194 17400 
3738 17233 
3741 1718 
3748 12529 9317 
3751 11647 
3753 6922 
3754 2320 
3755 16735 24723 
3762 4711 
3770 13778 22071 
3785 1487 
3786 5713 
3789 14681 
3792 1268 
3797 1971 
3802 3525 
3817 7655 
3826 14485 0 
3827 6198 
3829 11322 
3831 8003 
3838 23636 
3841 3996 17880 
3851 2806 
3863 12161 
3865 23691 
3868 8558 
3871 649 
3873 14497 
3883 24306 13633 
3893 18558 
3900 15986 
3903 3730 
3906 1381 
3909 11726 
3921 8603 
3922 2965 
3930 3480 4534 1109 18319 
3932 2866 
3935 17775 
3936 1636 
3939 2818 2724 
3940 20129 
3944 7984 
3947 5517 
3950 710 
3952 6109 710 
3953 17947 
3955 23657 
3957 3553 3069 4956 
3958 2731 
3960 81 
3962 15 
3967 7611 2872 3545 
3970 709 
3974 8672 
3977 1198 10134 4337 
3987 7239 
3988 693 
3990 1913 
3998 7593 
4001 9263 671 
4004 4907 
4011 21919 
4015 7070 
4021 28528 28491 27452 
4026 693 
4027 3322 
4030 8111 
4038 7766 
4048 14711 
4050 1792 
4051 11177 
4057 17572 9915 
4066 8667 28002 10444 
4097 909 7631 
4107 4543 
4109 2192 
4110 21955 
4112 1143 
4120 14520 
4121 1220 
4122 1375 3323 3046 
4123 9733 2064 10093 
4136 2691 
4138 17134 
4139 1440 
4149 28861 
4150 14911 
4152 13763 
4153 1324 
4154 26088 19397 
4155 7570 
4166 8423 
4173 9450 
4180 2782 
4196 1031 
4198 2852 
4201 3764 1018 8318 
4202 3677 
4211 11693 
4218 29055 
4229 7395 
4230 19346 
4235 2012 1628 
4238 16976 
4241 6374 
4243 21468 
4245 1045 
4249 5116 
4253 29127 8527 
4254 13294 
4264 17681 6244 
4276 4494 14616 715 
4280 1652 1373 
4281 16882 
4286 2858 
4287 3320 
4288 14514 
4289 11572 
4293 3803 
4295 20708 
4296 3863 3431 
4298 3647 2015 
4299 1025 
4307 13714 
4311 1109 
4313 11439 
4316 1890 1810 
4317 7386 
4319 12175 
4322 21829 
4324 4330 
4332 680 
4342 4848 
4350 29383 
4356 19858 
4359 22259 
4361 7640 
4363 5 1632 4261 1624 1065 
4364 20611 
4368 23950 10793 
4369 9778 
4372 322 
4381 7276 
4382 2020 
4386 1005 
4397 23437 24723 
4400 2684 
4402 2530 
4410 8809 
4423 4779 3896 
4425 17818 28798 
4433 27679 
4442 2664 
4451 1588 
4453 1045 
4454 29620 
4468 2702 
4469 14505 
4471 9364 
4472 2176 
4476 811 
4492 1258 9012 
4496 6708 
4502 7361 20895 
4507 4435 
4511 7078 9061 11628 12381 
4512 294 529 
4513 18892 
4528 872 9528 
4533 1943 
4535 6017 
4561 11327 
4569 690 
4574 2410 
4591 3149 
4593 12451 
4610 26528 21160 
4612 13477 
4614 2020 
4620 17902 15932 
4624 27152 
4626 24773 
4627 14410 
4629 20057 
4635 2792 
4636 2796 
4637 18319 
4642 25944 
4653 4582 
4655 1941 
4659 795 
4665 16352 
4669 3303 
4672 22074 
4673 16165 
4681 4453 
4683 26993 
4688 26053 
4694 6138 
4695 868 
4706 18937 22609 
4713 3071 
4716 4133 
4737 4477 1210 
4740 860 
4742 6215 3839 
4749 21771 303 
4750 16164 
4754 1102 
4769 3061 29338 8631 15428 26513 
4779 2273 
4786 3718 
4792 13123 6408 
4798 2866 
4800 9132 
4807 19110 
4810 24092 
4812 918 
4813 5566 
4825 12673 
4831 16541 
4837 737 
4842 26167 
4846 5022 
4848 12398 
4852 3366 17379 
4853 1141 
4856 3167 
4858 16810 
4859 6374 
4861 674 
4862 11377 
4869 9250 
4870 5049 
4879 2008 
4880 10612 
4881 5002 
4882 8425 3524 
4883 6134 5654 30346 4980 4979 
4894 8679 
4899 6212 
4910 1602 7159 29174 13490 
4917 3795 
4918 9837 
4927 1329 
4939 781 
4942 1318 22447 
4949 2842 
4955 18984 
4974 11776 
4976 11625 7496 
4986 16818 
4991 9339 
5004 6165 
5005 580 
5006 10949 
5009 5222 
5016 8592 13590 21215 
5018 9241 
5019 14380 
5031 17902 
5037 7845 
5041 19535 
5058 5927 
5060 9171 1826 
5061 14318 22267 
5063 27484 27640 21553 
5072 6389 
5084 14841 
5089 11242 
5090 1329 
5094 12447 
5097 15277 
5100 2800 2909 
5102 18200 
5106 7544 
5107 13125 
5113 30700 
5119 3919 29773 
5123 6562 
5130 20409 
5134 1257 
5137 10240 
5141 27867 
5165 26851 11798 13993 14070 
5169 23210 
5176 23364 
5178 10998 
5185 9241 
5192 8285 
5196 22127 5276 
5202 23103 30841 4745 
5208 30863 
5213 7990 
5239 3167 
5244 21837 
5245 783 
5247 3346 
5248 7939 
5251 713 
5253 25131 
5254 2826 
5257 26870 
5258 6059 
5261 827 
5271 1077 30920 
5278 3788 20697 2864 
5279 6221 11498 
5285 12304 
5292 30545 3600 
5302 28848 
5303 15495 
5309 30147 
5316 2651 
5342 8 
5351 21104 1010 
5360 981 
5361 877 2690 
5373 9187 4946 
5375 31056 
5376 4169 
5388 764 
5390 14813 1243 15740 3834 
5408 3827 10230 
5412 7136 
5417 8311 
5426 12812 
5431 2645 
5434 1757 
5435 21708 86 
5439 17624 
5447 11024 10610 
5449 17932 25694 25098 20515 
5451 8267 
5452 17615 
5460 12449 
5468 4623 4552 
5472 767 737 
5474 6214 
5476 16931 
5478 13293 
5482 8165 
5483 24968 
5484 16966 
5489 30536 
5490 1794 
5505 21584 
5507 15980 19510 22540 
5508 2808 
5514 10723 
5516 20204 
5520 31257 
5521 4555 
5522 8767 
5525 20198 
5526 811 
5530 904 
5531 14796 
5537 5666 17139 1934 
5539 24235 
5540 15937 28769 
5542 31452 
5571 16694 
5572 773 
5573 12318 
5585 20103 20079 
5588 22340 
5593 2902 
5605 12020 
5607 4203 1482 
5619 648 
5638 20890 20832 
5641 6861 
5642 2565 
5643 22471 15554 15542 
5645 23181 11903 
5649 24996 
5650 2062 15734 
5652 12584 
5657 31583 
5658 19740 
5660 769 
5668 3127 
5673 7501 
5675 17287 
5676 2297 
5690 16437 
5695 30850 
5697 9556 
5718 1306 
5720 10591 
5721 1025 
5722 7001 
5727 2959 
5734 9383 
5741 1960 
5743 29250 
5747 4138 
5750 4027 
5752 8334 
5762 18743 18200 
5764 5913 
5767 826 
5768 15130 9340 
5775 13708 
5781 2830 
5787 14396 
5801 12568 
5802 18144 
5807 77 
5809 737 
5813 2902 
5835 8633 22777 20510 
5842 3524 
5844 8959 
5848 8045 7525 
5856 3651 
5857 23626 
5863 2944 
5865 2827 14362 
5866 14242 
5869 17135 
5871 3591 
5884 2381 
5885 11002 
5886 4557 
5888 2845 
5897 3259 
5900 3835 
5905 2897 
5926 2851 
5934 929 
5946 11867 
5949 6952 
5951 5063 7434 
5952 7047 
5961 9894 
5970 8 
5976 1993 
5980 1540 
5988 2050 
5994 7939 
6015 2093 
6026 24588 
6030 786 
6032 4164 3138 
6043 2590 
6047 23972 
6055 3335 2130 
6057 14688 26863 
6067 1934 
6074 31265 
6084 7290 
6085 2897 
6091 15112 7422 
6097 28549 
6122 11958 
6123 9155 10891 3076 
6126 12159 
6127 18724 
6129 8780 1560 
6133 12845 
6140 2936 
6146 25521 10438 
6147 5684 
6160 4633 4653 
6161 303 
6163 4920 
6164 16494 
6173 917 
6182 15879 
6186 14850 
6198 18238 13982 
6199 4791 
6206 14745 
6207 22623 
6208 16771 
6214 20873 
6215 7695 
6229 1718 
6238 18513 
6253 8318 
6255 16664 23383 
6260 905 4209 20308 
6263 1880 
6266 5955 5972 204 
6269 4995 
6272 3284 
6274 5235 
6275 1057 
6278 20062 1134 
6281 23694 
6285 8252 
6286 9831 
6296 29964 
6297 3996 
6307 4787 
6311 23354 
6315 18685 17018 
6319 14158 
6324 5367 
6331 30713 
6336 20335 3639 8018 
6338 29963 
6339 9424 
6347 1339 
6350 27908 
6353 257 
6354 4643 
6356 3678 2872 
6357 3489 
6358 32332 
6363 3129 
6366 8043 12959 
6367 20994 
6369 24624 
6372 1696 1979 
6379 4770 
6397 773 
6402 6565 
6410 716 
6415 31531 
6418 3429 
6420 10547 
6425 16877 
6428 4711 
6434 2135 
6444 1317 
6451 8876 
6452 11103 
6454 20521 
6459 4676 
6460 6030 
6467 4036 
6471 1109 
6489 16616 4081 6880 3573 5042 2904 
6491 63 
6497 7870 
6506 22 
6509 22209 
6514 3927 21662 
6526 32208 
6531 12864 
6533 27746 
6535 12921 
6542 20347 
6548 10221 
6551 12556 
6553 15974 
6554 19770 
6555 5883 
6557 19386 
6570 4836 
6588 32587 
6590 18448 
6591 7302 
6592 3777 
6595 918 
6600 1242 
6605 3699 
6614 7939 
6618 3333 
6623 12250 
6625 8294 
6627 21538 
6629 5111 
6631 5738 
6634 7951 
6638 16264 
6643 16601 7386 24775 
6644 16346 
6651 3647 
6656 26281 
6657 7177 2285 2245 
6667 2706 
6672 5992 
6674 9350 
6677 6128 11479 
6678 3608 7718 
6691 22713 
6694 25387 
6698 5258 10125 
6709 14167 
6713 28976 32692 
6716 2965 
6721 6974 
6725 655 
6729 871 
6735 20459 
6736 22039 16453 
6741 22193 
6748 23299 
6751 28445 
6753 1075 
6767 4550 
6769 11190 
6770 4813 
6779 5062 
6784 32754 
6791 5234 3678 
6792 27088 23339 
6803 1826 12304 
6806 8566 21060 
6811 6912 
6814 25473 
6816 722 
6819 7658 8577 
6827 4740 
6830 14393 
6835 16558 
6837 30192 
6846 7123 5206 
6848 801 
6856 12666 
6859 3529 12791 
6866 8318 
6869 18663 
6876 6241 
6878 17642 9583 5691 
6884 15216 
6889 14108 
6893 11630 
6894 2775 
6901 6613 
6909 8280 
6914 23685 32494 
6923 23580 
6924 1068 1913 5518 
6928 2697 
6929 5382 
6933 5323 
6946 4323 
6948 6974 5769 4364 1926 1858 6502 13071 22890 1656 
6950 26088 
6951 10182 
6975 2012 
6978 1846 
6983 2916 
6986 6383 
6990 9567 
6995 17455 
6998 29644 
7000 5021 
7001 8158 
7005 26534 
7013 32467 
7015 5356 
7018 2342 
7025 1607 
7026 20838 
7038 3771 
7039 8483 
7044 3839 
7048 1950 
7061 15790 
7062 17699 
7063 25635 
7064 17275 
7065 632 
7080 15506 
7087 11957 7335 
7091 20969 3152 
7094 31253 5992 
7102 16928 
7103 6022 
7104 8313 5709 
7112 4061 
7127 6407 
7136 7722 
7137 23766 
7161 13470 
7168 11229 
7171 8074 2866 
7177 2897 
7178 13 
7185 10834 9981 
7202 10307 
7208 2835 
7215 3290 
7216 636 
7233 2927 
7238 18192 
7240 9130 
7244 10354 17285 
7245 1979 
7252 5229 
7257 4312 
7262 927 1913 
7264 1788 29455 1770 5434 
7266 28943 
7267 19082 
7271 25644 
7272 23133 
7273 9032 8521 
7305 23244 
7308 5489 
7315 32835 
7320 845 
7321 1156 
7325 3489 3280 18602 27352 657 18558 
7326 7597 
7372 28596 
7376 22012 
7378 10124 
7389 18990 
7396 10923 14340 
7401 3590 
7403 5391 
7407 4037 
7410 7544 
7424 15821 
7427 4175 
7428 6412 
7429 24700 
7432 717 28716 
7438 2026 
7439 5504 
7442 20915 33448 
7444 7487 
7453 13422 4394 
7456 1739 
7457 91 
7460 19674 1547 22264 
7461 6729 
7465 2755 
7469 7352 
7477 1189 
7478 4976 8635 
7480 15092 
7486 6949 16982 
7497 3738 
7501 4939 
7506 2099 
7529 1384 
7531 8896 
7537 2079 
7546 3651 
7547 2301 2328 
7549 16514 
7551 13769 
7556 15705 
7558 18969 
7570 3407 
7575 773 
7577 5824 
7580 26869 
7581 12017 
7584 16654 
7585 10410 3557 
7587 24335 
7607 1532 4864 
7615 4479 
7616 6174 
7617 2763 
7618 2699 
7620 6919 
7625 3556 
7626 10481 
7635 6427 4626 
7642 2838 3632 
7644 10421 
7650 2990 
7655 20350 
7661 929 
7665 10666 
7668 33608 
7678 16360 
7695 14902 
7697 28609 
7712 14089 
7719 9074 
7721 31687 
7726 5654 
7733 14557 13622 
7744 16714 
7747 10831 
7752 5711 
7760 1463 
7776 754 23466 
7777 20445 
7779 28164 
7791 4015 
7795 1176 
7798 14198 
7799 685 
7806 11575 
7807 22871 803 16582 
7813 25211 
7818 6430 
7819 3316 
7824 23766 3999 
7833 5350 
7845 17453 
7853 5801 
7854 2705 
7862 28065 
7871 1970 
7878 9257 
7882 28309 
7891 8323 
7892 32187 
7894 7877 
7895 7901 
7903 4894 
7904 33771 
7924 14713 
7932 4501 
7937 1737 
7940 9822 
7943 24294 
7944 24792 
7947 758 
7948 693 
7956 4392 
7966 3608 
7967 3525 
7968 13602 4914 
7971 1018 5063 
7973 3100 
7975 82 
7976 5269 5355 
7983 33818 13819 
7986 2959 
7987 20843 
7988 2290 
8004 27465 
8006 12415 
8010 9248 
8012 30275 
8015 9710 
8024 7353 
8033 169 
8040 13327 
8043 1030 
8056 6344 
8059 33884 
8064 10733 10987 27323 
8070 9579 4999 10405 
8072 1240 
8089 2720 
8091 18586 
8110 7509 
8115 9989 
8127 3216 
8133 28778 23529 
8144 709 
8145 34 
8158 4179 
8162 16430 
8170 7070 9342 
8181 4112 
8183 12388 
8184 10904 
8188 28001 
8193 2631 8372 
8194 16348 
8198 1387 7485 11955 25573 11496 2223 15196 8921 
8203 1659 
8204 10450 
8205 14769 
8219 15986 
8225 3343 
8226 18997 27280 
8232 5696 
8235 7622 
8249 2501 
8257 16470 
8263 13131 
8268 406 
8278 11898 2789 
8281 145 164 18685 334 
8282 16103 
8285 24411 287 
8299 18533 
8322 909 29764 
8325 773 
8326 1236 
8327 69 
8330 12128 
8336 4709 
8339 16657 18607 
8345 22890 
8355 20332 7544 
8356 22873 
8361 9216 
8363 15246 28439 
8370 16939 
8372 11029 
8384 1156 
8410 6146 
8415 14776 
8416 2896 
8418 13980 632 
8423 17022 
8431 3167 
8432 18367 
8441 27592 20524 
8443 6044 
8448 11068 
8472 7942 
8479 6637 
8480 27100 
8481 8721 
8483 34218 
8485 8328 13046 
8497 1084 6942 
8498 21844 
8500 846 
8504 18559 16236 
8506 69 13388 
8516 2936 
8526 23875 
8528 21449 164 
8529 25595 22760 3324 
8533 8341 
8539 6223 
8542 6837 
8543 8195 
8552 11 
8557 3194 
8559 10128 26054 
8565 1702 
8566 11507 
8571 3436 
8581 9947 
8583 13089 
8584 21983 
8585 6845 
8586 21663 2014 34278 
8587 7113 
8590 24051 
8599 20940 
8605 10962 
8607 28479 
8608 1034 
8611 7789 
8616 19535 
8621 23920 
8627 1377 
8630 18948 
8634 15426 
8639 303 
8642 14461 
8646 1956 
8652 27380 
8661 1423 24943 
8664 15982 
8667 14540 
8668 18957 
8682 9156 
8683 15444 14441 
8687 16004 
8691 16769 20099 
8698 4326 
8701 485 
8724 17544 
8726 21669 
8744 34389 
8746 5172 13418 
8749 9989 13590 
8750 25124 26848 
8757 3536 
8771 17239 
8780 29149 
8781 20065 
8785 4483 
8786 981 87 2714 
8799 32190 17384 3683 
8804 34449 
8811 31987 
8819 9361 
8838 13108 459 
8841 9893 29823 
8854 22546 
8859 17829 
8875 9344 
8898 5491 
8899 34503 
8913 453 5956 
8926 3418 
8927 11728 10806 4999 
8928 3906 
8944 25982 
8949 28774 
8954 6078 
8956 26392 
8958 20088 
8966 7811 
8967 34540 
8972 17119 
8975 14694 
8991 783 88 
8999 22292 3890 
9001 17212 
9002 20844 27631 
9006 16248 
9007 2077 
9029 20118 
9030 8657 
9050 10411 
9054 2798 
9057 33882 
9058 1640 
9064 15417 7390 
9070 3638 
9082 14386 
9085 17066 
9091 8961 
9093 16296 
9098 1005 
9103 5269 
9115 6728 6786 5276 2774 
9123 2168 
9136 23136 
9143 17705 
9151 9256 
9153 18233 
9156 19531 15 
9161 7839 
9164 14050 
9181 17157 
9182 24784 
9184 8345 7703 
9192 16234 
9197 521 
9205 77 
9211 10653 
9219 295 
9226 8256 
9230 5471 1057 
9238 22961 
9243 3452 
9244 2794 
9246 1177 
9249 4589 
9264 7036 
9274 5232 
9281 853 
9290 5699 
9292 16053 18987 
9298 14712 
9301 14296 
9312 22351 
9322 7895 
9332 30866 
9333 20401 
9335 30204 
9337 28977 
9343 22423 7180 
9345 650 
9346 32634 
9350 14439 
9351 8808 
9353 1549 
9354 13512 
9355 6215 
9362 33426 
9369 11983 
9371 9365 
9377 2720 
9392 2179 
9393 3129 
9394 10077 
9399 29677 
9403 17487 25097 17965 
9405 2830 
9421 3634 
9425 63 
9444 8603 
9445 21759 
9448 1746 
9451 3487 
9454 26240 11980 
9455 2382 
9456 2009 
9457 11980 
9460 15846 
9465 33927 13799 
9472 7310 
9473 4805 
9475 12266 
9478 8873 15189 29604 18400 26945 34829 
9479 14439 
9484 7886 7403 
9493 257 
9502 12225 
9510 9508 
9512 6983 
9515 16558 
9539 34882 
9542 1740 
9546 14158 
9552 14882 
9555 5744 
9559 32008 
9561 4949 
9565 30428 
9566 28775 21438 
9574 7733 
9577 2109 
9578 6048 24602 
9580 17118 
9608 12403 
9611 2125 
9615 25962 
9616 1935 
9622 18769 
9625 243 
9634 6918 
9647 7828 
9659 16600 
9662 11468 
9677 29714 
9680 28561 
9684 1524 
9688 24587 21836 
9689 737 
9708 1986 
9710 34980 
9717 29746 
9721 654 
9724 7536 
9734 29320 
9739 2835 
9743 24409 
9748 35001 
9749 20399 
9768 20836 
9772 15862 
9778 9936 
9780 5182 
9791 1104 
9796 9366 
9798 3208 2902 
9814 3495 
9824 25439 
9835 16835 
9840 19410 3604 
9841 2099 
9843 6142 
9847 13372 
9848 28978 
9849 10931 
9853 7445 
9854 3807 
9858 2709 
9860 760 
9865 3597 
9866 2895 17293 
9873 26474 
9875 14652 
9876 21710 
9878 4420 
9882 14691 
9891 11684 
9900 4498 30161 
9901 20925 24227 26952 
9903 26149 
9908 1862 
9914 3482 
9916 1446 19242 8106 
9919 1462 5596 
9920 27940 
9921 7429 20240 
9923 6211 
9939 29319 26141 
9946 3050 
9947 26085 
9952 17016 
9963 18787 
9970 16351 
9974 18367 
9996 24697 
10002 3470 
10014 15344 
10015 2919 
10019 27584 
10028 1916 
10031 10124 
10037 15788 
10039 6151 
10040 862 
10052 8649 10052 
10063 17010 
10093 13294 
10105 21916 
10108 7490 
10112 22195 
10116 5346 
10127 31948 
10137 9379 
10138 2733 
10156 11652 
10165 18774 
10168 14097 
10170 15958 
10180 3803 16360 2866 28981 
10188 4311 
10189 26240 
10194 7812 
10196 4938 
10198 10130 
10200 743 
10217 3831 
10237 6391 8181 
10244 19109 
10246 4326 
10253 620 
10260 10470 
10262 17819 
10273 27613 
10274 10232 
10275 7229 
10280 12158 
10287 7969 
10296 16338 
10305 2710 
10308 7435 
10319 16892 
10324 5681 
10327 15338 
10329 3787 
10338 14829 
10339 5313 
10341 5539 
10343 4164 
10351 653 
10353 8090 
10355 9877 
10357 20118 
10375 783 
10381 10660 
10384 13088 
10387 2259 
10388 5616 
10399 1056 
10400 32272 
10401 1473 
10404 31513 28662 
10416 31566 
10421 1264 
10424 7361 
10427 19551 
10428 24292 
10438 7822 
10451 1948 13 
10457 6954 
10458 10835 6846 7347 
10463 8341 
10466 6797 
10468 34489 21795 
10519 3045 
10522 32175 
10526 9118 
10531 7489 
10540 3801 
10544 2050 7828 9020 
10548 12503 
10562 14686 
10563 35405 
10571 25423 
10575 12601 
10579 2012 
10599 21459 
10613 13033 
10619 7490 
10621 4061 
10623 13203 
10624 427 
10629 2382 
10642 23548 
10645 6478 
10657 9193 
10661 3245 3651 
10670 23085 
10673 32783 26973 
10674 25975 
10676 15983 
10683 4665 5102 
10687 27084 
10691 6492 
10694 20645 
10702 26907 
10709 24979 
10710 7907 
10714 8871 
10720 11397 
10723 6492 
10728 9267 
10731 31796 
10736 31692 
10742 19191 
10746 21438 
10748 4214 
10750 21664 
10764 11741 
10775 772 
10781 31109 
10792 14039 25375 
10794 12988 2182 18892 12551 6743 
10796 30848 
10798 4343 
10800 5406 
10804 15004 14637 
10805 6724 
10831 9558 
10835 2141 
10836 3636 
10837 8252 
10849 15591 928 
10869 13 
10888 26572 
10889 27942 
10891 6356 15832 
10896 10252 
10905 11729 
10908 15878 
10910 4105 9761 
10912 9013 
10914 10288 
10916 29465 21584 
10927 29146 
10938 11191 
10940 17474 
10952 3148 
10953 7036 
10958 9563 
10966 6407 
10968 31151 
10970 13724 
10972 14021 
10973 18351 
10981 28580 27175 
10985 5711 
10991 1746 
10998 13130 
11004 3039 
11005 2959 6062 
11006 10634 
11009 8988 
11019 3483 
11030 16137 
11035 9250 
11039 29366 
11043 3793 
11049 11293 
11050 12382 
11054 28307 20969 
11061 4282 
11069 35609 
11070 17819 
11072 15828 
11078 27457 
11090 28770 
11102 2660 
11103 7285 
11106 14507 
11107 899 
11127 1356 
11134 5582 
11143 13331 
11145 308 
11149 35632 
11155 8934 
11161 2865 
11165 4081 87 
11166 21158 
11168 15836 18676 
11169 6241 
11189 13927 
11190 14527 27640 11446 
11194 23455 
11196 9761 
11199 5825 
11201 7713 
11205 32103 
11220 19726 34021 
11229 25649 
11231 4390 29710 
11232 10801 
11244 1862 
11249 3060 
11250 26319 
11251 4843 
11276 1793 
11279 23101 
11282 28303 
11291 5580 
11294 5181 
11300 13194 
11319 3791 
11325 811 
11328 9275 
11331 7329 
11335 7116 
11338 4661 
11339 5379 
11345 28848 
11355 23283 
11360 7123 
11366 1979 
11374 3426 
11377 2005 
11386 9018 
11387 6958 
11396 10008 22652 4675 
11403 1816 
11404 3641 
11431 1212 12854 
11445 18302 10513 
11447 8644 
11451 8407 
11452 30866 
11465 4624 
11466 6569 15576 6453 
11467 3505 
11473 5902 
11478 1682 
11479 31183 11425 
11506 3528 
11519 7105 
11527 22463 
11530 16101 
11537 7428 
11546 814 
11560 1337 15879 
11563 17095 22328 
11565 4910 
11567 10281 
11570 16775 16297 21376 
11583 8633 
11585 9991 
11598 18949 19527 
11611 7404 
11616 1109 
11618 23045 
11620 3649 
11622 10801 
11624 9173 
11626 3482 
11645 10184 
11647 2604 
11651 17335 
11656 3735 
11661 25352 
11663 10969 
11666 24790 
11678 3629 
11684 12726 
11698 16735 
11700 7406 12389 
11707 25464 
11710 1386 
11711 16860 
11716 16565 24204 
11717 12306 19540 
11735 14423 
11739 4010 
11741 26255 
11749 7722 7950 
11750 17572 
11754 17469 
11763 26348 19936 
11777 11960 
11780 710 30436 
11785 15089 
11788 633 
11792 17775 3853 
11801 26870 19721 
11808 32398 
11810 34708 
11811 23701 
11825 10858 
11831 15971 
11832 13558 
11840 20956 
11843 9702 2593 19735 
11853 12492 6472 
11858 10372 2902 
11860 8430 
11861 786 
11869 17921 
11879 34918 
11882 27932 
11895 5868 
11899 8341 6883 
11905 722 
11918 5656 
11925 4710 
11929 2257 
11931 5868 
11934 3125 
11951 18997 
11956 3842 
11964 33933 
11965 12361 
11966 12390 
11967 5021 
11971 13022 
11974 22816 
11979 20244 11186 
11982 782 
11994 16978 10234 
11999 8252 
12004 7882 
12010 3174 
12027 648 
12034 7167 
12046 1580 
12049 19719 
12057 7861 
12059 1406 
12060 21258 
12063 19212 
12070 23599 
12075 3606 
12077 5423 
12078 15148 
12083 12141 
12090 2765 
12114 17195 
12119 5665 
12127 18119 
12139 34032 
12141 26106 
12144 2725 
12145 20231 
12146 9069 
12149 6659 
12151 608 
12153 32349 
12168 660 
12175 2052 
12177 14433 
12178 28042 
12193 6434 
12197 35813 
12199 2186 
12204 30206 
12215 5249 
12219 2647 
12225 12600 
12229 9241 
12230 7501 1894 
12239 2038 1218 
12243 10255 
12255 13 796 
12262 13352 
12267 3647 
12272 2990 
12286 763 
12290 498 
12294 30768 
12302 14901 
12304 13754 
12309 17771 
12311 7759 
12316 10832 
12317 16460 
12321 92 
12322 13695 
12328 685 21710 47 
12329 25398 
12333 22462 27081 21120 
12336 16382 
12337 30873 
12344 17259 
12356 23019 
12360 24599 
12362 13306 
12363 14285 11450 
12367 12783 
12368 3510 
12393 20162 
12399 13229 
12401 3248 
12403 3777 
12416 6092 
12424 2786 
12431 10854 
12432 9151 
12438 5744 
12439 19043 
12444 2387 
12450 47 
12453 1025 
12456 2170 
12459 5717 
12460 4993 
12463 5336 19744 25220 25855 
12468 15643 
12472 12627 33680 
12479 12272 
12480 2804 
12484 12673 
12486 15877 
12494 5469 
12499 35414 
12511 11312 
12522 1057 
12526 2298 
12527 9285 
12539 14671 
12540 16386 
12546 3678 
12547 16241 31495 
12552 8966 
12562 29433 
12566 8808 
12577 15642 
12580 12839 
12583 13317 4168 
12588 10702 
12592 5592 
12600 7310 
12604 35258 
12605 10612 
12610 29815 
12618 12954 
12624 3851 3848 
12626 32943 
12639 21316 
12641 5742 
12642 5899 21030 
12644 22072 
12650 14683 
12652 14541 
12662 790 
12663 14679 10459 14433 9561 21747 
12666 15512 
12667 10950 
12686 11130 
12694 1992 
12701 10866 
12711 15789 
12724 9630 
12728 23023 
12731 7069 
12735 18807 
12757 30241 
12758 2910 
12759 7718 
12760 6470 
12772 25170 
12776 18769 
12793 31824 
12802 2179 
12806 4032 
12809 13718 
12811 1548 
12819 5117 
12821 4079 
12832 13708 
12834 3482 
12847 32926 
12849 15866 
12850 33397 23345 
12858 23521 
12865 5109 
12877 21159 
12901 9104 
12904 28929 
12912 6658 
12915 11008 
12917 9104 
12927 14257 
12933 764 
12938 14884 
12941 12159 
12943 8649 
12949 15708 
12950 17564 
12951 20830 
12963 13328 
12965 3291 
12967 1921 
12973 31767 
12985 11782 
12989 11813 
13001 8931 
13009 23874 
13015 29963 
13020 19075 
13024 22144 
13025 36269 
13034 4725 
13041 3778 
13042 649 
13044 6168 
13046 16465 
13065 5477 
13066 10222 
13078 1581 
13089 17955 
13091 24061 
13093 4045 
13097 7313 
13110 23482 
13125 3351 
13128 3291 
13149 799 
13153 813 
13155 11124 22724 
13166 4359 
13169 28187 
13173 1998 
13180 3642 
13187 5567 
13190 14861 
13191 7719 11425 3290 
13194 6748 
13211 15410 
13220 20816 27943 722 
13223 2014 
13228 14514 17795 16011 
13231 1248 10306 
13241 17146 
13247 10070 
13253 16634 
13260 1038 
13262 2447 
13263 35508 
13266 21407 
13268 1529 
13271 21392 
13273 2116 
13276 2120 
13277 21747 
13279 2217 
13287 20843 
13292 9026 
13298 4836 
13301 9266 
13302 783 
13312 19896 20446 
13321 8336 
13322 22504 27306 
13326 12066 
13328 5883 20244 
13333 36362 
13343 2175 
13353 24173 
13361 7573 
13364 14532 
13370 32552 
13371 15270 
13376 17624 
13382 7145 
13383 3978 
13386 19756 
13396 11892 34613 
13405 20650 
13415 2285 
13419 1261 
13424 2377 13808 
13427 2992 29787 26038 140 
13431 2851 
13432 3606 
13443 8874 
13459 5913 
13467 14307 
13468 8697 
13474 20307 
13483 5269 
13487 25387 
13498 17623 
13507 18782 
13509 2494 2705 
13520 3605 24589 652 
13523 1323 
13537 5974 
13544 12488 
13545 13349 
13546 9343 
13555 17715 13608 
13558 3717 
13560 1350 
13562 5865 
13573 27350 
13575 5465 
13578 2782 
13581 14173 
13583 6545 915 
13595 18451 
13607 24330 
13626 29128 2994 
13632 35052 
13642 20539 
13643 7548 
13645 3305 14188 
13652 17678 36442 1496 24133 
13657 10866 
13659 28513 
13660 11079 
13671 27729 
13675 20925 
13677 29092 
13681 21211 
13686 5744 
13687 20273 
13688 3284 
13697 5500 
13708 11433 
13710 3803 3626 
13713 1816 
13714 15554 
13735 9677 
13740 5575 10719 
13754 13015 
13768 4373 
13769 27779 
13772 24937 
13799 3245 
13814 8624 
13815 6674 
13816 2193 
13821 6634 2672 
13835 14438 
13838 4217 
13842 1944 
13848 5158 
13849 5911 
13863 4886 
13872 18489 23362 
13874 2579 
13875 3741 
13876 5336 
13883 12858 
13896 8885 
13897 2316 
13900 52 9515 
13901 862 
13903 6063 
13913 9459 7493 
13919 5895 
13938 32796 
13942 11732 
13948 18732 
13958 423 
13960 3064 33025 
13967 8649 
13974 26109 
13985 5172 
13990 4976 
13993 3023 
13996 10857 
13997 29391 18915 
14009 89 16276 
14017 10039 
14019 75 
14022 16043 
14031 852 
14052 22838 
14063 26572 
14064 11208 
14067 5705 
14073 8332 
14080 13361 
14083 20781 
14091 3759 
14111 24642 
14116 3281 
14118 5531 
14121 8834 
14127 28594 23730 
14128 12699 
14130 3322 
14145 24288 
14148 1965 
14150 6053 
14163 24941 
14169 3652 
14170 30691 
14184 2399 11499 
14195 29099 
14200 14755 
14205 13484 
14211 5540 
14223 5642 
14228 21817 
14233 12690 
14235 23007 
14242 17606 
14268 4321 
14272 766 
14274 25833 
14279 24626 
14296 23948 
14299 855 
14301 6718 
14304 18907 
14313 8751 
14317 7573 25590 
14325 19373 
14331 10858 
14339 29678 
14347 354 
14354 14360 
14359 11189 
14363 20823 
14367 16105 
14375 29765 
14392 10913 
14396 2086 
14406 11883 
14423 5889 28547 
14435 3356 
14439 31257 
14440 19116 
14444 4689 838 
14447 36602 
14453 28025 
14463 22860 16845 
14464 7915 6576 
14469 23354 
14478 30016 
14479 26649 
14482 13674 10237 
14483 1018 
14486 6317 24226 
14493 696 
14507 20878 
14535 1255 
14538 11813 
14540 11928 
14544 20855 
14549 13343 
14555 3190 
14561 983 
14586 1245 
14602 1854 
14603 22318 
14610 13142 
14613 10485 
14617 1905 
14618 25636 
14620 19567 
14621 23425 
14643 484 
14649 8369 
14659 17671 
14664 10841 
14670 28032 
14683 8784 
14685 1018 
14693 24332 
14702 5547 
14704 8106 
14709 21086 
14710 34265 
14717 29428 11634 
14719 2118 
14720 1189 
14725 34368 
14733 18455 
14735 29532 
14739 6020 
14748 27532 26237 
14756 7115 
14761 12389 
14765 2687 
14768 19089 
14777 6204 
14779 2126 
14786 8517 
14791 2279 
14795 22566 
14796 4975 
14799 13475 
14802 30958 
14805 20704 
14809 29910 16639 
14817 8752 
14830 10231 
14839 8352 
14849 18338 
14851 1051 9826 
14856 1034 
14862 11056 
14863 8342 31318 3502 
14871 5381 
14875 9472 17400 
14884 32302 
14887 34574 
14893 4446 
14899 21779 
14900 30412 
14901 29385 
14908 17329 
14935 632 
14942 2924 
14946 33796 
14960 13881 
14972 1305 
14980 16878 
14988 12854 
14989 8380 
14993 5530 
14994 4907 4497 
14999 17641 30926 
15007 11150 
15012 9629 
15014 7036 
15030 19165 
15043 5205 
15053 4661 
15054 17829 25705 19512 
15090 17799 
15101 2009 
15112 429 
15116 12901 
15119 2052 
15121 9983 
15123 25910 
15126 6480 
15129 28650 
15133 19535 
15140 3124 
15142 35622 
15157 9629 
15163 31629 
15164 15398 
15165 18268 26251 
15194 14483 
15200 22003 
15201 21668 
15212 10842 14832 
15213 2630 
15224 20140 
15225 17895 
15226 17723 3678 10510 
15241 14654 
15245 4079 
15250 36751 
15258 7520 
15259 21952 17571 21881 
15277 2964 773 
15287 496 
15290 16048 14273 
15298 2701 
15302 25155 30766 
15303 3670 
15304 7932 
15305 36422 
15314 2796 
15316 773 
15323 30735 
15327 24602 
15330 35570 
15339 34271 3074 
15341 10644 
15350 24231 
15355 3253 
15359 3647 
15365 15 
15371 2494 
15380 10481 
15385 2305 
15386 688 
15398 783 
15402 27098 13494 27710 35005 
15406 847 
15414 24867 
15419 19083 33621 
15422 3284 
15426 24840 
15433 9547 
15444 21359 
15446 2014 
15450 29765 
15451 30989 
15453 29745 
15462 10708 
15463 25900 
15465 6048 
15468 9575 
15473 8312 
15474 6233 
15489 8218 
15493 35935 
15495 906 
15501 9989 12159 
15503 19998 
15556 4396 
15558 23965 34578 
15579 14580 
15583 33524 
15587 36837 
15598 8 
15609 11837 4135 
15616 8667 
15622 17840 
15635 12828 
15636 24753 
15654 13852 
15663 794 24062 
15668 18031 
15671 8774 
15676 11424 
15677 18478 
15679 33035 
15684 15309 
15686 29049 
15694 903 
15710 7327 24553 28306 
15715 23295 
15741 10452 
15742 31935 
15744 11719 
15745 5175 5014 
15751 9172 
15762 13697 
15764 5175 
15765 3322 
15774 11983 
15786 3683 
15795 13489 
15803 9498 
15804 5309 
15806 2019 
15808 8017 
15810 25250 
15811 21504 
15816 26952 
15817 25439 
15819 6241 
15827 8339 
15830 6053 
15843 13639 
15850 34481 
15868 4321 
15877 15 
15890 685 
15891 7485 
15894 11459 
15901 20942 
15907 32651 6390 12135 
15912 30650 20974 18605 
15914 33127 2653 
15930 6546 
15945 28512 
15946 30679 
15947 9368 
15948 16729 27234 
15963 15420 
15987 332 
16002 36947 
16013 1170 
16017 12899 
16024 11767 
16033 1882 
16036 27490 
16040 17403 
16061 8192 19885 
16065 16461 
16066 1120 
16074 24563 
16076 1128 
16078 29772 
16079 6502 
16086 35123 
16087 28113 
16094 10411 
16107 12780 
16129 7236 
16135 2196 
16138 13036 
16144 15147 4015 
16145 48 21973 
16146 21507 
16165 12935 
16175 24383 
16176 17779 
16197 790 
16201 24737 
16202 30502 
16203 22902 
16204 14319 
16207 10241 
16210 16339 
16212 2050 
16213 5361 
16219 1038 
16220 32261 
16227 20926 
16228 12643 
16234 8672 
16239 7366 
16240 6487 
16244 4166 
16245 10982 
16246 22400 
16249 4630 
16261 2896 
16269 10673 
16297 2845 
16303 7560 
16304 14922 
16305 1065 
16307 9569 
16310 7335 13589 
16311 7642 
16319 20620 3071 
16321 124 
16328 14383 
16346 13248 
16356 13729 
16364 7261 10241 
16369 22279 
16384 19698 
16387 21027 
16395 9266 
16397 716 
16415 13747 
16420 28356 
16421 19563 
16425 16563 
16426 32967 
16442 6581 
16454 30495 
16459 9796 
16465 21857 
16477 7828 
16483 2547 
16491 19190 
16503 6753 
16505 36754 
16509 4555 
16512 31797 
16519 1018 
16520 12613 
16525 9450 
16539 31614 
16551 9636 26822 28384 
16557 7772 
16560 3926 
16562 15099 
16563 10087 
16578 8791 1135 
16583 1742 
16593 2944 
16612 22984 
16614 1361 
16615 1992 
16620 3643 
16633 27659 
16635 5436 
16659 13664 
16662 5598 11956 
16677 12626 
16680 5929 15545 235 
16683 36549 
16691 4793 
16693 3782 
16699 7261 
16705 32039 
16706 9368 
16718 2901 
16737 20451 
16739 1087 
16751 9081 
16755 11884 
16756 3166 
16767 12993 
16777 11560 
16780 28388 
16781 956 
16784 6962 9567 
16815 2964 
16817 10365 
16835 6773 
16838 2023 
16839 25461 
16842 7897 
16844 26462 
16851 11256 
16856 31283 
16870 22058 
16891 5205 
16897 22418 
16907 23501 
16916 2867 
16931 10845 
16948 8425 
16952 16063 
16960 27224 28585 
16971 28146 
16978 19046 
16979 26725 
16988 7387 
16993 23453 
17000 1442 
17006 12372 
17021 9139 
17024 10998 
17031 36841 
17042 3796 
17043 16765 
17045 12640 
17058 6500 
17062 2949 
17063 22681 
17068 6038 
17069 20379 
17070 31585 
17072 15828 
17081 6481 
17084 13446 
17086 35942 
17092 136 
17097 26686 
17100 2860 
17111 4949 
17131 2793 
17132 25156 
17133 2421 
17138 3383 
17139 8048 
17141 16212 
17152 2015 
17154 16018 
17155 8668 
17156 1941 
17158 2421 
17170 19189 
17185 27833 
17195 15133 
17199 25007 
17202 23337 
17208 22888 
17212 32688 
17214 6659 
17231 1198 
17242 37121 
17247 12494 
17251 10463 
17257 32704 
17262 7150 
17271 5054 
17281 1030 
17289 20572 
17296 33152 
17297 4796 
17304 5350 
17314 9979 
17315 25304 17335 
17324 7402 
17334 10333 
17364 2714 
17366 9774 
17367 27615 
17376 13792 
17379 6022 
17390 18499 
17392 21620 
17399 14262 2674 
17409 3811 
17410 7873 
17415 28309 
17417 31936 
17423 2033 
17429 20838 20969 
17436 2865 
17439 32654 
17458 16601 3870 22294 
17465 28952 
17470 19573 
17480 7323 
17486 18668 
17489 2096 
17491 24132 
17503 12568 2651 
17505 1031 
17507 30042 
17513 25936 
17529 32962 7363 13698 32561 
17537 24766 
17538 1038 
17542 1496 
17545 15815 
17546 12091 
17559 7021 
17567 14054 
17570 1249 
17581 6575 
17583 21444 
17590 9450 
17593 5051 20325 
17597 1442 
17598 10614 
17602 35839 15778 
17606 12453 
17607 31873 
17611 28695 
17621 6022 
17627 17681 4158 
17641 22170 
17645 29147 
17654 6877 8599 
17656 10464 
17660 11446 
17661 25295 
17663 15675 
17671 620 35546 
17672 5684 
17692 13095 
17695 16022 
17700 34060 
17724 27174 
17739 26455 
17757 33352 
17766 13755 
17768 1024 
17785 25032 
17790 4825 
17791 21805 
17801 7165 
17803 2020 
17806 3259 
17811 12601 
17813 383 
17822 7955 
17823 18767 
17829 15006 7177 
17831 24345 1330 30843 
17833 13446 8435 15433 
17852 31168 
17855 20731 7458 
17862 10636 
17867 15819 
17870 6074 
17882 19502 
17885 652 
17896 27555 
17911 311 
17912 22429 
17915 5485 
17930 34619 
17937 8431 14505 
17949 20857 
17959 8569 
17976 18083 
17985 7490 
17989 7261 
17990 25577 
17997 24296 
18004 9761 
18020 32610 14435 
18028 15805 
18029 18494 32721 
18036 1519 
18037 35502 
18038 10752 
18045 19193 28501 
18048 9339 
18056 736 
18061 3284 
18067 12646 
18084 4331 
18089 21708 5931 
18097 18776 
18099 25909 
18102 34432 
18106 23958 
18107 2732 
18110 10547 
18115 798 
18125 5020 
18131 19074 
18147 27709 
18161 24075 
18176 24051 
18177 10608 
18181 8746 
18196 15923 
18204 2410 
18211 7695 
18215 14211 21201 
18227 13240 
18231 11035 
18235 17236 
18240 1905 
18241 17835 
18245 29113 
18247 3771 
18248 32439 12856 1084 
18250 10675 
18267 3678 15558 
18272 2782 
18273 14063 
18274 12322 
18275 3121 
18280 33202 
18282 31407 
18286 14868 
18288 31035 
18294 34698 
18295 15976 
18304 5235 
18308 17471 
18315 2801 
18331 1865 
18342 18979 
18346 21797 114 
18347 2727 
18349 4015 
18350 24553 
18356 36027 
18358 22171 
18370 24967 
18376 31722 
18380 1546 
18394 821 
18398 10214 
18403 1728 
18410 29611 
18412 20652 15910 
18427 10252 
18431 13274 
18436 22556 458 
18444 16028 
18445 1818 
18447 31498 
18458 16393 
18470 4648 
18474 14748 
18477 9852 
18482 34402 
18484 24521 
18504 6332 
18508 28915 
18517 21668 25065 
18520 15404 8296 
18528 2999 
18539 24322 
18545 8752 
18556 3792 
18558 33983 
18566 17709 
18569 29362 26915 
18581 20951 
18583 19892 
18585 8536 
18587 12330 
18588 2087 
18593 1874 
18600 18660 
18606 1638 
18610 34764 
18615 34641 
18616 4936 
18617 1056 
18625 12375 
18634 1540 
18635 23574 
18641 20812 
18642 29280 
18645 21436 
18658 1959 
18664 13522 
18665 4390 
18671 15044 
18672 14438 
18673 2381 
18681 35253 
18682 27159 
18684 24147 
18688 4805 
18696 18921 15952 
18711 28519 
18714 1515 
18724 29061 34212 
18726 20939 
18727 3672 
18736 21463 
18738 11446 
18740 7838 
18741 503 
18755 29678 
18760 9826 
18768 4865 
18776 18383 
18778 1038 
18783 36941 
18789 4008 
18791 8667 
18792 3294 
18794 13760 
18802 274 
18806 13026 
18810 3407 
18814 27763 
18825 4382 
18826 15136 32127 
18839 17853 33830 26707 
18843 774 
18846 7075 
18850 784 
18852 1050 
18864 10799 
18866 26417 
18876 5525 
18884 8934 
18890 275 
18891 36907 
18898 6522 
18906 23955 
18907 1604 
18912 17749 
18919 19042 
18926 23188 
18958 4534 
18966 15342 
18973 30248 
18982 8691 
19008 12775 
19011 4237 
19015 21257 
19028 8331 
19031 34125 
19038 14826 
19041 17657 
19044 26263 
19047 7952 
19063 17725 846 
19076 9588 
19079 23129 
19086 2914 
19089 6795 
19090 21252 
19107 6800 7895 
19108 3300 
19112 9598 
19115 11892 
19129 8751 
19136 27965 
19150 18274 
19153 13801 
19173 5234 
19183 12119 
19187 5741 
19208 8421 
19216 28385 25207 
19217 27259 
19221 33715 
19225 711 
19230 8750 
19232 1509 
19238 24252 
19244 21889 
19245 12855 
19246 868 
19261 19922 
19263 2959 14435 13446 
19268 32791 
19294 773 10408 
19300 15312 
19303 11585 
19304 773 
19307 12672 
19323 710 
19325 1017 
19329 2993 
19331 31659 13341 
19345 10998 
19351 23805 
19357 24329 
19378 3189 
19383 300 
19385 17396 
19387 25107 
19388 4508 
19395 2511 
19396 8085 
19404 23632 
19405 15261 
19413 4193 
19423 33917 
19431 1070 
19441 14423 
19461 708 
19481 20408 
19488 7759 
19489 34021 
19496 12866 
19500 2808 
19501 1307 
19510 8314 
19540 6826 
19549 8654 
19550 23072 
19554 35521 
19557 2533 
19559 5063 
19560 34344 
19563 7369 24121 
19571 4800 
19579 33916 
19584 30532 19755 
19592 3651 
19598 32416 
19611 34292 
19614 2865 
19615 33712 
19617 17766 
19618 3699 
19621 18402 
19625 1515 
19629 2172 
19633 1596 
19640 21967 
19647 14552 
19654 9989 
19657 6652 
19670 23009 29677 
19672 24858 
19674 29106 
19676 1496 
19678 3352 
19680 33922 
19696 5175 
19698 1865 
19706 14276 
19713 2716 
19716 10783 
19721 14135 
19771 4860 
19777 34585 
19780 34043 
19785 2309 
19787 28028 
19804 33421 
19807 1398 
19822 34259 
19826 4953 
19838 26246 
19843 9567 
19851 23338 
19858 31970 11297 
19865 5528 
19868 26013 
19874 3968 21421 
19877 4963 
19887 11264 
19899 29438 855 
19915 14579 
19941 3600 
19943 25207 17786 
19947 4242 
19967 6846 
19990 6868 
19998 12546 
20018 2959 
20025 2254 
20027 25588 
20036 16623 
20046 1018 
20047 25853 
20052 4661 
20062 5654 
20075 29895 
20084 4866 
20089 32359 
20094 34605 
20103 2699 
20108 16739 
20116 32915 
20119 27519 36407 10953 
20121 9537 
20138 21594 
20140 150 
20164 5361 
20172 30541 
20177 22084 
20181 932 
20188 12608 
20189 21421 
20191 19922 
20200 536 
20207 6652 
20215 12784 
20238 15952 34831 
20266 16128 5249 
20267 520 
20268 9567 
20270 1682 
20278 8639 19677 
20292 37116 
20303 32969 
20307 18366 
20310 2182 
20311 16168 
20331 1336 
20334 34507 
20344 32568 
20345 7046 
20348 19528 20694 32879 
20350 12002 14789 
20357 11181 
20368 13499 5012 
20371 781 
20376 1031 4667 
20380 23539 
20383 22102 
20392 30204 
20393 12666 
20395 3027 
20402 5726 
20413 24677 
20418 12985 
20422 27744 
20423 17085 
20426 8669 
20429 15642 
20450 5673 
20456 17707 
20458 1231 
20461 33053 
20466 32327 
20469 3978 
20472 12882 
20475 14240 
20477 6459 
20480 12935 
20487 5447 
20495 1102 
20497 29175 
20500 9510 
20507 11706 
20508 6937 
20518 28630 
20522 34231 
20523 7719 
20542 6419 
20547 27490 
20549 7228 
20553 10218 
20556 2683 
20558 4670 
20576 4905 
20596 28383 
20598 13900 
20606 28686 
20614 2916 
20618 7337 
20627 16808 
20636 29306 
20638 6339 
20648 16634 
20652 13482 
20667 34246 
20671 3591 
20682 24973 
20685 3025 
20686 36349 
20695 37517 
20696 5798 31799 
20699 28040 
20703 22419 
20708 29277 35507 
20709 30253 
20712 12051 
20719 7838 
20731 5719 
20739 24790 
20747 5205 1176 
20750 1665 
20753 2663 
20758 35961 
20759 7368 16173 
20771 4179 
20776 1035 
20785 19093 
20788 9139 
20789 13759 
20794 10182 
20795 17819 
20798 8822 
20806 783 
20808 902 
20809 27633 
20814 30237 
20816 6274 
20821 35400 32176 
20833 5112 
20842 4179 
20848 3302 
20850 607 
20858 8634 
20876 852 3709 
20894 4953 
20905 9528 
20907 37255 
20909 6803 
20916 2951 17913 
20919 22167 33653 
20921 26579 
20924 21764 
20934 3545 14440 
20943 19077 
20948 13747 
20955 15646 
20964 6593 
20972 12878 
20973 10900 
20984 3342 
20991 35849 
20994 9609 
20995 25072 
21009 19515 
21022 9173 
21023 17040 29654 
21033 7864 
21038 6500 
21041 27647 
21050 12897 
21051 9173 
21054 20733 
21056 29698 
21058 1542 
21073 4630 
21080 22784 
21086 1380 
21087 29460 
21095 16628 29363 
21101 9595 
21103 158 
21117 0 
21120 10208 
21126 7938 
21142 2482 
21146 36669 
21151 3639 
21152 16437 
21154 26350 
21158 23646 
21159 16845 
21164 10456 
21171 19710 
21185 11920 
21201 35736 
21213 15250 
21214 31535 
21217 6451 
21220 30179 
21223 2010 
21234 11066 
21237 13018 
21250 13234 
21256 1866 
21258 14269 
21274 14957 
21280 8412 
21288 20469 2835 
21303 786 12626 10866 1986 24905 15704 9279 3080 
21310 29835 
21311 11333 
21320 33015 
21324 18732 
21326 16257 
21327 20071 
21333 25126 
21335 18738 
21353 11757 
21359 26979 
21365 2571 
21376 19779 
21378 542 
21379 4507 1717 
21380 215 
21395 13308 
21408 10394 
21425 8849 
21442 33993 
21445 10162 
21449 16606 
21450 4927 
21476 27645 
21481 7739 
21484 15750 
21488 2314 6531 
21490 28282 
21514 17149 
21523 6162 
21527 1838 30986 
21538 9128 
21543 7059 
21547 22765 
21557 3158 
21566 22160 
21569 5285 
21576 19065 
21584 35569 25502 
21585 1386 
21590 3316 
21616 5695 
21633 12045 
21650 12331 
21658 2086 
21684 5463 
21689 15755 
21700 12925 
21713 12855 
21715 2602 
21717 13606 
21735 29029 
21745 2401 
21751 33564 
21755 4439 15712 4434 
21763 25725 
21766 34107 
21768 24715 
21777 2123 
21780 21182 
21787 704 
21794 3649 
21806 9173 
21811 35664 
21818 6695 
21823 27607 
21826 13477 
21834 8016 
21844 27051 
21846 3558 
21848 17509 
21855 17855 
21856 2654 
21862 13207 
21866 8336 
21868 6910 
21885 1816 
21893 2063 
21895 22554 
21898 1720 
21902 7428 
21909 28686 
21910 36794 
21911 31863 20991 8106 
21917 6800 
21929 19186 
21931 33421 
21932 15640 
21934 19880 
21940 6215 12324 
21945 16808 
21950 14996 
21953 10365 6526 
21958 23524 
21976 33036 
21985 9791 23913 
21998 34420 
22001 28286 
22006 6659 
22015 9945 
22030 9117 
22046 20135 
22047 3806 
22051 33153 
22055 18510 32298 
22057 15472 
22071 23842 
22072 24868 
22074 15436 
22080 10101 4439 
22092 1271 10346 
22097 11734 
22118 36572 
22120 31349 
22125 701 
22147 14734 
22152 1367 
22154 28509 
22165 8645 
22177 9591 
22184 37399 
22187 22230 
22189 7246 
22190 14127 14096 
22201 22789 
22207 20750 
22209 25886 
22237 21939 
22243 30484 
22249 23023 22467 
22253 20884 
22255 17706 
22256 23264 
22258 157 
22267 9159 
22277 20825 
22280 9999 11136 30025 
22282 28006 
22292 2316 
22298 36299 
22304 34470 
22305 8818 
22309 23310 
22314 13130 
22318 25204 16234 
22326 4320 
22349 10889 
22362 10092 
22365 1944 
22373 20317 
22376 4860 
22377 2093 
22380 6134 
22390 21176 
22404 19723 11226 
22412 29686 
22413 7550 
22415 16 
22434 1351 
22436 35403 
22445 30388 
22452 10508 
22457 3305 
22459 13508 
22468 842 
22474 8201 
22475 14920 
22486 269 
22497 23599 
22500 12918 
22518 8750 
22523 6954 17624 
22525 1134 
22537 33671 3514 
22548 1003 
22557 2818 
22559 15138 
22572 31143 
22575 8336 
22587 596 
22597 146 
22602 5766 
22608 34711 
22609 18787 
22610 17873 
22613 1616 
22628 10572 
22632 22678 
22633 17645 
22636 3112 14068 
22659 8287 
22663 22189 
22666 8369 
22676 9665 
22680 33421 
22700 34410 
22704 6438 
22705 9008 
22708 16881 
22713 7732 
22722 19992 
22726 36274 
22728 22262 
22730 35800 
22735 4047 
22739 13274 
22743 19393 
22744 20353 
22749 33452 
22752 13571 
22759 21116 27580 
22763 2196 
22765 4775 27733 
22773 10000 
22782 9822 
22785 18416 
22788 7757 
22789 16160 32905 
22800 12745 
22806 8752 
22811 16251 
22814 9153 
22815 15461 
22827 28892 
22828 31733 
22830 3836 
22838 23104 
22847 16325 28385 
22848 22657 
22849 9321 
22851 6368 
22855 32403 
22861 15476 
22869 16648 
22879 9067 
22888 495 
22890 18654 
22891 496 
22893 2370 
22910 34870 
22916 11211 
22924 32157 
22931 8946 
22934 3695 
22940 7313 
22943 25259 
22946 6980 11978 
22947 33419 32713 18797 
22963 31356 
22974 25763 
22977 12906 
22988 22070 
22989 21503 
22990 4203 
22994 19578 3628 
22997 11719 
23002 2293 
23014 7864 
23023 14505 
23030 13725 
23040 22278 
23047 17800 
23048 3706 
23051 33914 32292 
23055 28541 
23056 24440 
23057 5167 
23067 6159 
23075 17643 
23077 14496 
23082 3676 
23087 19878 
23096 33508 1143 
23108 23052 
23129 7502 
23132 27437 
23141 2883 
23144 32786 
23154 2352 
23156 32997 8070 
23157 3136 
23161 22122 
23171 1017 
23199 13646 
23208 8045 
23213 5235 3305 
23221 12641 12673 10373 
23235 21531 
23239 9822 
23245 8634 
23254 14021 
23263 4608 
23265 3529 
23267 1329 4189 
23272 28774 
23273 1515 
23275 16623 
23276 20613 
23281 29801 
23283 11235 
23287 3503 
23297 6643 
23302 33162 
23303 31062 
23317 7335 
23322 21563 
23328 3618 
23337 13280 
23338 15893 
23342 23005 
23345 21230 
23346 11228 
23354 14541 
23356 538 
23357 10457 28049 
23358 14223 
23362 649 
23366 14925 
23371 17021 
23376 13038 
23394 12337 
23400 16209 
23402 15442 
23410 1828 
23422 34839 
23423 14719 
23433 257 
23439 1031 
23444 20583 
23445 614 
23452 3308 
23453 36471 
23456 23601 
23457 17992 
23461 30988 26456 
23462 8830 
23467 21407 
23476 22623 
23483 30574 
23487 28517 
23500 9262 
23513 35079 
23534 15465 
23538 2202 
23540 15771 
23543 18390 
23562 12017 
23563 34370 
23568 18912 
23576 16660 
23599 15891 
23600 10614 
23606 14346 
23617 1940 
23619 30805 
23627 7424 
23628 4777 
23631 17778 
23643 27083 33514 22395 
23645 28431 
23648 3394 
23666 33400 32689 
23668 28580 
23670 16351 
23688 34632 
23691 14949 
23695 25874 
23697 1038 
23708 25093 
23711 3577 
23714 5161 
23717 2658 
23727 34178 33419 
23729 26530 
23739 1066 
23747 19208 
23765 18956 
23768 23153 
23775 1893 
23786 1031 
23790 4981 
23798 29670 
23805 7316 
23831 28863 
23834 33060 
23853 26222 
23857 8468 
23858 27579 
23859 8498 
23863 11226 
23864 20540 
23876 25718 
23877 7151 
23880 5777 
23896 10248 
23899 24248 
23900 6407 
23908 13182 1943 
23913 13030 
23921 26347 
23924 13906 
23929 1633 
23933 13023 
23938 13844 
23941 16611 
23944 1031 
23945 3618 
23954 3316 
23959 16419 
23961 8100 
23966 31199 
23968 3238 
23974 20266 
23980 22673 
23983 9464 
23992 1324 4347 
23998 5026 
23999 8946 
24005 23841 
24007 5740 
24016 29470 16236 21566 
24038 23764 
24048 22369 
24061 27355 
24062 5858 
24067 653 
24072 36872 
24077 12766 
24079 13905 
24093 27354 
24095 2519 
24100 17091 
24113 33102 
24119 12786 
24122 17246 
24127 22272 
24128 25065 26076 
24139 17913 
24143 11460 
24144 27776 
24148 16164 
24151 3930 16484 
24170 26440 
24194 5354 
24195 10241 
24198 8341 
24200 15992 
24202 19182 
24203 13699 
24204 32215 
24205 14017 
24206 2036 
24214 12229 
24215 15644 11894 
24221 4120 
24227 22144 
24230 29194 
24237 5054 
24246 13860 
24266 257 
24268 16093 
24273 15434 
24281 1331 
24284 21411 
24287 1129 
24293 23801 21402 
24294 8435 
24300 29149 
24326 10212 
24328 21806 
24333 24849 
24338 17240 
24349 8954 
24358 19603 
24362 2196 
24365 18559 
24366 34320 36386 
24368 31994 
24370 3074 
24383 29811 
24384 29580 
24385 6670 
24388 34257 
24392 27737 
24393 1385 
24395 13229 
24415 242 9919 
24417 37174 27503 35026 
24432 3526 
24447 2519 
24451 3108 
24457 8 
24458 3807 
24461 14327 
24464 35841 
24465 3236 
24483 20380 28740 
24495 30358 
24496 28383 
24508 17004 
24511 12527 
24524 3209 
24539 34443 
24546 1604 
24547 29729 
24569 35866 14902 
24575 15279 
24584 12915 
24591 36906 9892 
24594 35307 
24609 15651 
24618 24377 
24629 28516 20960 
24630 24041 
24632 8109 
24635 3525 
24636 16168 
24647 32292 
24652 12785 
24657 21607 
24684 23386 
24686 21305 
24693 3600 
24695 11775 
24697 8623 
24699 912 
24700 12635 
24702 6962 
24716 164 
24721 24933 
24739 7875 
24778 11776 
24781 2452 
24791 5242 22137 
24792 27498 
24798 4707 
24822 323 
24835 26495 
24838 32812 
24846 5726 
24852 25953 
24863 34773 
24866 31931 
24877 19235 
24891 1017 
24895 19196 
24898 1176 
24915 2668 35836 
24917 181 10310 
24918 34018 
24922 34658 
24928 9501 
24934 7660 
24948 2316 35744 1084 
24959 2079 
24961 30516 
24967 14369 
24976 4015 
24995 6734 
24996 23947 
25001 8839 
25009 10736 
25010 3126 
25023 10741 
25027 8219 
25029 3647 
25030 13134 
25031 21421 
25041 37422 
25056 4509 
25057 20311 
25064 23394 
25080 22181 
25084 21421 
25086 29257 
25098 1504 6249 
25111 37169 
25115 9470 
25117 30540 
25136 14199 
25142 8320 
25143 12631 
25153 33476 
25165 8540 
25166 13905 
25170 13274 
25171 3077 
25184 7335 
25195 3639 
25212 34039 
25216 8331 
25242 8693 
25256 4306 
25258 9459 
25261 35601 
25277 22339 
25282 33719 
25283 29206 
25287 3063 
25295 25668 
25309 21413 
25310 13587 
25318 15665 
25321 10204 
25322 6954 
25331 29576 
25333 2664 
25338 10868 
25347 30778 
25352 21327 
25357 30430 
25366 18157 
25367 11051 36667 
25374 28385 
25378 2044 14768 11977 
25383 7387 
25394 28087 
25397 20817 
25398 15 4667 
25423 28059 
25427 7 
25430 32305 
25432 18368 
25437 28488 
25442 31285 
25445 21974 
25446 14488 
25451 28343 
25473 7570 
25480 3091 
25485 35234 
25486 2822 
25488 31907 
25504 27562 
25508 11006 
25511 17036 
25522 1840 
25528 19593 
25531 11532 
25538 15495 
25539 6048 
25540 33931 
25550 18033 17434 
25551 2002 
25558 16660 
25560 2596 
25562 21160 
25567 3129 
25569 13399 18306 
25571 13651 
25572 10321 
25576 198 
25578 436 
25581 9431 
25587 382 
25593 23269 
25594 24332 
25605 2964 13579 24062 
25614 27764 
25634 21831 
25637 30891 
25662 31151 
25669 9278 
25671 312 
25674 8334 
25677 7435 
25679 7739 1717 18069 19676 
25696 3492 
25706 16622 
25719 23967 
25721 28899 
25725 4513 
25729 36013 
25730 14902 
25733 32394 
25737 15266 
25742 8347 
25755 30301 
25772 29039 14894 
25778 1053 
25794 27837 
25795 608 
25798 16657 
25807 10488 
25808 15520 
25828 22905 
25833 2706 
25834 13554 
25839 2366 
25846 2932 
25853 30988 27708 
25859 12610 
25865 5901 
25868 9078 
25875 21873 
25883 26053 
25897 13477 5339 
25899 10481 
25911 30293 7938 
25923 4627 
25926 33687 
25942 1445 
25965 7282 
25966 12886 
25968 1898 
25969 7262 
25975 8795 
25981 8004 
25994 8681 
25998 17402 
25999 12403 25677 
26010 22939 
26028 7867 
26052 11541 
26065 15669 
26073 3450 
26077 7526 
26093 28577 17790 
26096 2961 27934 
26109 2494 1541 
26117 15 
26121 14417 
26126 30906 
26127 4933 
26128 11377 
26130 22150 
26131 2632 
26143 26478 
26146 5326 
26148 30259 
26149 19687 
26151 29708 
26160 5250 
26163 26685 
26185 3636 
26200 19522 
26204 26101 
26209 1398 
26211 18822 
26213 30372 
26215 8495 
26219 15781 754 
26226 34034 6743 
26234 24075 
26237 17086 
26238 3186 
26249 7330 
26250 29541 
26251 6138 
26260 14410 
26263 20658 
26265 733 
26282 18169 
26289 33342 
26290 6654 
26298 33877 
26299 23510 
26302 24185 
26304 6408 
26325 15616 21414 
26330 24352 25138 
26331 7489 
26333 3495 
26342 21527 8657 22281 
26352 25736 
26355 6022 
26359 3813 
26364 26 
26367 30580 
26369 1590 
26384 11813 
26386 19894 
26402 36581 
26407 35411 
26412 10768 
26413 2389 
26428 5393 
26435 21 
26440 15474 13038 
26445 9177 
26447 15413 
26449 8861 
26453 14115 
26469 26779 
26470 20823 
26474 9665 
26477 2449 
26479 37465 10207 
26494 30027 
26496 31113 
26509 17766 
26531 6877 
26532 5938 
26539 9365 
26544 19880 
26547 33319 13282 1860 17713 
26552 32095 
26554 14502 34349 
26555 36314 
26562 1256 
26572 10405 
26585 9764 12933 
26601 12118 
26604 23548 4634 
26617 9950 
26621 25586 
26627 17561 
26649 27118 
26655 20311 
26658 25275 
26666 9586 
26675 8025 
26676 35141 
26677 3683 
26678 6781 14922 
26682 23979 
26686 10998 
26695 31124 
26696 9380 
26697 2554 
26700 26977 
26704 36224 
26705 18656 
26707 1010 
26709 17137 15404 
26724 26205 
26737 14416 
26748 7187 
26751 375 
26753 24075 
26754 33 
26757 19529 
26758 3771 
26761 35010 
26772 30650 
26782 30758 
26801 17161 
26808 34870 
26812 2986 
26814 1062 
26824 28406 
26826 12 
26829 1134 
26831 21454 
26832 22391 
26837 3294 
26840 852 
26843 3672 
26846 25323 
26877 23929 
26878 19263 
26881 25557 
26894 10169 24307 
26901 9261 
26909 24040 
26920 29330 
26921 2604 
26932 29893 
26934 12755 
26935 2622 
26943 11414 20453 
26945 9683 
26951 32404 
26953 12322 
26958 10432 
26968 6215 
26995 6768 
26996 26718 
26998 1053 
27008 7689 30529 
27011 9165 
27025 1168 
27031 28842 
27043 6044 
27054 3598 
27063 24364 
27068 421 
27083 27532 
27105 20911 7371 
27108 34981 
27109 27355 
27113 18073 
27118 4161 
27129 30393 
27135 7570 
27139 3206 
27158 13372 
27179 24784 
27183 17080 
27189 35026 33355 
27194 22423 
27195 4490 
27199 15755 
27200 32281 1749 
27213 14438 
27222 1422 
27223 35180 
27239 18738 
27244 27482 
27245 14809 31631 
27247 3511 3379 
27249 10427 
27258 33096 
27264 7724 
27273 20593 
27276 17743 
27284 16660 
27288 34375 
27290 31722 
27292 6803 
27309 2440 
27311 13363 
27313 5463 
27322 11341 
27328 2025 
27330 909 
27338 23096 
27339 17055 
27343 21123 
27348 2835 
27350 22189 28371 
27364 32293 
27375 23258 
27378 33165 
27382 6498 
27383 10861 
27384 36145 
27394 843 9174 
27399 33734 
27401 26766 
27402 14050 
27406 24520 
27417 6003 21563 
27419 9694 
27428 22143 
27442 14092 
27449 31511 
27453 1131 
27458 13140 
27459 14859 
27460 20973 
27478 1200 
27480 3421 
27483 11135 
27487 2063 
27488 16650 
27497 8815 
27511 12396 
27516 29235 
27518 2718 
27537 15413 
27548 25616 1264 
27562 5192 
27567 13349 
27584 35230 
27592 35035 11114 
27593 11403 
27602 19922 
27607 8846 4608 
27610 37651 
27624 34659 
27626 2549 
27646 20974 
27649 12644 
27652 16378 
27659 13036 
27669 23293 
27673 21565 
27675 15053 
27701 21206 
27704 12998 
27708 28119 
27710 6284 
27711 20823 
27723 18394 34401 
27731 1300 
27746 25400 
27756 3158 
27762 34596 
27764 28483 
27768 16833 27626 
27772 1621 
27778 20106 
27779 5381 
27783 26984 
27789 1057 
27804 6383 
27810 4392 
27814 22183 
27818 10461 
27820 2392 
27823 10038 
27824 31713 4796 6123 
27827 8285 
27831 8813 
27834 36541 
27838 18838 34809 
27841 18178 27541 
27854 26795 
27866 7978 
27867 7334 
27873 34594 
27879 14404 
27890 36859 
27892 4608 15111 5517 
27894 12507 
27895 16066 
27897 17335 
27902 15593 
27915 9464 
27920 9139 
27929 15598 
27932 34666 
27936 33920 
27938 15439 
27946 29567 
27954 20388 
27990 5607 
27992 33739 
28007 22936 
28008 10987 
28020 37224 
28023 11640 14017 
28033 8331 
28034 35397 
28035 19883 
28043 33017 
28050 6594 
28057 21152 
28058 37830 
28067 30804 
28073 3854 
28074 1422 
28092 5280 
28094 34488 
28096 2537 
28105 17641 
28106 15099 
28108 33006 
28114 11548 
28121 11546 
28133 27895 
28145 1540 
28171 9030 
28175 11521 
28177 23069 
28180 5726 
28181 5175 
28185 34504 
28186 32362 
28196 8540 
28203 27346 
28207 20940 
28216 17786 
28219 3423 
28221 34323 
28222 22434 
28225 27634 
28226 23019 
28229 10070 
28238 24796 
28254 22395 
28255 28393 
28257 9873 
28259 10120 
28264 23253 
28268 37192 
28277 3248 
28280 751 
28290 28632 
28293 2541 
28298 18030 
28302 12331 768 
28308 11521 
28318 33397 
28340 11933 
28346 14107 
28348 33234 
28349 2709 
28355 33833 
28360 8423 
28371 3952 37574 
28376 1189 
28384 33735 21670 
28386 26177 1155 
28389 23490 
28391 27814 
28406 15103 
28411 22007 
28418 32556 
28425 13763 
28442 16515 
28446 34060 
28449 811 
28451 31163 
28471 18510 
28473 23117 
28481 1616 
28487 33772 
28491 9153 
28498 5325 
28499 11641 
28501 6029 6278 4293 
28506 26112 
28520 25860 
28525 20240 
28530 3316 
28544 2535 
28547 22496 
28549 16357 17762 
28555 27039 
28564 35546 608 
28577 8756 
28581 12545 4505 
28585 20094 
28586 18787 
28603 8868 
28605 6423 
28625 17961 
28627 5743 
28628 37675 16470 16790 
28635 8564 
28642 26664 
28648 18323 
28649 6216 
28664 21566 
28673 36740 
28686 1598 
28689 27135 
28692 29679 
28700 11256 
28704 2332 
28705 2365 
28709 21287 
28722 13480 
28738 5378 8098 
28749 5157 
28757 3248 
28763 16470 
28764 10900 
28770 36431 
28778 24268 
28782 33034 
28790 1797 
28791 13362 
28805 24085 
28844 21712 
28856 28386 
28861 34344 
28869 34061 
28870 17854 
28882 1965 
28886 29537 20255 
28888 6490 
28889 17076 
28890 27432 
28910 31865 
28913 32924 
28924 248 
28929 25158 
28935 14396 
28945 21543 
28947 1018 
28962 485 2981 
28970 26686 
28973 6350 21030 
28980 33979 1010 
28987 21310 
28990 15976 36128 19002 
28996 28396 33867 
28998 12790 
29001 2974 
29007 27686 
29009 6514 
29014 28612 
29018 22644 
29021 12148 
29024 12825 
29025 27073 
29034 14076 
29035 21907 37906 
29045 20510 
29048 31133 
29055 2507 
29066 35811 
29069 13558 
29070 8594 19234 
29071 21236 
29072 23684 
29081 19291 
29090 19077 17585 
29092 18031 35076 
29094 24965 
29096 33873 32292 
29098 6284 
29099 8007 
29100 3336 
29118 35637 
29119 8433 
29141 28725 
29148 21565 
29149 22804 
29156 16338 
29157 8402 11428 
29167 10595 
29179 22540 
29186 17472 
29200 34456 
29210 11732 
29212 4838 
29221 35871 
29222 30157 
29234 23914 
29236 18909 
29241 18607 
29248 20837 879 
29249 12269 
29252 10496 
29261 37520 
29270 3685 
29279 36711 
29292 23726 
29301 17107 
29315 20399 
29323 34658 34353 
29324 4139 
29328 28590 30842 
29333 11597 
29335 28453 15616 
29351 26176 
29355 13314 
29361 17815 9060 
29362 27479 
29369 22435 
29386 13922 
29388 1786 
29402 8845 
29408 20930 
29422 5626 
29427 16652 
29431 24561 
29439 843 
29448 24908 
29449 34758 
29473 27323 20099 
29479 22232 
29484 31923 
29491 26656 
29493 3210 
29499 27519 27616 
29500 15476 
29514 12941 
29519 24655 
29520 18928 
29523 24105 
29524 3629 
29525 24959 
29528 17922 
29531 25765 
29532 2580 
29535 12089 
29541 32390 
29553 2511 
29576 23554 
29581 7752 
29583 20471 
29587 12787 
29602 3846 
29619 1035 
29625 26729 17778 
29652 27755 
29654 11392 
29659 36981 
29660 23686 
29674 33596 
29682 16619 
29684 20510 
29689 1980 
29695 11326 
29704 695 
29710 1956 
29716 35824 
29721 9873 
29725 21099 
29727 8777 8759 
29737 4205 
29741 14048 12740 
29750 28393 
29762 3777 
29766 32516 
29772 7438 
29776 2381 
29779 6896 
29792 31564 
29807 23105 
29813 6332 
29818 6407 
29821 14494 
29847 15446 
29851 14920 
29855 4320 
29856 8341 
29886 21662 
29919 5554 
29921 13329 
29931 2165 
29933 9119 
29949 37241 
29953 22426 
29955 27678 
29964 10481 
29977 13288 
29984 15053 
29986 35665 
29987 9609 
29993 31123 
30019 774 
30022 1372 
30023 34784 
30031 28719 
30034 29013 
30041 8376 
30048 23741 30017 
30060 10569 
30063 31634 31737 
30067 6291 
30068 13038 
30075 8400 
30085 28390 29738 28165 
30092 37825 16166 
30095 16791 
30103 28424 
30111 24452 
30119 9065 
30125 27489 
30130 13282 
30152 521 
30155 23484 9364 
30157 15790 
30159 25366 
30163 10062 
30164 18387 
30183 2904 
30188 34512 
30205 25459 
30231 16843 
30247 1946 
30253 17097 
30282 10288 
30285 15454 
30286 36779 
30290 36267 
30301 5705 
30303 29280 
30313 20144 
30325 9267 
30338 9432 
30341 12638 
30343 21816 21358 
30351 26717 
30352 2466 
30354 16719 
30363 31297 
30365 27898 
30366 6456 
30371 12609 
30389 6682 
30397 14438 6198 
30400 9546 
30415 28898 
30421 35174 
30426 35464 
30456 1917 
30459 17159 
30471 27531 
30472 11997 
30479 7071 
30481 37672 
30489 11937 
30500 24231 
30510 10252 
30516 27263 
30517 19878 
30518 20584 
30519 842 
30527 13034 
30540 32780 
30552 15 
30553 13094 
30565 29168 
30570 6497 
30609 3253 
30626 22900 
30640 22296 
30650 22417 
30653 1053 6421 
30656 17339 
30674 37200 
30676 1349 
30680 16801 
30683 25083 
30690 14582 
30701 7444 
30704 4555 
30707 30267 
30721 24360 
30725 27354 
30730 13576 
30731 4338 
30733 32960 
30750 9702 
30755 36764 
30764 8634 
30771 8649 
30777 25588 
30789 15886 
30800 21624 
30804 17251 
30806 8683 
30812 8558 
30829 4562 
30830 34928 
30837 22280 
30839 16168 
30849 10486 
30856 3495 
30858 36081 
30863 33353 
30867 22427 
30874 36456 
30895 37905 
30906 37637 
30914 28314 
30920 22144 22774 
30942 26729 
30963 32145 
30978 12462 465 
30981 23082 
30986 6190 
30991 15477 
30997 21136 
31000 37473 9113 
31004 34171 
31009 26572 
31010 35173 
31012 6205 
31016 26842 
31038 37731 
31061 23735 
31081 34195 
31091 7371 
31098 3281 
31109 1189 
31114 31980 
31115 2014 
31118 37496 
31129 19885 
31136 18431 
31148 762 
31184 9323 
31186 17106 
31187 16625 
31197 14250 
31199 4194 
31205 18949 
31207 16606 
31238 12155 
31242 12281 
31243 7372 
31247 4857 
31256 17249 
31262 20168 19265 657 
31286 20992 
31289 4551 
31293 8111 
31295 10721 
31299 21160 
31302 14766 
31307 13499 
31336 15077 
31342 248 
31346 37795 
31354 1010 
31362 35408 
31369 1657 
31370 34712 
31372 32864 
31405 32872 
31406 16625 
31422 7458 
31425 5356 
31431 10465 36645 
31437 26465 
31448 0 
31449 32862 11124 
31461 23503 
31463 37005 
31474 3152 
31487 15919 18237 
31508 31494 
31509 5188 
31524 669 
31530 36470 
31534 766 
31537 24647 
31538 11090 
31541 31749 36444 
31543 21591 37888 
31545 34134 
31549 31282 
31573 821 
31586 18844 
31589 87 
31591 35430 
31593 27674 
31599 8849 
31612 3618 
31613 13906 
31616 1638 
31628 796 
