1 506 284 327 318 
2 589 
6 691 
22 1257 
28 1404 
30 1404 
37 1722 1404 2133 2254 2433 2171 
40 2648 
51 2934 
55 2987 3025 
58 3105 3119 
66 3323 
81 3709 
84 3767 
89 4074 
97 4185 
109 4074 4383 
110 1404 
115 4566 
119 4592 
131 4850 
153 4383 
160 589 
166 1404 
173 5502 
178 691 
191 506 318 
202 691 
213 6334 
227 6686 
234 2934 5502 
235 4566 
238 589 
247 7321 
263 1257 
267 7546 
282 7721 
289 7773 1404 7770 
292 4074 
301 1404 691 
314 2987 
329 1404 
330 4074 
333 8385 
339 4074 
343 3323 
345 7721 
348 3323 8661 8597 
352 2133 
355 8760 
365 7770 9025 
379 9095 
381 9115 
383 7770 
384 3767 
388 9095 
391 9305 9302 
422 4383 
423 3323 
429 4383 
436 4566 9095 
438 1257 2171 6686 9734 
456 6334 
464 3767 
466 9095 
486 10234 
487 7770 9025 
500 4074 
508 7721 
510 8597 
514 691 10374 
515 10534 
517 7770 
524 10374 
526 4185 1257 
531 7770 
532 1404 
548 1722 10776 
549 3323 
566 1257 
577 8597 
583 9025 9734 
584 3767 
585 7721 
610 2648 
612 11249 11251 
617 8760 
618 9095 
621 9095 
626 2133 
633 5502 
639 11338 
647 8661 8597 
658 9095 
659 1404 3119 11577 11594 9095 
665 1404 5502 
674 1404 
679 1404 
689 11740 
699 11838 
702 7770 
703 1722 
705 11896 
712 9025 
713 3767 
716 3105 
717 5502 
726 11251 
731 4850 
739 8385 
755 6334 
762 12312 
771 2987 
773 2254 
778 3767 
780 2648 
788 12599 
793 12676 
805 3767 
817 3767 10374 
820 1404 
825 12833 
827 506 
833 1257 
838 12868 
847 1257 9095 
848 1404 
849 3323 12935 
851 7321 
862 11740 
869 1257 
873 1404 9095 
878 3119 
884 9025 9734 
885 13233 
887 13253 
891 13264 
895 1257 
897 13362 
905 1722 
925 1257 2171 8385 
928 3323 
935 8661 
941 13652 13700 
942 1404 13728 1257 4074 
946 3323 
947 1257 
950 13852 1257 2171 3709 
954 3709 
959 8597 
960 12833 
964 2171 
971 14078 3105 14157 3119 10776 
972 8661 8597 
976 14231 
980 14352 
999 10374 
1007 10234 
1011 14570 
1023 14609 
1029 4185 
1032 3767 11896 
1036 14668 
1039 691 12312 
1045 3025 318 
1048 8385 
1055 1257 
1056 14861 3323 
1061 9025 
1066 14931 12676 7546 
1069 1257 
1085 8597 
1086 15032 
1092 589 
1103 7773 
1105 1404 
1114 9025 
1116 14668 
1118 9734 
1121 14668 
1123 10776 
1124 1404 
1132 15189 
1138 1404 9734 
1139 4383 
1141 3323 
1148 7770 11338 1257 8385 
1149 4074 
1158 14570 
1160 1722 
1162 1404 
1164 4074 
1178 284 318 
1182 15610 7321 
1191 1404 
1196 15679 1257 3709 8385 
1202 4592 1404 
1203 318 
1207 2648 
1217 14668 6686 
1220 8760 
1228 1257 9095 
1231 8661 
1240 1257 
1253 11740 
1259 1404 
1262 2648 
1265 13728 
1267 16284 
1270 1404 1257 16369 
1286 16455 
1288 1404 
1292 16486 
1298 4074 
1305 16486 
1316 16807 16818 
1321 4074 
1325 4592 
1336 9025 
1338 1257 
1340 17013 
1350 284 17063 
1351 10374 
1356 7321 
1357 7321 
1364 1257 11594 
1365 3323 5502 
1368 3323 9115 10374 
1386 4074 
1387 1257 17230 
1391 17284 
1394 17286 
1401 17063 
1411 17286 1404 13700 
1416 10374 
1418 1404 
1425 1257 
1428 1257 
1429 12312 
1435 1404 
1436 1257 
1438 4383 
1454 1257 
1457 9734 
1459 589 
1467 1404 
1468 3323 
1471 15679 
1474 3767 
1488 17903 
1495 17972 
1499 17987 
1500 1404 
1507 16807 
1509 1404 
1533 1404 
1542 8760 
1548 10534 
1556 1257 
1558 10374 
1561 16284 
1562 17230 
1569 12868 
1571 10776 
1572 9095 
1573 1404 
1576 11249 
1581 1257 
1584 18569 
1596 18662 
1599 4074 
1606 14352 
1614 2934 
1617 18662 
1618 18836 
1641 3105 
1642 14861 
1646 18987 
1649 7321 
1651 691 
1654 1404 
1656 589 
1665 14861 17286 1404 
1666 18987 17013 
1680 19221 
1688 7321 
1702 9305 
1703 4185 
1706 3105 1722 19334 10776 
1713 1404 
1717 17903 18987 
1721 19548 
1735 19682 19684 19669 5502 8597 
1740 1257 
1741 2934 
1748 16818 
1750 19795 
1760 1257 
1802 1257 
1804 7321 
1807 1404 
1808 19221 
1812 11838 
1814 12312 
1815 15679 1257 11594 
1816 20090 
1819 11338 
1824 1257 
1831 20176 18662 
1840 1257 
1851 1257 
1857 1257 
1860 16818 
1862 1257 
1875 2171 
1885 8597 
1890 14231 
1892 1257 9734 
1894 589 
1913 1257 
1915 13852 
1916 9305 
1918 9734 
1930 13852 12833 
1954 11577 
1959 7721 
1961 8385 
1967 2934 
1968 14078 
1975 1404 
1977 16807 
1978 10374 
1979 1257 
1980 13728 
1982 13652 
1988 1404 
2005 1257 
2014 2254 
2020 1404 
2026 20859 
2033 17903 20967 20962 
2034 14609 6334 
2050 1257 9734 
2055 14861 
2060 1722 3119 
2082 21314 
2089 21344 
2093 12868 
2101 12312 
2108 2254 9095 
2112 10234 
2123 13852 
2128 21583 
2135 15032 
2139 1257 
2141 1722 
2148 11838 21636 14609 6334 
2153 4185 
2157 8597 
2159 1404 9025 19795 
2163 1257 
2168 284 
2170 3767 10374 
2171 21802 318 
2175 7321 
2179 14570 5502 21858 
2188 21892 506 284 17987 
2195 2254 11577 
2206 4566 
2213 3105 
2238 19221 
2240 12935 
2241 22316 
2246 318 
2249 4074 
2262 15679 
2266 16486 
2273 1722 10776 
2274 22459 
2279 22473 
2280 16818 
2293 2171 
2300 15032 3025 
2301 15032 
2302 4566 
2308 4185 14231 
2312 1404 
2317 589 
2328 1722 
2334 1257 9095 
2341 1257 
2345 13700 
2355 3323 
2358 3323 
2366 22777 
2369 1257 
2371 506 
2378 22876 
2384 8597 
2398 22964 
2409 23000 
2410 18569 
2412 17063 
2413 9305 
2418 22473 15610 
2424 18569 
2430 1257 22876 
2432 17286 1257 
2437 23176 
2438 18662 11249 1257 
2439 23217 
2442 3323 
2443 3767 8597 
2448 3323 
2453 18987 23307 17013 
2459 12312 
2468 23307 
2474 18662 1257 
2482 1257 
2485 19669 
2497 9305 
2498 6334 
2501 23550 17286 18662 13700 
2506 1257 
2509 2254 4074 8385 
2514 17230 
2519 23602 
2521 4383 
2523 1404 
2533 1404 
2536 17013 
2543 23735 
2552 1404 
2555 23752 
2556 9025 4383 
2557 1257 9734 
2562 5502 
2566 20859 
2568 17286 19795 
2570 3105 3119 
2572 3323 
2583 4074 
2611 589 7321 
2628 15032 318 
2640 10374 
2649 7773 
2652 18987 17013 
2655 9115 
2661 6334 
2669 3119 
2676 20176 
2686 18569 24206 
2698 24279 6686 
2712 589 20176 1257 11896 2171 8385 
2716 1257 4383 
2737 17903 16818 
2759 1404 
2762 1257 8385 
2770 18836 
2774 24697 
2777 589 
2791 14609 24744 
2796 17903 16284 
2799 9025 
2802 1722 
2806 1404 7770 3709 
2817 1257 
2825 24697 
2829 1257 
2847 3709 
2849 1404 13233 
2855 3323 11896 
2864 3323 
2867 1404 
2870 2254 
2893 2934 12312 
2894 25115 12599 5502 
2895 18569 
2897 17286 
2898 2433 3709 
2905 589 
2909 2934 
2918 16369 
2924 1257 
2926 9025 1257 9734 
2929 13253 
2943 12312 
2953 1404 
2954 14609 
2956 14609 
2966 12312 
2967 2133 
2971 2254 
2972 22473 
2974 13852 
2982 1722 
2987 14078 3105 10776 10534 
2990 1404 
2991 25341 
2999 4383 
3003 7321 
3005 7773 1404 
3008 13852 
3019 8760 
3021 3025 
3024 1404 
3026 12312 
3032 8760 
3035 7546 
3036 1257 
3041 1257 
3056 1404 
3058 1404 1257 8385 
3059 18987 17013 
3060 18987 
3073 3323 
3075 24697 
3080 1257 
3081 1257 
3087 3323 
3089 17286 
3091 25611 
3094 1404 
3109 25657 
3112 24697 21314 
3123 17903 
3125 9095 
3152 3323 
3158 3709 
3165 18987 
3172 25868 
3180 10534 
3183 589 
3212 8760 
3213 17230 
3214 589 4850 7321 
3228 12833 9095 
3234 1257 
3235 16486 
3242 1404 7770 1257 
3252 6334 
3254 15032 2987 4592 26024 284 
3256 14352 17972 
3265 1404 
3267 1257 
3271 10374 
3272 1257 
3279 1257 
3281 1257 
3284 1257 
3289 23217 
3294 14609 
3297 11838 26162 
3301 26205 
3302 3323 
3305 9095 
3307 1404 
3318 1257 
3319 3709 
3320 3119 
3322 13852 
3324 3709 
3335 3323 10374 
3340 15679 
3342 1404 2171 
3348 318 
3350 7546 
3356 14668 6686 9095 8385 
3363 2987 
3366 24744 
3369 21636 
3370 3323 8661 
3375 1257 8385 
3378 2987 26392 
3384 1257 
3401 1257 
3404 18569 
3413 10534 
3420 2171 
3425 12935 
3426 13852 
3431 24206 
3435 1404 
3439 3323 8661 
3441 506 
3453 691 
3454 14609 
3457 3323 
3468 13852 
3470 1257 
3473 23550 1257 
3474 16818 
3475 11838 1257 
3476 26629 21583 
3479 8597 
3480 11896 
3484 26655 
3487 11249 
3493 15032 2987 
3494 12935 
3495 1257 
3512 9025 
3530 14231 
3537 1257 
3543 589 
3555 318 
3557 26848 
3571 8661 
3572 18987 
3575 4074 
3577 9302 
3578 1404 
3585 1257 
3586 3709 
3589 4592 
3594 9095 
3599 24697 
3600 25868 
3603 11740 
3612 27147 27306 27487 18987 16818 20962 27732 22316 
3613 3767 3323 9115 8597 
3623 16284 
3625 24697 
3631 21636 6334 
3632 1257 
3642 589 
3645 14078 
3667 24697 
3668 17286 
3677 14609 
3685 3323 
3702 2934 
3706 18569 17013 
3711 1404 
3717 3323 
3722 3323 
3728 14609 
3729 18662 
3731 8597 
3735 9734 
3752 13652 
3756 16455 
3758 16284 
3762 2934 
3775 10374 
3777 1404 7770 
3782 17972 
3792 7321 
3802 10374 
3816 1257 
3817 18987 
3832 1257 
3843 1257 
3866 1257 
3868 2133 
3874 28225 
3886 12312 
3890 2171 
3899 6686 
3909 10374 
3911 28277 
3925 9095 4383 
3929 2254 
3930 1404 
3935 16486 
3939 2934 25657 
3953 23217 
3956 24697 11249 
3957 9115 
3958 3323 
3964 24744 
3966 3323 
3967 691 1257 
3972 28385 
3975 13253 
3977 1257 
3998 9115 
4000 12312 
4004 10374 
4008 3709 
4010 3119 
4011 506 3025 
4012 3119 9305 
4015 8385 
4017 12312 
4023 4074 
4032 24744 
4036 17903 
4051 14609 
4056 26392 
4057 15032 506 
4058 17013 
4061 10534 
4064 17286 1404 
4070 21583 
4074 12312 
4078 3323 
4081 12676 
4082 10374 
4089 14609 
4094 16486 23735 
4097 2133 28753 8385 
4103 28277 12599 
4107 2254 1257 
4110 284 
4119 1257 
4122 3323 
4128 691 
4137 7721 
4140 18987 
4152 2254 
4153 17286 
4155 1257 
4161 28277 
4163 6334 
4166 3323 
4173 17286 19795 
4182 3323 
4193 3323 
4197 3323 
4199 1257 8385 
4200 1257 
4201 3323 
4204 12868 
4210 3323 
4215 13728 11577 
4219 17013 
4221 9115 
4222 589 
4229 2254 
4237 1257 
4238 3323 
4243 19684 
4247 2934 
4250 691 
4253 29122 
4262 1404 9025 
4264 1257 8385 
4265 29163 
4268 18987 
4276 14861 14931 8597 25341 
4277 1257 
4280 7770 
4283 8597 
4290 3105 14609 
4293 10374 
4295 4383 
4296 16807 
4306 1257 
4315 318 
4324 1257 
4340 24697 
4345 10374 
4357 1257 
4360 12935 
4362 29397 
4363 9095 
4364 24744 
4369 13728 22964 8385 
4373 1257 
4376 1722 
4386 3767 9115 10374 8597 29397 
4391 9095 
4403 10374 
4410 2171 
4411 17903 27306 
4419 3709 
4420 9095 
4422 589 29508 
4425 17903 
4428 691 
4429 284 
4447 18987 
4451 12833 24697 
4454 12599 
4458 506 14609 6334 
4469 15032 4592 
4472 14570 
4486 16818 
4487 3767 
4489 24279 
4495 10374 
4498 506 
4499 19221 3709 
4502 17903 
4503 1257 8385 
4504 1257 
4510 17903 18987 23307 
4511 9025 
4513 10374 
4514 9115 5502 
4533 26205 
4540 6334 
4549 1257 
4554 10374 
4555 12312 
4556 1404 
4569 12935 
4573 17013 
4574 1257 
4577 4383 
4595 16818 
4598 9115 
4601 2254 
4607 18662 14231 
4610 27147 18987 22316 
4616 13233 
4620 16807 
4621 23307 
4629 25115 
4631 2171 
4649 17903 
4659 8661 29989 
4665 16807 
4668 18987 
4671 8385 
4672 8661 
4673 18569 
4681 1404 
4685 24697 
4702 3323 
4706 17013 16284 
4708 14609 
4710 1722 
4711 318 
4716 1257 
4732 14570 
4735 14668 21314 
4741 13728 
4744 1257 
4749 15032 
4760 506 
4761 1257 
4765 17903 17013 
4769 13652 12312 
4775 12312 
4777 12312 
4781 25115 12935 
4784 30169 
4791 10374 
4799 30182 
4805 25115 3323 
4807 4592 284 14609 
4808 23307 
4809 30212 
4813 14668 
4816 3323 
4817 318 
4820 12312 
4822 12935 
4823 12312 
4828 1257 
4831 27147 28385 
4833 4074 
4852 1257 9095 4074 8385 
4857 10374 
4877 3323 
4878 18662 
4890 14931 
4892 16818 
4898 17903 18987 
4899 18662 
4905 2171 
4910 11577 
4926 8597 
4929 19795 
4940 3323 
4942 1404 
4949 8597 
4951 1257 
4953 3323 30426 7546 
4954 27147 
4962 7770 
4967 14609 6334 9305 
4972 12935 
4976 1257 
4982 4592 318 
4985 15679 
4986 16818 
4991 4185 
5006 8385 
5009 1257 
5013 30518 21344 
5015 8597 
5020 17063 
5021 15032 
5028 2254 
5031 17903 22459 23307 
5040 22316 
5045 7773 15679 
5050 3709 
5053 9115 7721 
5056 2254 
5060 14570 12599 5502 
5061 14570 5502 
5064 4383 
5065 6334 
5072 6686 
5078 3323 7546 
5084 18987 
5085 1404 
5091 10234 
5095 22876 
5108 14609 6334 
5119 27147 27306 
5125 23602 21636 24744 6334 30726 
5129 8597 
5131 16807 
5134 18662 1257 
5136 13652 23752 
5140 21636 
5141 30769 
5148 1722 
5149 1404 
5151 1257 
5155 20176 
5156 1257 
5157 3323 10374 
5166 3323 8760 2171 
5182 25611 
5188 4850 
5190 17013 
5195 22964 
5216 1257 9734 8385 
5217 1404 
5225 12833 
5226 26162 
5234 4566 
5238 18987 24744 
5246 30894 
5249 21892 
5257 12935 
5266 28385 
5268 17286 1404 
5271 23550 3709 
5273 18987 
5278 8661 10374 
5280 30952 
5282 16818 
5283 10374 
5287 9025 
5295 1404 1257 
5301 318 
5305 589 
5310 1257 
5314 14609 
5321 14078 10776 
5323 3323 
5325 1257 
5326 2254 1257 
5328 3323 
5333 25611 
5337 22964 
5355 3105 
5359 8760 
5360 25657 8597 30426 
5364 3105 3323 
5365 2254 
5375 12868 
5381 9734 8385 
5390 11577 11594 
5397 14931 
5401 31138 
5404 10374 
5412 11338 
5428 16807 
5434 3105 1722 
5435 31211 
5439 23000 
5447 8597 
5449 31229 23217 
5459 11577 
5460 318 
5468 18662 2433 
5473 1404 
5478 1257 
5483 6686 
5486 9095 
5490 3119 9305 
5501 22964 
5503 6334 
5505 18987 
5507 31345 
5513 12935 
5514 3105 3119 
5516 16807 
5519 1722 
5530 1257 
5533 10374 
5537 28277 10374 
5549 10374 
5558 7770 
5560 8597 
5561 22459 23307 
5563 2934 
5565 3767 
5572 8661 
5582 12935 
5588 3105 
5599 589 
5607 7770 4074 
5617 318 
5618 318 
5626 10374 
5631 11338 2171 8385 
5634 9115 10374 
5637 10234 
5643 318 
5645 13852 
5650 4383 
5652 17286 
5654 8385 
5655 3323 
5657 22964 
5665 1257 
5675 3709 
5681 318 
5687 29989 
5694 9734 8385 
5695 18987 20967 28385 
5696 30952 
5723 13652 3323 
5734 20176 18662 1404 
5743 22473 
5747 13253 
5748 13264 
5750 1257 
5751 1257 
5752 3767 9115 10374 
5762 18987 16486 
5773 20090 16807 18987 
5774 3323 
5776 1257 
5778 10374 
5794 8597 
5801 2648 
5802 3105 
5808 6334 
5820 318 
5823 17987 
5824 10776 
5835 22777 
5837 27147 16284 
5848 589 1257 6686 7321 
5850 1257 
5851 2433 
5852 17286 
5853 1257 
5854 7770 
5859 2171 
5862 14609 6334 
5865 28277 
5882 11838 
5893 31847 
5913 6334 
5922 3119 
5928 2254 
5934 1257 
5943 16818 
5946 31847 
5961 11577 
5963 7321 
5976 11838 1257 
5981 1722 
6008 284 
6025 1404 
6029 1257 
6037 10776 
6040 284 
6041 5502 
6044 318 
6049 1257 
6052 28277 
6057 2133 1257 
6061 9305 
6074 16455 
6076 19684 
6080 1257 
6091 12312 
6092 10374 
6094 13253 
6095 16807 
6099 16807 
6100 26205 
6105 8385 
6114 3709 
6116 15032 
6125 2254 1257 8385 
6127 20859 
6129 1257 
6136 13728 2433 8385 
6155 32087 
6160 1404 
6161 15032 
6163 23000 
6167 2171 
6186 10374 
6187 1404 
6189 26392 
6190 15679 
6193 21858 
6213 9302 
6216 1257 
6234 3323 
6249 1257 
6254 8385 
6266 15032 21892 4592 284 327 
6277 8597 
6280 18987 32236 
6281 18987 
6288 284 
6304 19221 
6306 1404 11338 
6311 8385 
6313 16284 
6314 11838 
6323 17903 
6324 20859 
6334 1257 
6336 1404 
6338 1404 
6347 3105 
6349 10534 
6350 22316 
6353 26024 
6358 32332 284 3025 
6366 589 7321 
6375 2171 
6376 3323 
6380 1257 
6385 10374 
6386 16369 
6395 1257 
6399 1404 
6405 17972 
6411 2254 
6413 3323 
6415 32385 
6425 18987 
6429 14570 
6434 8385 
6445 4185 
6447 2171 26655 
6464 2648 
6465 3323 
6467 1257 
6473 4592 284 
6482 3323 9115 
6489 3323 12935 10374 
6492 17903 
6497 3767 28277 14570 
6505 15032 
6506 31211 
6514 23735 
6526 31211 2987 284 
6533 28385 
6545 1257 
6552 14570 
6554 16818 
6555 14609 6334 
6560 9734 
6568 1257 
6579 23307 
6586 14931 
6590 18987 
6596 18987 
6600 1257 4383 
6605 21858 
6619 13852 
6628 3323 
6629 32087 6686 
6637 22964 
6643 18987 
6646 9734 
6649 1257 
6657 3709 
6666 31229 23217 
6671 16486 
6672 284 
6673 11594 
6678 10234 
6686 16807 
6697 3105 
6702 11338 
6705 1257 
6706 13728 
6708 9734 
6711 19684 
6717 10234 
6720 3119 
6723 318 
6726 18662 
6728 18987 
6731 29989 
6735 7773 8597 
6736 11838 
6740 1257 
6741 21583 
6747 12833 
6748 25341 
6767 1404 
6770 15032 
6778 12833 
6781 26848 
6791 8597 
6792 22473 18987 
6803 2171 
6806 13362 9305 30726 
6820 2254 
6825 22473 
6827 2987 
6828 3767 10374 
6830 12935 
6831 7546 
6833 17284 14668 15679 
6836 3767 32905 
6842 3323 
6848 2171 
6866 3323 28277 12935 8661 22964 
6867 30212 
6869 1404 
6875 32958 16284 
6880 26848 18987 
6889 19334 25611 
6892 7770 
6895 14931 12676 
6896 1257 
6897 11338 
6899 3709 21314 
6908 17284 
6914 16284 
6920 15032 
6924 1257 
6930 506 
6939 3105 
6941 14668 
6948 1404 15679 1257 17230 4383 3709 
6966 29163 
6969 1257 
6978 13852 
6980 17286 
6981 4592 
6990 19682 
6991 33050 
6993 1404 14668 
6998 24206 
7008 11338 
7013 25115 29122 28277 33089 
7017 6334 
7018 13700 8385 
7026 17903 
7038 10374 
7051 1257 
7054 691 
7059 1257 
7061 14609 24744 6334 
7062 3323 
7080 8661 
7087 33151 
7094 506 17987 
7100 11594 
7101 2133 
7104 32385 12935 
7120 14609 
7124 10374 
7135 12312 
7153 16369 
7160 27147 
7163 3105 
7164 1257 
7167 10374 3709 
7183 589 
7185 19669 7721 17972 25657 
7190 10534 
7193 2254 
7197 3119 
7202 17987 
7204 6334 
7205 2171 
7212 11838 
7214 9095 
7219 1404 
7225 18987 
7229 1257 
7238 23176 18987 
7257 12312 
7260 28277 
7263 6334 9305 
7264 10776 
7289 22964 
7299 17284 1257 
7307 1257 
7313 8760 
7324 29508 
7325 17903 28385 27732 
7334 2171 
7340 1404 
7350 17284 1257 
7353 1404 
7357 3323 
7358 3767 
7366 26655 
7373 327 
7377 3105 33386 
7389 18987 
7396 25115 12599 33089 7546 
7403 13652 
7404 1404 
7413 15679 4074 
7416 23217 
7418 1257 
7424 17903 
7425 3323 
7427 14231 
7430 1257 
7431 6334 
7435 14078 3119 
7438 6686 
7439 17286 
7443 14668 
7448 6686 
7457 4383 
7460 19669 7721 
7463 15610 23735 16284 
7465 3323 
7468 11740 
7469 25115 9115 23752 13264 
7477 7773 7770 
7482 17903 
7492 10374 
7494 12312 29989 8597 
7500 6686 
7510 23752 
7513 3709 
7517 16284 
7523 12312 
7524 10234 
7526 22876 
7546 691 
7547 4074 
7549 18569 
7560 24697 11838 
7562 1404 
7568 11838 
7583 11577 
7591 10374 
7597 28277 10374 
7600 31211 
7622 16486 
7625 3323 
7630 13264 
7632 16818 
7639 10374 
7643 1257 
7650 2987 
7652 10374 
7661 1257 
7663 19684 
7666 3119 
7673 18836 
7678 14352 
7679 4850 
7706 4185 
7707 17903 
7727 1257 
7729 14609 
7732 8597 
7735 1257 
7739 3709 
7743 1257 11251 
7744 17013 
7746 2254 
7752 12935 
7753 1257 
7757 7546 
7759 19669 
7768 14861 3767 9115 10374 
7773 17903 
7775 2171 
7776 9302 
7778 17230 
7783 19669 10374 
7791 1257 
7792 1257 
7798 32385 
7801 1257 
7807 17286 30169 8760 31138 1257 3709 
7812 4074 
7813 30726 
7814 691 
7820 1257 
7848 8385 
7856 14609 
7858 24697 
7859 4074 4383 
7873 25115 10374 
7875 20859 
7876 29122 
7877 18569 
7901 24744 6334 
7903 3767 9115 
7918 18987 
7922 13652 
7929 12312 
7930 2254 
7933 1404 
7942 32087 7770 
7946 1257 
7950 17987 
7959 11249 
7975 12935 
7983 6686 8385 
7987 23176 18987 
7988 23550 
7989 21636 6334 
7992 16284 
8004 23307 
8007 33050 
8015 1404 
8019 318 
8022 22316 
8026 18987 
8031 1404 
8035 1404 
8041 3025 
8042 3323 8661 
8056 6334 
8059 23307 
8064 18987 22316 
8069 10374 
8070 10374 
8072 1257 
8082 17903 
8083 3709 
8091 13852 
8096 1257 
8100 9115 10374 
8101 11338 
8105 32087 
8107 30726 
8110 2171 
8112 2648 
8113 14231 
8115 3323 
8131 2254 
8133 6334 
8139 506 14609 
8140 7773 
8141 13852 
8144 21636 
8146 7770 
8151 318 
8153 1257 
8156 10374 
8158 1404 
8170 11838 
8177 18987 
8183 3709 
8184 2254 
8186 506 
8187 4592 
8197 8597 
8198 18662 1404 6686 
8200 2171 
8219 20962 
8225 1404 
8226 17903 
8228 22473 
8232 3767 
8234 8661 
8235 2133 
8262 21314 
8263 1257 
8267 12935 
8271 2171 
8281 2987 4592 318 
8285 506 33050 
8290 16818 
8295 16818 32958 
8296 1257 3709 
8302 10374 
8310 25611 
8312 2433 
8332 18662 
8337 2648 
8339 32958 
8343 20176 
8344 23217 
8346 11740 14231 
8350 16818 
8355 9115 
8356 18662 1404 
8357 17063 
8363 14231 
8364 2987 
8365 17903 
8373 1257 
8379 8661 
8392 1257 
8395 8385 
8406 12312 
8422 15679 
8426 22473 
8439 12868 
8440 12868 21583 18836 
8441 32958 
8443 12935 
8453 15032 
8456 29122 
8463 1257 
8467 12935 
8471 14668 
8472 13728 
8475 29508 
8482 3709 
8485 3323 
8487 25611 
8489 29989 21858 
8492 15679 
8493 14352 
8497 1257 
8498 11896 
8500 17972 
8505 3323 
8506 15679 
8512 21344 
8514 3323 
8519 20176 
8522 3323 
8529 8661 
8534 30952 
8541 8385 
8542 29122 5502 
8543 1404 
8544 9115 
8555 18987 
8560 12312 
8565 18662 
8571 2648 
8583 32958 17013 
8586 31345 
8590 26392 
8593 14861 7721 
8604 1257 
8607 26392 
8616 24206 
8619 25611 
8622 13700 
8624 4185 
8630 16807 
8632 7721 
8633 318 
8648 18987 
8650 2133 
8651 1257 
8656 17972 
8657 16455 
8660 8597 
8664 17903 
8670 20859 21583 
8684 2171 
8688 25115 
8716 20859 
8719 2254 
8724 12935 
8729 1257 
8730 11577 
8733 15679 
8737 34383 
8738 15032 17987 
8740 21583 
8744 11838 
8750 26848 31345 18987 23735 17013 
8754 2254 
8762 17972 
8764 24697 
8767 14231 
8768 34431 
8776 284 
8785 11740 
8788 30518 
8790 6334 
8791 14609 30726 
8792 19548 22316 
8799 10374 
8800 12868 
8811 23217 
8823 14668 
8826 12312 
8827 1257 2171 
8829 506 
8831 31138 
8835 10374 
8849 12935 
8850 31138 
8864 1257 
8867 18987 
8868 18662 
8869 3323 9115 7546 
8874 23602 14609 
8881 12676 
8884 1404 
8885 15032 
8890 6334 
8904 17987 
8911 3709 
8913 327 
8917 14931 
8926 7546 
8927 14861 
8928 15610 
8931 8597 
8934 1404 
8937 4074 
8939 8385 
8947 7321 
8949 2987 
8952 7321 
8955 34383 
8956 26392 506 
8958 22459 15610 
8959 2934 
8972 23000 
8975 13233 
8982 24744 6334 
8995 10776 
8998 1722 
9001 506 17987 
9006 25115 
9008 10374 
9011 31229 
9013 18987 
9014 24697 
9016 10374 
9018 15032 
9019 21314 
9022 26205 
9023 18987 
9033 3767 
9036 11249 
9042 26392 
9054 506 
9067 20176 
9077 18987 
9078 1404 
9079 10234 
9080 15032 
9085 4592 
9096 2171 
9099 17284 
9106 10374 
9107 1257 
9115 3767 3323 25341 30426 
9125 1404 
9126 1257 
9133 27732 
9134 3323 
9136 2171 
9153 14609 24744 
9161 24744 
9164 3105 
9172 18662 
9177 14609 9302 
9183 18662 22876 
9184 19684 
9185 18987 
9186 22964 30182 
9188 15610 
9189 22876 
9191 17987 
9197 318 
9213 8385 
9216 1257 
9219 26392 
9223 32332 
9228 1404 
9230 17284 
9234 10374 
9242 22459 16818 
9244 23752 
9266 10776 9305 
9277 17230 
9282 3119 
9290 10374 30182 
9292 18987 
9293 10374 
9300 8597 
9310 1257 
9316 327 
9326 3709 
9332 15189 21583 18836 
9339 1257 
9346 17972 
9350 10234 
9355 22876 
9383 21636 
9388 24744 
9400 691 
9405 12935 
9409 318 
9422 22964 
9423 2133 
9428 23176 
9432 1404 1257 
9435 20859 
9445 15032 
9453 3323 
9460 28385 16284 
9474 9115 10374 
9478 15189 12868 26629 21583 18836 
9479 22964 
9489 25611 
9504 6334 
9518 6686 3709 
9557 19548 
9563 18987 
9566 17063 
9578 3767 10374 29989 
9583 691 
9588 11838 
9591 6334 
9599 7321 
9609 8597 
9617 30518 
9622 10234 
9625 17987 
9629 6334 
9630 12868 
9634 3323 
9637 1257 
9641 10234 
9647 3323 
9662 17903 18987 
9664 3709 8385 
9683 15032 506 
9684 1257 
9688 8597 
9692 691 
9694 8597 
9702 10374 
9703 8661 
9717 16818 
9726 10776 
9728 691 
9730 11577 1257 
9733 1257 
9734 16486 
9738 11249 
9741 12868 
9749 10374 
9753 318 
9757 1257 4383 
9758 3709 
9769 9115 
9778 589 
9790 3767 
9800 17286 
9807 11251 
9822 14231 
9824 6334 
9831 30769 19548 
9837 25611 
9852 23176 
9854 3323 
9855 13852 
9857 24744 
9868 3105 
9870 28277 
9874 24744 
9883 25657 
9893 12935 
9899 17903 
9901 16818 32958 
9902 1257 
9908 2171 
9924 10234 21858 
9942 19221 
9944 30769 
9952 26392 
9953 22316 
9955 18662 
9959 506 
9962 2171 3709 
9976 21583 
9981 21314 
9994 17286 
9996 24697 
9997 1404 
9999 3119 10776 
10001 26848 
10014 1404 13700 
10031 2171 
10046 6334 
10048 25115 10374 
10052 3323 
10059 6334 
10064 23752 
10067 14157 
10086 28385 
10089 10776 
10093 8385 
10098 2433 
10105 327 
10108 1257 
10109 26205 
10110 14231 
10112 12868 
10114 12312 
10121 6334 
10129 7770 
10143 25115 10374 
10148 12599 
10149 25657 
10154 6334 
10180 8661 
10193 15032 
10198 1404 
10199 6334 
10200 20859 
10220 3105 1722 3119 
10221 17987 
10222 1257 
10227 7773 
10230 8385 
10235 27487 
10237 4074 4383 
10238 17230 
10243 28277 
10253 589 
10262 28385 16284 
10265 1257 
10272 10374 
10273 15610 
10281 17903 27147 
10287 2171 22876 
10288 27732 
10310 17230 
10314 18987 
10320 29163 
10322 15032 
10323 30426 
10324 8661 
10338 25115 
10341 11740 9734 
10357 17903 
10362 23000 
10370 13253 4383 
10371 29163 
10375 2934 11896 
10378 24279 
10384 16818 30212 
10387 1257 
10398 15032 
10416 20176 1257 26162 
10417 23000 
10430 23176 24206 
10434 23176 
10435 7721 
10438 1257 
10446 12935 
10456 14078 3105 
10458 12599 
10474 23752 
10493 2254 
10509 16818 
10510 10374 
10514 3709 
10522 32958 
10537 13264 
10540 12935 
10542 5502 10374 
10543 10234 
10544 3323 7546 
10551 1257 
10581 10374 
10582 14861 8661 
10588 10234 
10590 16455 
10608 11896 
10613 22964 
10616 10374 
10620 32332 
10622 25611 
10623 31229 
10624 32332 4592 
10633 13852 
10639 11896 
10643 3323 23752 
10648 8385 
10656 3119 
10668 1257 
10673 20859 23735 
10676 35466 
10678 19221 
10685 3323 16818 
10687 22316 
10692 6334 30726 9302 
10703 21583 
10708 1257 2171 
10714 12868 
10718 12312 
10719 3323 
10727 2987 
10729 9305 
10741 1257 
10755 15189 
10756 26392 
10758 31229 
10767 16284 
10768 6686 
10771 1404 1257 
10774 26848 
10781 1722 
10787 3119 
10790 31211 2987 284 
10792 3105 3119 
10794 3767 12676 
10807 1257 
10812 318 
10822 2254 
10826 7321 
10831 12935 17972 10374 
10833 15032 
10837 14668 11338 1257 2171 
10849 16455 
10857 6686 
10881 14609 6334 
10900 5502 
10905 7721 
10909 6334 
10917 1257 
10920 15032 
10933 15032 
10936 6334 
10943 34383 12868 
10952 29163 
10953 18662 
10961 12312 
10975 3709 
10978 318 
10982 506 
10989 3323 9115 
10991 1722 
10996 18987 
11001 16818 
11002 14609 
11005 19682 8661 
11008 2987 
11011 11249 
11013 14609 
11019 3709 
11033 20859 14609 6334 
11035 22964 
11041 10374 
11042 1257 
11044 12935 
11053 23307 
11056 24744 
11059 17284 
11065 12868 
11067 13253 
11069 30769 
11072 12868 
11075 284 
11078 22473 
11080 10534 
11087 26205 
11089 32958 
11093 12868 
11106 506 284 
11114 12312 
11121 3709 
11132 4850 
11143 6334 
11145 2987 506 
11153 21583 
11154 9115 
11160 14931 3767 
11164 2934 
11166 27147 20962 
11176 18987 
11181 7321 
11183 12312 
11196 7773 4566 
11199 2171 3709 
11208 31345 16818 
11212 20962 
11215 26024 
11220 14861 
11226 14570 
11229 2171 
11234 506 33050 
11235 318 
11249 12676 
11265 10776 
11266 3323 
11271 30169 
11274 19684 
11275 1722 
11281 11896 
11282 28385 
11290 1257 
11299 1257 
11312 31211 
11313 3119 
11314 3105 
11333 8385 
11335 3323 19221 
11338 24697 2254 3709 
11339 25115 
11340 2648 6334 
11345 12312 
11350 31229 
11377 13852 
11385 17284 
11393 15032 4592 3025 
11395 25115 
11401 14861 
11413 23752 
11417 9115 12599 
11422 23752 
11446 3119 
11451 691 
11455 25868 
11460 10374 
11466 9734 
11471 6334 
11473 6334 35726 9305 
11476 14668 
11482 3323 
11485 28753 
11493 31211 
11508 26392 
11519 1257 
11527 20962 17013 
11548 3323 29397 
11549 25611 
11551 17284 1257 
11563 16818 
11566 20859 12312 
11567 27306 
11570 17903 18569 
11581 2171 
11585 24744 
11591 18662 
11593 14931 
11598 22473 
11606 20859 
11622 10374 
11623 6334 
11626 24697 
11630 3105 
11648 24744 
11649 23176 
11662 10234 
11670 506 
11675 22777 
11677 14931 
11680 24697 
11683 17013 
11684 19334 
11687 6334 
11689 13852 11249 2254 
11690 3105 6686 
11691 691 
11706 16284 
11707 3105 
11713 24697 11838 
11716 17903 
11717 2171 
11718 9305 
11719 12312 
11720 12312 10374 
11723 12935 
11726 10776 
11751 1404 
11752 15610 
11763 26024 17063 17987 
11766 28753 
11768 8597 
11770 25341 
11776 11896 
11777 1257 
11780 16284 
11783 1257 
11794 3119 
11796 16284 
11801 25115 14931 
11811 31345 23735 
11821 8597 
11825 2171 
11831 34383 
11841 3323 
11852 14931 
11884 14931 
11895 13652 
11901 31211 
11907 12935 
11912 10534 
11914 14668 
11918 691 
11927 1404 
11944 10374 
11947 30212 16284 
11950 318 
11951 2934 
11956 18987 
11967 12935 12599 
11977 30726 
11979 14609 24744 9302 
11980 12676 
11993 3119 
11994 10234 29397 
11999 13253 
12004 2254 4383 
12005 13852 
12015 26392 
12027 12599 
12037 13852 
12038 3025 
12049 19684 
12066 13652 
12081 3025 
12107 26024 
12108 33089 
12110 506 
12112 506 284 327 318 
12115 33151 
12119 28277 12599 
12121 16369 
12125 34431 2254 8385 
12126 1257 
12131 2171 3709 
12143 3709 
12162 2171 
12169 6334 
12175 26162 
12177 35990 
12179 17987 
12180 3119 
12183 16818 
12185 3709 
12186 28385 
12191 1404 
12192 2171 
12194 12868 
12203 17987 
12210 10374 
12212 16284 
12218 19684 
12225 32385 11896 
12230 1404 
12237 4850 
12242 6334 
12252 33050 
12255 2433 
12256 2254 
12262 14609 6334 
12264 12312 
12267 3767 8661 
12270 36015 
12275 25611 
12277 7770 
12288 21583 
12293 13852 
12294 18987 
12306 24697 
12313 284 327 
12318 28385 
12322 12868 
12328 17987 
12332 22964 
12333 15610 19548 22316 
12338 23752 
12343 23752 
12351 22964 
12357 3323 
12359 8597 
12361 10374 
12367 22964 
12368 4185 
12408 33089 
12415 16284 
12416 13700 
12425 29122 
12434 506 3025 
12438 11249 
12447 318 
12456 7721 
12461 8661 12676 7546 
12463 23735 
12469 2648 
12473 506 
12489 21858 
12490 2171 
12503 17284 
12509 8760 17230 
12510 26392 
12513 8385 
12522 13253 
12524 10234 
12542 5502 
12547 18987 32236 
12557 3323 
12562 18662 
12574 15610 22316 
12577 1257 
12581 32958 
12587 1257 
12606 34431 22876 
12610 3709 
12616 14609 6334 
12624 18987 
12634 6334 
12636 23217 
12646 8597 
12648 23752 
12649 3323 
12656 17903 
12663 32385 21344 8661 11896 
12666 12935 
12675 19795 
12677 3709 
12680 14352 
12685 2254 
12687 2433 
12688 4592 
12690 4383 
12695 24697 
12699 10374 
12702 10374 
12709 2433 
12711 12312 
12721 18836 
12724 3323 
12739 14609 
12740 22964 
12745 25611 
12764 22876 
12774 3025 
12781 1257 
12786 25868 
12788 7770 
12791 1404 
12800 15032 
12802 10374 
12804 25657 
12809 9025 
12810 17286 
12818 14231 
12819 1404 7770 15679 
12827 31847 
12839 1257 
12843 36232 
12844 1257 
12852 2171 
12856 20967 
12858 10374 
12877 20967 
12887 3709 
12888 318 
12891 318 
12895 22316 
12906 6334 
12913 23217 
12917 19684 
12918 18662 3709 
12934 13652 
12935 32087 
12938 1257 
12954 2171 
12956 1257 
12961 3709 
12963 6334 
12964 506 
12965 12312 10374 
12966 10776 
12968 36015 
12970 691 
12972 14931 
12977 26392 318 
12980 3323 
12981 24744 
12987 17230 
13011 14078 
13020 6334 
13021 10374 
13022 1404 
13030 3323 
13056 7546 
13073 1722 
13080 14668 
13083 24744 
13086 29508 
13096 2171 
13097 8661 
13098 13852 2254 
13101 10374 
13105 11896 
13113 34431 
13123 3709 
13126 17286 
13130 18836 
13149 8597 
13160 27147 
13161 31229 
13166 7770 
13178 13852 
13179 9115 
13184 8385 
13186 9305 
13190 14861 
13191 10374 
13196 13852 
13204 6334 
13209 3105 3323 
13219 2171 
13220 32385 
13228 30212 16284 
13237 2433 
13241 30426 
13242 14609 
13247 4074 
13260 4074 
13270 25341 
13275 12676 
13285 18836 
13289 11594 
13294 25115 
13297 24697 
13298 506 17987 
13299 13852 
13321 28277 13264 
13322 27306 15610 
13325 35466 
13328 9305 
13329 22876 
13330 11896 
13335 12833 
13337 29989 
13344 23602 
13354 9734 
13366 36382 26629 
13368 21344 
13381 31211 
13385 3709 
13388 13253 
13398 13362 6334 
13403 24697 
13405 3105 6334 25611 
13408 13233 
13411 11338 
13414 2254 
13424 24697 
13427 21892 26392 506 284 17987 318 
13430 13264 
13432 14352 
13433 23550 
13437 23550 
13444 26205 
13451 13700 
13454 20176 
13455 13264 
13458 4566 11338 
13462 1257 
13464 2254 
13480 18662 
13489 14931 10234 
13498 17972 
13509 9025 
13512 11338 
13513 24697 
13520 3323 12312 10374 12676 
13521 10374 
13532 589 
13537 26392 
13538 22964 
13544 1257 
13545 13362 
13546 2433 
13572 1257 
13576 3323 
13581 30426 
13582 3105 
13598 506 
13601 12868 
13602 12935 
13611 12935 
13620 3105 
13626 32332 
13632 30518 
13651 3709 
13659 18987 
13667 1257 
13671 16818 22316 
13675 18987 
13681 10234 9115 
13685 2171 
13697 25115 12935 
13698 2171 
13705 33050 
13706 19669 
13719 10374 
13723 15679 
13724 3323 
13729 12868 
13730 10374 
13746 9305 
13752 33151 
13754 22964 
13761 6334 
13769 30726 
13771 3323 
13772 17284 
13786 6334 
13804 23176 
13811 26629 
13816 2254 
13818 13700 
13821 32087 
13826 7321 
13830 1404 
13834 10534 
13835 22964 
13836 1257 
13837 12935 
13842 2433 30952 3709 
13845 19682 14931 
13847 11896 
13850 28385 
13854 7321 
13863 506 
13872 17013 
13875 14668 
13881 26392 
13897 12833 
13907 2171 
13912 7770 
13913 1404 
13935 26392 506 318 
13942 31211 
13943 32087 
13955 26392 
13957 10234 
13970 8385 
13971 12935 
13975 20090 
13985 10374 
13990 12935 
13993 31211 
13994 26392 
14002 1404 
14007 11338 
14011 1257 
14021 30894 
14028 2171 
14036 16818 30212 
14040 18987 
14043 29163 32236 
14047 11896 
14048 17013 
14049 17286 
14060 8661 
14064 24744 
14076 15679 
14080 13362 14609 24744 
14094 7773 13253 
14096 7770 
14099 14668 
14104 25115 
14110 8661 
14111 30426 
14121 2171 
14124 20176 
14129 14352 
14131 13253 
14134 12833 11249 
14139 12935 
14143 1404 
14162 23000 
14163 31138 
14168 30182 
14176 506 
14179 21344 
14180 17286 
14183 8661 
14184 2254 7721 
14195 23602 14609 
14198 1404 
14201 14931 
14203 506 284 
14209 13652 10374 
14216 22473 
14224 18987 
14235 11896 
14245 24744 
14256 14609 
14264 29508 
14271 23752 29989 
14273 13852 
14281 12312 
14291 7770 
14293 24279 
14296 5502 
14307 34383 
14312 18662 
14330 1257 
14331 11740 
14333 1257 
14340 1404 
14344 26848 
14348 13852 
14349 14931 
14359 14609 6334 
14360 7773 
14366 29163 
14371 26655 
14381 506 
14387 14609 
14403 19221 
14410 6334 
14415 14352 
14421 14078 
14423 23602 
14425 27147 20962 
14430 12833 
14431 8385 
14432 1404 
14434 22473 
14454 6334 
14458 26848 
14459 9025 
14464 1257 
14469 8760 8385 
14470 12935 
14481 17013 
14487 6334 
14495 8385 
14505 17013 
14508 17230 
14511 11896 
14520 11577 
14523 24744 6334 
14531 31138 
14532 4592 
14534 3105 
14541 24279 17286 
14543 2254 
14545 28753 
14554 1404 
14560 8597 
14563 17286 
14565 8760 
14568 318 
14571 10374 
14579 8385 
14580 24744 6334 
14586 9025 
14587 24697 
14605 14231 
14606 23176 
14614 4850 
14617 4074 
14620 10234 
14627 17230 
14631 9025 
14633 12868 
14634 12935 
14643 506 
14647 35466 
14649 1257 
14650 36631 
14654 4074 
14658 506 17987 
14663 16818 
14688 3105 
14706 2171 
14707 3105 
14709 14609 
14711 589 
14717 14931 17972 
14718 2254 
14721 36015 
14728 6334 
14732 27732 
14742 3025 
14746 12935 
14752 11896 
14753 30894 
14754 23307 
14761 17230 
14770 12935 
14777 11594 
14779 2171 
14787 8661 
14798 7321 
14799 8385 
14823 3323 
14829 25868 
14835 12935 
14839 21314 8385 
14843 23307 
14844 9115 
14849 1404 
14851 9734 
14858 284 
14860 24744 
14862 8661 
14864 2171 
14869 3105 26024 
14873 11838 
14900 15610 16818 32958 
14901 24697 
14908 12868 26629 
14913 3767 
14916 2171 
14922 4074 
14923 16818 
14926 29397 
14927 13852 
14946 3105 
14959 3709 
14962 15032 506 284 
14965 12833 
14977 4850 
14981 21892 3025 
14989 7770 
14990 2171 
14993 21314 
15002 691 
15003 3709 
15021 29508 
15023 22964 8597 
15025 8385 
15032 1404 
15035 14609 
15053 8385 
15054 17013 
15056 18662 1404 
15060 14231 
15073 30769 
15078 10374 
15086 21314 
15092 18836 
15100 15610 
15101 12833 2171 
15103 15610 
15104 25611 
15116 12935 
15117 14931 
15119 8385 
15123 11838 2254 
15131 14078 
15139 14570 
15155 3323 
15158 14931 
15160 2254 
15166 1257 
15175 2171 
15183 23550 
15191 3709 
15198 2987 
15216 12935 
15225 16818 
15227 10374 
15230 33050 
15250 36751 
15255 11338 
15257 9115 12935 
15259 284 
15260 3105 3119 
15263 3767 
15267 16284 
15279 16818 
15290 18987 
15294 13233 
15296 15610 
15314 19548 28385 
15316 7546 
15321 29122 
15324 19684 
15326 12935 
15330 27487 27732 
15331 26392 
15335 4074 
15348 11577 
15350 28385 
15357 2254 
15365 11896 
15367 1257 
15368 13362 
15371 32087 4074 
15372 17284 
15378 11594 
15382 1404 1257 
15386 8385 
15392 13264 
15394 4074 
15395 4074 
15399 589 7321 
15402 22316 
15419 31229 
15425 25115 
15433 12676 
15438 36798 
15461 2433 
15470 2171 
15471 6334 
15488 8661 
15490 2934 
15505 318 
15522 13652 
15529 2171 
15530 28277 
15531 16818 
15543 18987 
15544 18569 
15546 10234 
15548 2171 
15556 14078 
15557 6334 
15567 12935 
15575 30518 22964 10374 
15582 3709 
15586 33151 
15594 14931 
15601 16284 
15605 17284 20176 
15609 14668 
15619 2171 
15621 8385 
15623 10374 
15627 1257 
15630 28385 
15639 7773 
15654 13852 1404 
15663 3323 
15665 8760 
15666 8385 
15667 3323 
15688 18987 
15706 2254 
15709 20090 34383 
15710 26848 
15722 18987 
15730 28753 
15734 22316 
15737 6334 
15740 506 
15744 36631 
15745 7721 11896 
15747 19795 
15752 10374 
15755 506 
15762 19221 
15764 11896 12676 
15765 25115 17972 11896 
15766 9025 
15767 25868 
15769 1404 
15772 29397 
15775 15189 
15776 19684 8597 
15780 24744 
15786 10374 
15792 32385 
15806 10374 
15808 2433 
15810 13362 14609 
15814 12935 
15826 2987 26392 
15827 10234 
15828 1404 
15831 6334 
15835 23176 
15836 18987 
15838 21802 318 
15839 26392 
15854 1257 
15858 14931 
15859 10374 
15863 36232 2171 
15873 2171 
15884 14931 
15896 9305 
15899 3709 
15901 20967 
15906 13852 
15907 2171 16369 
15908 18987 23735 
15912 27487 27732 
15914 23602 14609 9302 
15920 28385 
15924 8661 17972 12676 
15927 16455 
15930 1257 
15940 21858 
15945 20962 
15954 18987 
15955 9305 
15960 1404 3709 
15968 10374 
15972 29397 
15977 29397 
15979 13852 
15981 506 17987 
15987 17063 
15991 6334 
15994 23735 
16017 3767 21344 9115 
16047 1257 8385 
16051 26629 
16056 28277 
16062 16818 
16073 3709 8385 
16097 2934 
16100 36798 
16101 17013 
16106 36015 
16119 7773 6686 
16135 3709 
16146 3709 
16164 26392 
16165 12935 
16176 31345 16818 
16179 31138 8385 
16193 31847 
16202 14931 
16207 29122 10374 
16212 1257 
16214 11896 
16219 11577 8385 
16222 25115 9115 
16227 22316 
16228 25115 21344 33089 
16229 17284 20176 1257 
16233 12868 
16236 284 
16260 17972 
16277 8385 
16280 11896 
16289 3709 
16291 6334 
16299 30894 
16307 29397 
16326 20967 
16330 691 
16346 10234 
16349 15610 
16357 1404 
16359 26629 
16364 3767 5502 
16373 1257 
16375 14231 
16378 15679 
16392 14931 
16396 32958 
16400 10234 
16409 16818 
16414 2171 
16420 10374 
16425 17903 28385 
16430 12312 
16436 24206 
16438 16486 
16444 13728 
16445 17284 
16449 3105 
16455 589 
16459 34431 19221 
16462 20967 
16474 3105 
16498 31138 
16518 1257 
16519 2433 
16530 15032 
16533 18836 
16539 16284 
16546 3709 
16554 10374 
16558 11594 
16562 1404 
16573 318 
16578 3709 
16585 10374 
16588 16284 
16589 5502 
16596 3709 
16600 1257 
16601 12935 
16608 1404 
16611 1257 
16621 691 
16625 8597 
16626 3105 
16629 9115 12599 
16631 22876 
16639 24697 
16640 1404 
16659 12935 
16662 14570 
16663 3105 3119 
16668 7321 
16678 26629 
16680 284 
16681 1257 
16685 29163 
16695 12868 
16698 17230 
16705 22964 
16712 1257 
16729 1257 
16731 14931 
16749 33386 
16750 12935 
16762 23550 
16769 22964 
16770 26848 
16777 8385 
16780 18987 
16781 3119 
16808 10234 3323 7546 
16815 12935 
16826 13362 
16831 3119 
16834 506 17987 
16835 7721 
16843 506 
16846 25657 
16851 12312 
16853 16284 
16855 14231 
16856 1404 
16870 14078 
16875 1257 
16876 11896 
16882 13253 8385 
16883 12868 
16886 10234 
16890 21892 
16896 19682 
16903 2254 
16904 11249 
16906 8385 
16921 3323 
16927 25341 
16937 12868 
16938 25657 
16942 8597 
16967 16284 
16972 23550 
16973 6334 9305 
16981 506 318 
16984 17286 
16989 8385 
17021 8597 
17042 9115 
17045 33089 
17049 8385 
17052 4592 
17058 8385 
17065 9115 
17066 3709 
17069 12868 
17070 14570 
17072 13362 30726 
17076 15610 
17095 1722 
17103 36232 
17109 18662 1404 31138 
17113 15610 
17123 23752 
17131 3709 
17132 12868 
17134 8385 
17138 24697 16369 
17141 16818 
17146 14668 
17147 23550 
17158 26162 
17170 23735 
17177 11896 
17179 1404 
17180 21892 
17185 589 29508 
17192 22473 
17194 318 
17195 3709 
17198 1257 
17204 23550 
17213 25115 
17226 18987 
17228 2254 
17231 4074 
17234 3119 
17235 2254 
17236 506 3025 
17237 13233 
17240 12868 
17242 10234 
17244 2934 
17246 24697 
17249 36631 
17259 18987 26629 
17262 8385 
17267 20967 
17270 36015 
17271 30518 
17284 2171 
17287 24744 9305 
17298 12676 
17306 15679 
17308 7721 
17310 11838 26162 
17311 30726 
17327 12868 
17339 1257 
17348 2987 
17361 5502 
17380 10234 36015 
17391 1257 
17404 2171 
17415 17013 16284 
17419 11838 
17420 28277 
17423 4074 
17440 2254 
17450 24697 
17453 16284 
17455 14931 
17463 12833 
17470 14931 
17478 18662 
17502 10374 
17509 15610 
17520 10234 
17522 589 
17529 15610 16818 23307 
17538 31138 
17539 13362 
17543 506 
17546 4850 
17556 11896 
17561 26392 
17581 24279 1257 
17591 13362 
17600 1257 
17601 24744 
17603 29397 
17611 20962 
17613 6334 
17614 23752 
17624 23307 
17627 13728 
17628 3709 
17641 21344 
17642 8597 
17643 6334 
17646 2254 
17647 7321 
17651 26392 
17658 6334 
17662 4850 
17669 13362 
17672 33089 
17673 1257 
17687 14609 
17691 1257 
17694 26392 284 
17696 1257 
17697 8385 
17707 506 
17716 14931 
17718 8385 
17721 1404 
17722 1257 
17724 16818 
17728 12833 1257 
17729 13852 
17732 13253 
17745 22964 
17748 15610 
17749 1404 
17752 15610 
17754 1257 
17757 28225 
17758 2254 
17759 12935 
17762 2254 
17764 14931 
17765 12676 
17768 22964 
17781 26392 
17782 31138 
17785 12935 
17796 17903 
17802 22964 10374 
17809 12676 
17813 4592 17987 
17818 8760 
17819 17972 
17823 29122 11896 
17824 26629 
17829 8385 
17831 30769 
17832 30518 
17846 24744 6334 
17849 3105 
17854 10234 
17858 14157 
17860 589 7321 
17862 22876 
17881 23176 
17885 11896 
17888 2254 
17897 26392 
17902 35726 
17907 14609 25611 
17910 16818 
17921 6334 
17924 12868 
17926 3119 
17931 12935 
17943 19684 
17946 12599 10374 
17951 2433 
17953 34431 11594 
17958 23735 
17959 14609 6334 
17965 26629 
17968 35726 
17974 10776 
17981 12868 
17988 12868 
17997 7546 
18000 12676 
18024 23752 
18025 2254 
18037 20967 
18041 27732 
18045 22459 27306 
18047 10374 
18048 3709 
18052 14931 
18053 5502 
18054 1257 
18057 14931 
18062 22964 
18073 1404 
18087 24744 
18093 24744 
18095 8385 
18102 18662 
18110 25611 
18113 16818 
18115 10374 
18119 12312 
18121 8385 
18131 24744 9305 9302 
18133 9734 
18143 1257 
18146 1404 
18158 14570 
18160 10374 
18163 7546 
18167 12676 
18175 589 
18189 31847 
18191 4074 
18196 3105 
18197 8385 
18198 10374 
18199 18987 
18202 10776 
18210 2171 
18214 25115 
18224 7770 
18231 22964 
18240 12833 
18248 36631 24697 2133 2171 30952 
18251 12935 
18252 3025 
18258 1404 
18265 24279 
18271 1404 
18290 2171 
18313 30182 
18314 30182 
18319 36382 
18338 7321 
18346 318 
18353 20176 
18367 3709 
18370 18662 2254 
18380 29397 
18398 22964 
18412 14078 
18414 28225 
18423 14668 
18427 1404 
18432 26629 
18433 1257 
18436 15032 
18455 3709 
18459 21583 
18463 4850 
18476 17972 
18484 32958 
18493 14078 
18499 8385 
18503 3709 
18507 10374 
18511 26392 
18515 27306 15610 16818 
18529 12868 
18537 2171 
18540 506 
18546 23752 
18555 1257 2171 
18558 32958 16284 
18573 13362 
18587 30518 
18588 9025 
18591 32958 
18602 22777 
18603 16818 
18607 12676 
18614 36232 
18618 4383 
18631 29397 
18638 24697 
18646 36382 
18651 26392 
18655 16818 
18659 12935 
18663 20967 
18664 17013 
18668 8385 
18683 31138 
18685 10374 
18688 15032 
18690 10234 
18693 3709 
18696 15610 
18698 1257 
18705 15610 
18708 8385 
18723 506 
18731 36631 
18745 16818 
18747 16818 
18757 13264 
18761 1404 
18763 23176 
18770 17903 15610 
18773 3105 
18783 28385 
18788 1722 
18795 11896 
18796 2987 
18805 22876 
18811 36015 
18812 17972 
18813 15610 
18815 24697 
18852 1404 1257 
18861 1404 1257 
18862 10776 
18873 19684 
18883 16818 
18889 25868 
18893 1404 
18915 6334 
18916 6334 
18921 10374 
18922 15610 
18926 2171 
18931 29163 
18936 12312 
18938 2254 
18942 8661 
18945 8385 
18949 32958 
18950 15189 28385 
18963 15679 
18973 32087 
18981 15679 
18990 30894 
18994 13652 
18995 14668 
18996 1404 
19000 6334 
19002 27147 
19011 25115 10234 
19019 23602 24744 
19022 26629 
19026 8385 
19031 22473 
19034 24697 
19043 11896 
19056 16818 16284 
19057 22964 
19062 24744 
19071 26392 
19076 3709 
19086 1404 14231 
19087 14668 
19090 33386 19334 
19091 16818 
19093 30212 
19103 19682 
19104 5502 
19111 24744 
19115 13852 
19118 26392 
19135 24697 
19155 11896 
19163 25657 
19178 2171 
19183 30518 
19186 26655 
19187 12833 
19200 17972 
19202 28277 12599 10374 
19204 1404 8760 
19206 28385 
19208 10234 13264 
19212 1257 8385 
19216 28385 
19217 27732 
19225 10234 32905 
19234 12312 
19244 2987 26392 
19245 15679 
19251 22964 37375 
19256 12676 
19257 3323 
19260 8597 
19263 22777 
19286 2133 
19288 30518 
19290 17903 
19294 28277 
19308 22473 
19324 26392 
19329 26392 33050 
19331 24744 
19339 11338 
19349 12599 
19357 8385 
19359 9115 
19404 28385 
19420 3709 
19422 14570 
19429 13362 6334 
19431 11740 
19435 6334 
19439 28385 
19442 37394 
19443 26392 
19445 2254 
19451 17987 
19453 22876 
19455 2171 
19469 2934 
19473 26392 
19475 28385 
19483 11896 
19501 26392 
19503 11896 30426 
19520 20967 
19533 29397 
19534 2171 
19538 9025 
19542 25115 
19553 24279 
19555 3709 
19561 37402 35990 
19563 31345 17013 
19570 13362 
19576 29122 
19579 28385 
19584 15610 32958 
19594 2171 
19596 25341 7546 
19598 2433 
19620 16369 
19622 18987 
19629 18662 
19634 16818 
19645 6334 
19650 4383 
19653 10234 
19664 2171 
19667 20176 
19670 26629 
19672 27306 
19679 25868 
19695 8385 
19699 3767 
19700 28385 
19705 8385 
19710 24697 
19725 20090 
19731 8661 
19733 18987 
19762 19669 
19764 1404 
19767 36798 
19776 35990 
19783 29397 
19785 8385 
19786 12676 
19788 2254 
19792 6334 
19803 11249 
19809 29989 
19810 30169 
19819 33386 3119 
19829 14668 
19831 10374 
19835 20176 1257 8385 
19850 17903 16818 23735 
19865 14668 1257 
19868 11896 
19873 17987 
19879 1404 
19880 23307 
19884 1404 
19895 25611 
19899 10374 
19901 8385 
19903 12599 
19919 2254 
19921 2171 
19926 30769 28385 
19928 2171 
19933 24697 18662 
19943 28385 28225 
19947 22964 
19949 21344 
19950 9305 
19952 1257 
19976 15610 12868 
19977 25115 
19980 33089 
19989 36631 
19991 31211 
19993 13700 
20003 14157 
20014 28277 
20025 2254 
20027 25115 
20054 15032 
20062 23752 
20075 16818 
20076 13264 
20077 10374 
20087 10374 
20089 6334 
20104 14352 18662 8385 
20110 8760 1257 
20112 1404 
20117 8597 
20120 32958 
20160 24279 11740 
20165 22964 
20170 11838 
20183 17972 
20184 14352 
20187 1404 
20189 27306 
20191 506 
20194 22964 
20195 2254 
20198 28385 
20215 17013 
20220 15610 
20221 29989 
20224 13362 14609 6334 
20229 20176 
20259 28385 
20260 2171 
20262 18836 
20266 26848 
20270 12312 
20276 31847 
20289 12868 37480 
20295 27732 
20299 1722 
20314 16818 16486 
20316 8385 
20323 3709 
20326 8385 
20327 691 
20330 16284 
20332 12599 
20342 16818 
20345 10234 
20346 23550 
20353 20176 
20355 16818 
20360 15610 20962 
20364 28385 
20369 3119 
20372 19795 
20383 7773 
20392 4592 
20393 17987 
20405 1404 
20414 22964 
20418 30518 
20419 24279 
20424 26392 506 
20434 22459 32958 
20459 14668 
20462 11838 
20476 10374 
20480 12935 
20500 2987 
20501 34383 26629 30894 
20506 12935 
20511 30952 
20522 12833 
20523 36015 12935 
20540 12868 30894 
20541 13728 
20548 21636 
20549 37402 
20550 24206 
20558 1257 3709 
20561 15679 
20590 36798 
20593 37394 
20601 11896 
20603 2171 
20605 17013 
20607 9305 
20610 6334 
20617 25611 
20620 8385 
20627 22473 16284 
20637 8597 
20643 16818 28385 
20646 11896 
20649 14609 
20650 1257 
20667 506 
20683 30182 
20685 3025 
20689 30182 
20694 25115 
20695 36798 
20701 26162 2171 
20703 4566 1404 28753 
20708 11896 
20709 28385 
20714 8385 
20716 22876 
20721 10374 
20727 506 
20732 2254 
20738 14609 
20739 20962 
20741 12676 
20745 12868 
20781 28385 
20808 1404 
20809 15610 
20814 22964 12676 
20815 22876 3709 
20816 10234 
20827 12599 
20834 15032 4592 3025 
20837 30182 
20838 1257 
20847 3025 
20849 28225 
20850 29508 
20856 16818 
20858 2934 
20859 4592 
20860 16818 
20861 506 
20864 1257 
20865 9115 
20866 284 
20867 23752 
20872 17013 
20876 3709 
20878 16284 
20879 2133 
20883 23550 11251 
20904 20967 28385 17013 
20907 13233 
20916 10374 
20928 37538 
20932 25115 
20952 16818 
20955 24697 2254 22876 
20964 3105 
20966 25115 19682 
20999 8385 
21000 30182 
21011 13362 
21015 18569 
21017 18662 
21019 22964 29989 
21020 11251 
21023 26392 
21025 24279 
21031 14231 
21041 27487 
21052 17286 
21053 8597 
21056 22964 
21085 16818 
21093 24697 
21095 22777 
21100 10374 
21101 15032 
21119 10534 
21125 8385 
21131 8385 
21138 691 
21144 10374 
21148 12833 
21154 506 17987 
21164 25115 
21169 1257 
21174 29122 
21177 5502 
21180 14931 
21192 12868 
21201 30182 
21202 24744 
21236 284 
21250 17972 
21254 18662 3709 
21262 32236 
21271 13253 
21273 16369 
21282 3709 
21293 32236 
21301 30769 28385 
21302 1404 
21303 3767 9115 
21311 2171 
21315 12833 
21342 12676 
21356 9025 2171 
21359 20967 
21366 15679 
21368 3709 
21373 26848 
21376 23176 
21378 26392 
21379 12935 
21380 4592 506 
21382 15610 32958 
21390 28277 
21399 14157 
21403 22473 
21416 8385 
21428 11896 
21429 1257 
21430 11896 
21432 12312 
21433 16486 
21445 3119 
21458 3119 
21467 16284 
21470 28385 
21476 12868 
21484 318 
21490 32236 20967 
21491 13652 
21503 18987 
21512 22964 
21526 25341 
21527 12833 
21531 21892 33050 
21534 23752 
21536 22964 
21554 8385 
21561 8385 
21565 16818 
21567 13852 11249 6686 
21571 15610 12868 
21572 22473 
21574 7321 
21575 8385 
21585 22876 
21590 18987 
21601 31345 16818 
21616 8597 
21623 22876 
21631 25115 
21632 30518 3767 
21644 8385 
21645 7773 
21649 589 
21661 8597 
21668 1257 
21669 2433 
21670 16486 23735 
21680 16486 
21713 15679 
21715 24697 
21725 19684 
21726 28385 
21727 10374 
21730 18662 
21732 8385 
21735 30894 
21736 26162 
21738 7321 
21753 21636 
21754 3119 
21757 23735 
21764 13233 
21779 4592 
21780 13362 
21786 17903 16284 
21789 16818 
21791 15032 
21806 13264 
21810 1257 
21821 24744 6334 
21825 12935 
21826 2254 
21829 327 
21837 8385 
21838 17284 
21842 14668 
21843 11896 10374 
21845 12833 2433 
21848 6334 
21852 25115 
21856 24744 
21859 2433 
21877 29397 
21879 1404 
21902 12935 
21905 11896 
21910 28225 
21911 24744 6334 9305 
21918 12833 24697 
21920 2171 
21921 14352 
21924 31345 
21930 24697 
21934 28385 
21935 10234 
21939 29397 
21965 2171 6686 
21966 8385 
21981 21892 
21993 16284 
21994 12935 22964 
22001 18987 
22002 17013 
22006 13652 
22011 33386 
22014 30182 
22024 17987 
22026 2987 
22027 18662 
22036 24279 
22044 14668 
22048 1257 
22062 24744 
22065 16818 
22070 14668 
22071 28277 
22072 14570 
22080 8385 
22083 11896 
22085 26629 
22090 28385 
22096 14609 
22099 36798 
22105 21583 
22110 8385 
22118 3709 
22119 22964 
22125 14668 
22140 14609 
22142 506 3025 
22146 22876 
22148 24697 
22151 24744 
22154 28385 
22157 37394 
22166 20859 
22179 12868 
22182 15032 26392 17987 
22190 3119 
22195 12676 
22198 13233 
22201 12868 
22203 25115 21344 22964 
22224 28753 8385 
22230 15610 
22237 21892 284 3025 
22249 15610 
22253 12868 
22277 6334 
22280 14609 6334 9305 
22282 10234 
22294 37402 
22297 2171 
22302 28385 16284 
22305 2171 8385 
22306 14078 
22307 19334 
22309 17013 
22312 8385 
22313 26392 318 
22314 14668 
22317 26392 
22326 14668 
22349 6334 
22359 20176 
22366 10234 
22368 1257 
22370 30952 
22375 2254 
22383 13852 
22395 11896 
22398 10374 
22402 1257 
22405 16284 
22410 10234 
22411 7770 
22416 30182 
22418 26392 
22421 10374 
22423 15032 
22424 11251 
22426 3709 
22431 17013 
22432 25657 
22433 37636 
22438 2254 
22440 2433 
22447 14668 
22449 22876 
22453 13852 
22454 12312 
22459 10234 
22464 14668 
22465 11896 
22468 32905 
22472 2254 3709 
22480 32332 26392 
22489 16818 
22497 16818 
22507 6334 
22511 15610 
22512 14861 
22513 318 
22518 17972 
22526 11838 4074 
22529 6334 
22530 37375 
22538 12935 
22540 10534 25611 
22542 25115 
22548 6334 
22552 12312 
22565 10234 
22579 37480 
22582 15032 318 
22588 4074 
22593 33089 
22596 23550 
22598 23602 
22601 11594 
22602 23550 
22606 20090 
22610 589 29508 
22613 1257 
22619 12833 
22620 30894 
22641 28385 
22643 5502 
22644 10234 
22656 13362 
22658 18662 
22663 6334 
22665 10374 
22668 12935 
22672 11740 
22675 14931 
22678 17284 9734 
22680 31847 
22681 11338 
22690 22964 
22693 6334 
22695 8385 
22697 23602 
22698 4383 
22714 28225 
22717 10374 
22718 16284 
22723 24279 1404 11594 
22730 2171 
22731 22876 
22758 24744 
22762 21344 
22763 8385 
22765 20090 22316 
22782 24279 
22789 32905 
22813 20859 
22814 12312 
22820 22316 
22822 27732 
22823 10374 
22825 17063 
22830 23602 
22841 24697 
22845 24279 
22847 15610 28385 22316 
22852 3105 
22873 284 
22874 16818 
22879 9115 
22882 16818 28385 
22886 10234 
22890 11577 
22891 32332 26392 
22892 589 
22896 16818 
22901 1404 
22908 13362 6334 
22917 21344 
22919 11838 9025 
22922 8385 
22930 3709 
22932 18662 3709 
22934 10374 
22935 318 
22937 12935 
22943 26024 
22949 23602 
22967 28225 
22968 7321 
22973 2254 
22980 33386 
22981 24744 
22987 12833 
22992 21314 
22993 8385 
23001 14668 
23033 12935 
23035 28225 
23036 1257 
23039 14668 
23040 30182 
23041 2171 
23050 32236 
23051 31345 27306 
23055 6334 
23056 13362 
23062 2171 
23063 7773 
23076 589 7321 
23090 2254 
23093 16818 
23096 9025 
23097 8385 
23100 17063 
23103 506 
23108 28385 
23133 23735 
23135 4592 
23139 26629 
23140 10534 
23150 23000 
23156 32332 26392 26024 
23161 10234 
23165 3105 
23168 22777 
23169 16284 
23172 17013 
23174 2433 
23180 15610 
23183 21344 10374 
23189 11251 3709 
23200 2987 
23201 26162 
23208 7321 
23210 10374 
23211 2433 
23215 15610 16284 
23249 28385 
23251 26392 
23252 12935 
23272 506 
23281 12833 
23302 21802 
23307 9115 
23331 24697 
23332 35726 
23336 11896 
23339 6334 
23341 23735 
23355 22876 
23362 23000 
23366 10374 
23372 24697 
23382 2433 
23395 1404 
23396 31847 
23399 6334 
23400 28385 
23407 21314 
23419 10234 
23422 12868 
23424 11249 
23433 21802 
23435 20859 21583 
23440 12935 
23453 16284 
23455 30769 
23459 23602 
23476 11896 
23479 29508 
23481 27732 
23499 21344 
23506 24744 
23523 12935 
23525 18987 
23529 26848 
23531 18662 
23538 28753 
23540 21636 
23542 12935 
23545 18662 
23554 10234 
23557 28385 16284 
23561 23176 
23563 17972 25341 
23564 13852 
23586 23735 
23589 21344 
23592 12935 
23599 28277 
23601 14931 
23603 36751 
23611 18662 
23616 10776 
23618 36751 
23633 3709 
23643 23735 27732 
23644 23752 
23650 12833 1404 16369 
23658 14231 
23660 29163 
23664 22876 
23668 15610 
23669 3709 
23670 16284 
23681 4850 
23685 24697 
23702 12676 
23704 18836 30894 
23705 12676 
23715 29508 
23729 23735 
23735 14668 
23744 2987 17987 
23745 15610 17013 
23747 8385 
23766 25611 
23768 4074 
23772 30518 
23784 25868 
23793 10374 
23797 2171 
23799 18662 
23812 22876 
23813 35990 
23822 1257 
23836 17972 
23838 22964 
23850 14157 
23851 3709 
23853 8597 
23855 15032 26392 
23864 30169 
23870 28385 
23872 10234 
23874 17972 
23879 33151 
23883 12935 
23891 12676 
23896 1257 8385 
23924 8385 
23925 17972 
23928 1257 
23929 11594 
23936 23550 
23941 13652 
23965 12935 8597 
23977 12868 
23981 1404 
23985 24744 
23986 12868 
23989 17286 
23992 1404 
23995 27732 
23999 17284 24697 8385 
24001 18987 
24004 28385 
24014 36232 
24015 36232 
24016 17013 
24029 1257 
24037 13362 
24041 11896 
24047 2171 
24048 12868 
24053 30182 
24057 3709 
24071 28385 
24072 28225 
24073 35726 
24079 24279 
24083 17286 
24084 14931 
24086 27732 
24093 27732 
24100 7321 
24105 11740 
24108 589 
24111 1257 
24116 32087 
24132 1257 
24141 10374 
24142 22964 
24145 12676 
24160 28385 
24164 23752 
24178 14668 
24179 30952 
24182 11896 
24191 15610 
24195 22964 
24199 33386 3119 
24203 12868 
24228 24697 22876 
24234 1404 
24236 24697 
24237 30518 11896 
24240 14931 
24249 13852 
24256 16818 
24259 17903 
24271 2254 
24278 26392 
24283 7321 
24293 18836 
24299 21314 
24306 20962 
24309 10374 
24312 20859 
24329 12833 24697 2433 
24335 35726 
24343 318 
24365 28225 
24366 30169 2254 
24368 17284 
24378 30169 
24380 21858 
24382 22777 
24384 32958 
24388 14931 
24395 1404 
24403 13233 
24404 21344 9115 
24406 1404 
24407 14931 10234 
24411 14157 3119 
24412 13362 
24415 17987 
24417 28385 27732 
24440 2171 
24442 37636 
24443 13362 
24446 37394 2171 
24462 17063 
24478 17903 
24480 17972 
24484 10374 
24490 16818 
24493 26392 
24500 18662 
24504 1404 
24508 16818 
24509 2254 
24520 3709 
24526 11251 
24530 10534 
24548 1257 
24551 13728 
24570 30769 16818 
24587 26392 
24594 20090 23176 
24603 1257 
24609 20176 8385 
24610 28385 
24612 17063 37538 
24614 21802 
24619 22964 
24625 318 
24645 32332 
24654 16818 28385 
24669 11740 2433 2171 
24684 15189 12868 18836 
24687 23217 
24695 10776 
24711 3105 
24716 37538 
24718 1404 
24723 16818 
24726 24697 
24730 2254 
24741 12868 26629 
24751 14231 
24752 15610 
24757 30169 
24766 7773 
24791 10374 
24794 15032 
24818 3709 
24828 21583 
24854 16818 28385 
24863 23602 
24864 15610 
24869 8385 
24873 12676 
24905 3767 
24911 1257 
24912 3709 
24916 21344 
24917 15032 
24930 2987 
24935 14157 
24936 1404 
24943 13362 
24956 25115 
24959 13852 
24969 28385 
24970 29508 
24973 13652 
24975 10234 
24978 12868 
24979 24697 
24983 12868 
24985 12868 
24987 284 
24994 1404 
24997 4850 
24999 3709 
25010 10776 
25013 24697 
25014 20962 
25018 23307 
25020 1404 
25022 16818 
25030 17286 
25044 17987 
25057 20176 
25060 25115 
25065 3119 
25068 6334 
25070 3709 
25071 11896 
25072 12868 
25076 10374 
25083 14668 
25095 23735 
25115 2433 
25119 12868 
25153 16818 
25154 14931 
25164 7721 
25174 23602 24744 
25181 11740 
25186 23217 
25189 2254 
25212 15610 
25215 10776 
25216 12676 
25225 3105 
25243 1257 
25249 1257 
25252 25611 
25254 36382 
25255 18569 
25261 22473 
25268 3709 
25282 28385 
25300 29508 
25303 8385 
25305 15610 
25309 28225 
25311 10374 
25312 25115 
25318 2254 
25320 30894 
25329 13264 
25364 28385 
25372 18662 
25374 28385 27732 
25399 3709 
25409 28277 
25420 2433 
25423 24279 
25435 30182 
25437 28385 
25448 10234 
25453 28225 
25457 18987 
25471 10374 
25472 22964 
25480 29508 
25488 24697 
25489 318 
25490 9305 
25494 22964 
25502 37375 
25510 6334 
25512 36015 
25526 23752 
25531 3709 
25534 7546 
25537 14668 
25553 12935 
25558 18987 
25576 2987 26392 
25583 12868 
25594 1257 
25606 7773 36232 
25609 11577 
25613 2254 
25625 15610 
25629 2171 
25633 10374 
25652 3709 
25653 12935 
25659 28385 
25664 8760 
25672 3105 
25678 2254 1257 
25679 12935 
25682 12935 
25700 29122 21344 
25702 12312 
25708 10374 
25724 1257 
25729 1257 
25740 24744 
25747 29508 
25748 20859 
25755 35466 
25757 2171 
25766 30518 
25783 8385 
25794 10374 
25801 12676 
25803 27732 
25821 12868 
25827 8385 
25828 14157 
25833 14352 
25845 7321 
25868 12868 
25871 1404 
25875 26392 327 
25887 12935 
25898 24279 
25906 8385 
25911 21344 12935 10374 
25915 14668 
25944 28385 
25948 37538 
25957 28277 
25962 9115 
25968 2171 
25990 23307 
25999 8385 
26010 25611 
26011 23735 
26018 16818 
26025 31211 
26034 1257 
26038 27487 
26048 14931 
26057 25611 
26059 506 
26062 13652 
26064 3709 
26066 37402 
26069 23735 
26075 14668 
26080 2254 
26089 28385 
26090 10374 
26094 27732 
26114 37402 
26121 14231 
26129 21858 
26131 8385 
26133 15610 
26135 13362 
26138 6334 
26140 15032 
26141 6334 
26150 16818 
26158 26392 
26165 22777 
26172 28385 27732 16284 
26174 12676 
26176 21344 
26180 10374 
26186 29122 
26193 12676 
26201 12312 
26202 28385 
26210 11338 
26213 3709 
26225 14157 
26243 2433 
26250 10234 
26277 17013 
26282 12935 
26291 17013 
26292 36631 26655 
26293 18662 14668 
26305 8385 
26314 26392 
26318 28385 
26320 8385 
26323 28385 
26324 12312 
26326 28385 
26332 12935 
26335 2171 
26342 12676 
26347 10374 
26352 23307 
26354 3709 
26357 16818 
26358 2171 
26361 27487 20962 
26364 4592 
26373 28385 
26380 28385 
26388 12312 
26396 10374 
26398 23217 
26400 28385 
26413 37394 3709 
26439 3105 10534 
26449 15679 8385 
26451 18987 28225 
26453 26392 
26456 23550 11577 
26458 1257 
26463 26392 
26465 16455 
26473 12935 10374 
26478 12868 
26479 16818 
26482 17286 
26483 12868 
26485 7770 
26486 8597 
26488 28385 
26491 22964 
26523 35466 12868 37480 
26524 14078 
26532 4592 
26536 23602 
26543 14570 
26552 26024 
26563 18662 
26566 14931 
26568 28385 37636 
26583 3767 
26589 23735 
26592 17972 
26596 32236 
26602 8385 
26603 30518 
26609 4592 318 
26618 17063 
26622 16818 
26647 1257 
26650 1404 
26657 25115 
26658 4850 
26666 12935 
26672 14609 
26686 10374 
26689 17286 
26698 33386 
26700 32236 
26709 14931 
26724 11251 26205 
26733 14231 
26734 28385 
26736 3709 
26751 26392 
26767 318 
26783 10374 
26789 16818 27732 36798 16284 
26793 26392 506 
26805 15610 
26806 37402 
26813 13852 
26819 10374 
26829 15679 31847 
26832 1404 
26842 24697 
26844 26655 
26846 12868 
26860 13728 37394 
26861 22473 
26882 12868 
26886 14609 35726 
26898 28385 
26901 12935 
26921 1257 
26922 15679 
26935 14668 8385 
26936 23735 
26941 18662 
26943 23602 
26953 15032 506 22964 318 
26957 24206 
26970 1404 
26972 21636 
26973 2433 
26979 10374 
26986 28385 
26987 12312 
26994 24744 
27002 26392 
27028 10374 
27029 8385 
27035 11896 
27038 24697 
27046 12676 
27058 13700 
27066 16818 28385 
27085 26392 
27086 28385 
27089 8385 
27091 25868 
27103 6334 
27111 2254 
27112 26392 
27117 25341 
27121 33151 
27122 16284 
27123 28385 
27125 12935 
27126 8385 
27128 30769 17013 
27135 3709 
27136 16284 
27144 15610 
27177 12868 
27179 18987 
27194 12935 
27203 26392 
27206 12868 
27216 2171 
27228 30518 
27229 318 
27231 11896 
27233 13362 
27235 12833 
27236 28385 
27239 28385 
27241 28225 
27243 284 
27246 21802 3025 318 
27264 284 
27274 27732 
27292 14931 
27295 12312 
27299 10374 
27311 21636 6334 
27317 8385 
27320 12868 
27330 37394 
27361 26162 
27366 29397 
27373 33151 
27378 26392 
27384 1404 
27385 1404 
27400 8385 
27404 21858 
27405 22316 
27417 17987 
27425 20859 
27440 26392 
27446 1257 
27458 1404 
27459 22964 
27460 16818 
27468 14609 
27472 15610 
27473 10374 
27478 2171 8385 
27479 3105 
27480 12312 
27485 12676 
27506 28385 
27514 7321 
27519 10374 
27536 28385 
27537 32385 
27548 2171 
27568 28385 
27570 18662 
27575 22964 
27580 22964 
27581 28385 
27585 24697 
27586 12868 
27592 18987 
27602 21802 17987 
27607 4074 
27609 25115 
27619 28385 
27624 27487 
27631 12868 
27635 1257 8385 
27643 15679 
27645 28385 22316 
27647 15610 37636 
27653 7721 
27660 10234 
27663 33089 
27668 36798 
27671 15610 16818 
27678 1257 
27679 14078 
27693 10776 
27702 14931 12676 
27704 26162 
27710 24744 
27715 10374 
27716 3767 19669 
27739 13362 6334 
27741 14668 
27747 11251 
27751 23602 
27768 28385 
27773 12676 
27774 1257 8385 
27785 28385 
27786 8597 
27788 22316 
27800 506 
27801 28225 
27803 30426 
27811 12935 
27813 327 
27823 589 7321 
27838 16818 
27850 16818 
27853 24744 6334 
27857 1404 
27884 318 
27886 1257 
27888 16818 
27894 30518 
27902 21802 
27911 8597 
27920 11896 
27925 3105 
27935 23176 
27954 15189 
27957 2433 
27975 28225 
27979 27732 
27984 24206 
27986 1404 
27990 14231 
27998 27732 
28004 23735 
28012 10374 
28016 25341 
28017 6686 
28030 11838 
28032 21344 
28036 12868 
28048 18662 
28068 14668 
28077 18987 
28078 26392 
28104 12833 24697 
28107 28225 
28109 12868 
28113 30769 
28120 17013 
28123 23735 
28136 3119 
28151 35990 
28152 17013 
28187 12868 
28194 32236 
28195 16284 
28198 20090 
28201 26392 
28202 20859 12868 30894 
28209 2171 
28214 14931 
28219 22964 
28225 23307 
28230 28753 
28247 7770 
28254 28385 
28259 14609 
28262 25868 
28274 12868 
28280 23602 
28281 1404 
28290 284 
28308 18662 
28316 8385 
28340 3105 
28353 13852 
28364 12935 
28371 17903 
28374 15032 
28377 3709 
28380 14931 
28390 1257 
28399 23735 
28400 14231 
28402 15610 
28404 1257 8385 
28412 6686 
28415 23602 
28423 12935 17972 
28434 13652 12676 
28441 8597 
28449 30518 
28455 6334 
28461 22964 
28464 23307 
28469 12868 
28475 3105 
28485 284 
28488 13652 8597 
28489 14668 
28495 24697 
28501 12312 8597 33089 
28502 12935 
28513 16284 
28515 1257 
28520 10374 
28529 14668 
28531 1257 
28533 16818 27732 28225 
28536 10374 
28538 7321 
28539 1404 
28542 30518 
28543 6686 
28544 32087 
28545 13852 37394 
28563 24697 
28575 13728 
28585 22459 32958 
28595 25341 
28604 26162 
28606 37394 
28611 327 
28617 26392 
28626 12935 
28628 16818 
28634 3105 
28638 1404 
28640 12868 
28642 1404 
28644 14352 
28647 4850 
28654 15610 
28655 28277 
28667 32385 
28677 3119 
28694 28385 
28695 14668 
28697 28277 
28710 37375 10374 
28718 22876 
28726 3709 
28752 18662 
28755 10374 
28766 589 
28778 16455 2254 2433 2171 26205 
28780 12935 
28787 28385 
28791 13362 
28793 23602 
28802 2254 
28832 12833 
28833 21802 
28837 30769 
28849 12868 30894 
28857 1404 
28863 32958 
28867 21344 
28869 2171 
28874 14078 
28880 7770 
28882 2254 
28890 28225 
28897 12833 
28900 12833 
28901 15610 
28903 16818 
28925 25868 
28942 28225 
28946 28225 
28948 10374 
28954 4592 
28956 28385 
28961 17013 
28973 23602 6334 
28979 16818 
28980 36382 
28986 28225 
28994 2987 
28995 36015 
29010 37480 
29013 10374 
29015 18662 
29022 16818 
29025 36798 
29046 26392 
29048 26392 
29056 24697 21344 22964 
29062 30769 17013 
29074 20859 
29096 28385 
29098 14609 
29119 3709 
29121 30518 
29122 21802 
29140 6334 
29141 4074 
29145 16818 
29151 23602 
29158 2433 
29170 16818 
29203 22964 
29205 9734 
29208 3709 
29216 14609 
29224 3709 
29237 25115 
29241 28385 27732 
29253 12868 
29255 15032 
29256 16818 
29261 23307 
29278 22964 
29287 12868 
29294 23176 
29304 318 
29313 8385 
29321 27732 
29322 15679 
29326 21802 
29331 2171 
29334 12676 
29335 37636 
29344 3119 
29357 30894 
29388 3105 
29402 25868 15679 
29413 15610 
29421 25115 
29425 12868 
29429 23735 
29436 32236 
29446 21858 
29458 29508 
29460 28385 
29461 28385 
29464 28385 
29469 18662 
29486 2254 
29502 19684 
29510 22876 
29520 23735 
29521 32236 
29523 3105 
29525 18987 
29530 14609 
29539 16818 
29562 16818 
29564 13264 
29575 24697 
29576 1257 
29591 15032 
29597 23735 
29602 16284 
29607 31211 327 
29625 32236 
29627 13362 
29630 4592 
29639 11338 
29640 12935 
29654 37402 
29655 25341 
29659 36382 
29678 12312 
29684 37480 
29692 12312 
29698 25115 
29717 6334 
29722 3767 
29727 14668 
29729 26655 
29733 10374 
29737 12312 
29740 37480 
29747 17987 
29750 12868 
29752 27732 
29753 284 
29763 10374 
29766 31211 
29768 28225 
29771 27732 
29783 30769 
29786 11896 
29787 6334 
29800 9305 
29817 14609 
29818 1257 
29820 15610 
29846 10534 
29847 12935 30426 
29848 1404 
29853 14609 
29856 8597 
29858 28385 
29861 14931 
29871 2171 9734 
29873 8385 
29874 2987 
29877 28385 
29881 13852 
29886 22473 
29902 15610 
29911 3709 
29914 8385 
29924 4592 
29926 12868 
29929 34383 
29949 28385 
29952 30769 
29970 12935 
29973 18662 
29977 22876 
30000 17063 
30002 28385 
30006 18662 
30007 2171 
30020 3025 
30034 12868 
30037 36232 
30044 32236 
30047 24206 
30054 6334 
30057 23602 
30058 34383 12868 
30066 30769 23735 
30085 17903 
30089 28277 10374 
30094 25657 
30095 37636 
30096 26392 
30101 30518 
30118 37636 23307 
30120 36382 12868 
30130 10234 
30138 23550 
30150 3709 
30154 32905 10374 
30171 23735 
30173 10374 
30186 23176 
30189 4850 
30202 15610 
30203 21344 
30210 28385 
30231 17013 
30241 23735 
30242 14609 
30248 28225 
30253 14609 
30263 12868 
30274 28225 
30280 19334 
30281 318 
30286 37538 
30288 35466 17013 
30291 30769 16818 16284 
30297 4592 
30298 22964 
30299 27732 
30319 7770 
30321 16818 16284 
30324 10374 
30331 30769 
30334 30769 
30339 24279 
30342 30952 
30352 11838 2433 
30353 2254 
30354 30769 23307 
30362 22777 
30363 30769 28225 
30370 2254 37394 
30371 30518 
30374 30769 23307 
30384 16818 
30388 14668 
30392 29989 
30397 3767 30182 
30399 35466 12868 
30403 18987 
30409 32958 
30410 27732 
30421 27732 
30426 18987 
30438 20859 12868 
30450 16818 32958 
30451 18662 
30455 25115 
30463 12312 
30465 19548 
30467 32236 
30487 28225 
30496 14570 
30525 17013 
30531 506 
30536 12868 
30543 589 
30545 32905 
30547 6686 8385 
30548 18662 
30550 19334 
30551 28225 
30562 12868 
30566 22473 
30581 10374 
30587 589 29508 
30594 8385 
30628 12868 
30633 3767 
30635 35990 
30637 11838 
30646 30769 37998 
30658 36232 
30660 28225 
30661 37394 11594 30952 
30666 11838 
30676 14078 
30687 30518 
30691 589 
30693 34431 22876 
30695 16818 
30711 26392 
30730 12676 
30731 23550 
30745 23602 
30747 2254 
30773 18662 15679 
30780 28225 
30793 2171 
30794 28225 
30797 34383 
30839 28385 
30841 17972 
30843 1404 
30851 24697 
30855 12868 
30857 37636 
30866 11896 
30867 7770 
30876 11838 
30887 28225 
30893 35726 
30898 10374 
30901 37480 
30910 21636 
30913 30169 
30914 12868 
30917 28225 
30919 17013 
30920 30518 
30927 36382 
30930 26392 
30934 13728 
30950 23735 
30953 12676 
30966 32958 
30980 6334 
30981 22459 
30986 18662 
30992 30769 
30993 7546 
30997 30769 
31004 12868 
31010 27732 
31025 22876 
31036 24697 
31056 23735 
31058 8385 
31061 23735 
31075 28225 
31083 28385 
31090 28385 
31095 8385 
31098 32905 12935 
31099 26392 
31103 14931 
31109 2133 
31112 3709 
31124 9302 
31176 10374 
31181 12868 
31184 17972 
31192 28385 
31204 3119 
31206 28225 
31223 2433 
31230 21802 
31240 4074 
31243 17013 
31255 16486 
31262 18987 32236 
31264 15032 
31266 16818 
31269 8385 
31270 26392 
31278 6334 
31282 35726 
31288 6334 
31298 12935 
31320 3119 
31333 8597 
31341 23602 
31342 17063 
31345 26024 
31387 12935 
31392 18662 1404 
31393 37998 
31396 17013 
31407 15610 37636 
31409 21636 6334 
31413 6334 
31422 34431 
31426 28225 
31442 3119 
31444 3105 
31445 30769 
31448 12935 
31449 28225 
31458 12935 
31466 32236 
31471 30518 
31472 3119 
31474 28385 
31485 26392 
31492 14078 
31494 27732 28225 
31507 36382 
31516 26392 
31518 1257 
31535 18662 
31536 16818 23307 
31548 37538 
31550 18987 
31558 17013 
31573 12935 
31581 2171 
31585 37480 
31590 2433 
31631 3025 
31635 28385 
31636 8385 
31638 3105 
31640 10374 
31651 3119 
31662 11896 
