7 744 745 636 746 747 748 749 750 751 752 753 754 755 756 757 758 
85 1646 1431 762 852 1064 2775 3820 1316 1068 1156 1040 3821 3261 2025 909 1559 1046 1983 1566 3822 1049 1323 799 3285 3823 1045 3824 3825 3826 1557 1586 900 3827 3828 1067 2632 3829 3830 1134 1107 3703 1053 3831 1143 1091 1071 3832 3833 3834 1069 3835 1054 
135 1112 1066 1406 1060 4484 1712 4879 1421 4334 779 4880 2335 4435 1076 4881 4882 4182 893 4883 4884 199 4820 19 1044 4885 114 4886 1512 1113 1141 910 1114 1621 4395 3266 1045 1043 4887 660 1785 4888 1091 1148 4206 4889 1104 4465 4126 1201 803 4517 2916 1061 1428 1105 1145 1087 2684 1439 4890 1251 1422 4891 1420 4892 4893 1139 1128 
223 6632 2191 1098 5517 3363 893 6633 1090 4338 1323 13 894 4347 6634 6635 6636 1524 4172 6637 6638 6639 6640 6641 6642 6643 1271 6644 6645 6646 6647 4205 3295 
329 1109 4158 3288 1645 1069 4168 1045 2165 7906 1053 1399 8188 1065 5535 1425 799 1046 8142 8189 2261 783 8190 8191 5560 1404 8192 5228 5 6567 2222 1114 1143 8193 1619 8194 660 8195 6108 8196 2683 8197 1455 4469 8198 6236 4461 1078 6184 6565 8199 1318 2199 4453 2687 6308 7805 1617 897 4564 2686 1102 2345 2593 1245 1902 1244 4388 8200 1253 7190 4450 1327 1901 1135 
411 5790 2357 2568 2511 2484 9476 9477 5642 8909 2607 8351 7752 2025 4203 1956 9478 1114 3726 1861 9479 9480 5774 9481 3218 
439 709 852 2927 3083 2754 4325 8856 6222 8712 2804 2808 2017 776 8 762 665 6053 
489 2765 662 4330 4589 4590 810 710 2179 2928 8232 711 6652 1540 2718 3585 2866 
527 1317 4173 1467 4141 4114 7 1234 2972 4359 1057 1604 4201 4072 4548 10649 4215 1388 4027 2559 1142 8217 1196 1191 9720 3414 1841 1379 1149 6239 1398 1799 1122 4647 1561 1381 10650 6211 4544 1380 1130 2025 1449 1439 4880 2222 1646 4538 4376 1063 4454 8216 1423 2664 9091 2320 6164 1633 6 1661 1663 6187 1455 
608 743 702 9402 817 3508 762 704 3512 9368 2846 2909 5357 11112 11113 11114 9609 11115 659 7127 2789 710 783 5150 7982 2866 2725 787 4996 0 770 11116 87 2902 11117 2815 5321 2179 10614 3494 11118 790 800 8289 3297 703 93 4999 7247 5319 3651 11119 2823 2014 2175 3052 8656 4301 11120 11121 9244 10563 3069 11122 8427 2801 7658 11006 2791 774 9499 711 2936 4314 786 6152 11123 852 11124 11125 11126 
942 1145 1109 4160 5548 7459 2154 4193 1373 1051 4199 1569 6091 5778 1737 5219 2974 1150 10740 3265 799 11291 4396 1804 1055 918 1077 5809 4197 13711 3338 1378 1048 6163 8176 779 6614 4470 2584 5084 1138 4128 1124 9628 5133 1230 9523 4143 1420 4530 4482 5538 5120 2131 4144 1868 1455 1601 1823 6685 4354 4880 11308 1439 3839 2139 12409 1459 5524 10972 5122 5817 1663 1251 3832 1056 1141 4881 803 1598 1176 2037 1033 2259 4339 10102 4443 7 1837 1588 5136 1321 927 1320 1250 7780 1438 7566 4327 1322 1121 1045 1114 1424 4613 1244 7202 5518 1335 1053 13712 8224 7889 4174 4347 5599 1044 6241 1128 8184 3373 1330 1404 2199 4218 1512 1252 1470 11010 13713 13714 13715 13716 4450 11023 11846 13717 4441 1245 12112 1331 1158 4464 1471 4074 1480 4267 6999 1713 2297 5362 4488 8955 6576 1060 13061 3267 11822 1824 13718 1498 1509 6204 10691 5134 4426 1415 13719 5081 1656 1483 4408 13720 2084 1327 13721 1486 1386 4186 1104 13722 10787 2916 2911 9440 3826 12383 13723 6966 4297 1575 2559 1329 1102 8189 9358 4407 13724 11918 11596 2212 9774 890 4415 9775 13725 8272 8963 6308 7493 1948 8274 4028 4388 13726 13727 4429 4486 3379 1080 13728 4217 1929 12337 1136 9061 7944 10683 13729 13730 928 1095 13731 6634 4630 13732 13733 2226 5808 13734 2705 1624 9751 1513 1916 4567 1240 1211 1478 1134 929 904 10591 1037 10949 9818 6702 924 6942 6433 13735 2195 11505 1257 2164 10642 1427 4359 1476 13736 8270 13737 1261 4364 2240 11979 5099 1419 10643 1840 1132 4334 1318 13738 7822 1422 13739 826 13740 7994 1085 1917 13741 5536 13742 7490 13743 13744 9838 13055 8376 11498 7631 13745 4200 5517 7509 1031 4343 1458 10645 13746 11739 13747 5209 13748 11499 13308 11503 1905 659 6431 3137 11531 1264 13749 11501 6609 13750 2686 12878 9210 11962 12855 4122 2915 6220 10678 8733 1457 13751 13752 6442 13753 13754 13094 2365 13755 1143 13756 13757 3454 7510 1249 13758 6465 13759 13760 12145 1259 13761 13762 9796 2604 13763 13764 7995 7792 7564 
1098 5876 7954 3061 4279 6826 5658 8584 3602 5499 7440 2836 842 5507 15090 2958 15091 3500 6927 3584 9101 3763 2182 2020 12779 12161 15092 3626 10834 3611 3807 
1132 2643 7337 3538 2928 2736 1534 8604 2737 6197 737 2941 10117 2902 2782 2774 87 2927 3783 5147 5692 15188 12788 15189 15190 3932 15061 15191 4557 7605 
1408 17323 17324 17325 14905 11 1716 769 17326 17327 9074 17328 1011 17329 17330 17331 17332 17333 17334 17335 17336 13013 17337 17338 17339 17251 17340 
1448 12453 204 17561 4739 17522 17562 17563 445 5995 4746 269 238 17564 211 49 15036 4599 387 135 4748 9591 17565 157 12447 370 2996 189 17566 95 17567 12841 4811 444 407 3040 446 439 2985 17568 6013 176 8030 16759 10726 17569 8072 17570 12129 16758 17571 17572 17573 9921 9520 17574 12874 10757 17575 17576 17577 17578 
1547 1053 1837 3338 1638 1214 4 2916 3260 5354 1546 2725 762 4301 2759 17 2708 8 
1684 12232 10182 19238 15829 9412 19239 7845 19240 12250 12220 6347 17436 19241 12653 19242 19243 8098 2645 13623 14605 12531 8106 2654 12241 19244 5895 19245 19246 19247 15775 19248 7850 19249 9039 14606 19250 7839 3437 3206 10178 19251 19252 18507 19253 15790 
2151 3266 1258 5213 1518 5211 11669 11666 6982 3753 1053 8152 1057 7121 1065 903 8810 5566 4521 1818 3713 4601 8248 9016 
2185 17351 19407 17487 17345 17946 13205 20520 21868 21481 17587 17596 17371 17960 20515 21869 17951 21870 17473 21497 
2451 16641 23297 7370 15952 13528 23298 16783 16532 20902 16686 4770 16717 16542 21116 2695 883 
2470 8966 2754 12687 5865 14620 23442 857 20458 5857 15391 6909 8592 96 23443 79 7813 5717 6926 3499 708 10868 23444 9103 13541 23445 6950 6122 3167 6109 5268 18641 3671 5148 8310 
3082 6945 13337 624 1456 1053 2191 1471 1472 1422 1134 1637 1468 7470 2255 1095 15300 1385 1917 
3250 2868 21408 10500 15454 12330 24457 15444 13032 26011 26012 26013 26014 21409 26015 10488 5380 22230 26016 23686 14442 
3345 4589 2953 10346 13462 6197 6199 3055 9490 807 68 3480 7337 813 7573 3430 1535 2753 5871 6142 
3510 18744 3166 16808 26726 15608 16833 16805 22313 9528 22748 16127 20789 17011 24731 3316 7363 23361 21516 2695 20087 23368 16106 19190 7356 8084 21665 4765 15974 20099 3928 16633 17902 3151 25499 18439 16505 5249 23471 25065 22828 26727 26728 12784 20971 25283 20940 26729 880 26730 18532 26473 
3553 4879 7496 10 5618 1663 8811 13800 1432 7187 1034 6238 25320 1141 4226 7899 13885 5213 1509 15822 10591 12718 1423 10095 8721 3490 2191 26840 911 6702 1144 6242 1520 4460 6974 9026 15184 2916 7015 18405 1223 4653 10092 7539 22585 4619 15250 1461 7273 4463 8763 1237 25024 1322 2969 12581 1478 3704 2335 845 2720 5515 8242 5485 6574 4647 20137 12391 9448 4183 1244 8795 1130 19281 13301 13626 2109 8368 1241 26841 11488 6421 923 26842 7175 23722 4343 8959 7498 90 10644 
3635 4300 12375 2029 11278 2048 1955 26153 8370 1442 2076 2046 2107 1922 2151 2478 2436 7458 8379 2356 918 
3934 17651 3194 21588 7927 28312 25162 14873 3932 7929 7332 9075 25900 14872 17174 20190 14876 28313 13425 28314 
4422 9939 10013 578 615 12200 22505 598 8045 4691 2921 4686 1676 9961 16153 582 5311 594 612 29355 1665 982 608 10043 554 25790 2919 837 17053 12193 23987 12186 557 1673 5310 12185 4843 621 12103 7536 10041 10297 1671 607 566 29501 19053 8460 23996 10293 568 15896 5308 10303 3477 601 7533 17875 18849 3090 29502 12106 12977 596 4857 10295 21328 4675 12976 5164 10044 23984 1678 12090 29503 3091 595 590 17132 12111 7532 8461 8458 19048 23895 992 15865 29062 5303 9936 12080 12189 7531 9960 996 3468 7318 29504 562 12100 12190 8067 29505 29506 591 575 9958 27833 1311 5168 9952 18847 987 13006 7998 15615 23896 7538 19050 593 5309 7997 20545 4681 29507 12108 586 4687 12174 12847 10012 22083 23999 5290 1674 560 9935 5167 22087 17092 579 12096 6645 23929 7535 18848 23994 3465 10905 7528 9954 29508 4849 29509 17871 12191 22085 841 29510 29511 13958 571 4679 9937 604 1679 29512 29513 29514 8051 7319 577 29515 12963 23986 23931 29516 17128 8052 9842 991 13957 28792 29517 9929 4683 12169 26686 29518 17052 564 12960 12091 12097 29519 7272 5163 7524 29498 8061 565 558 29520 12094 23995 9083 10288 29521 27989 589 27988 569 1271 13955 23981 25274 29522 8050 29523 5315 22654 13956 22656 27991 12099 29524 9950 28818 29525 
4530 4911 2897 2821 4711 1446 9104 2780 2775 6732 768 2937 773 1538 668 19531 8409 852 2804 2179 6159 767 8529 
4584 3284 2835 5268 17548 981 4326 768 6197 7742 1852 3422 6853 722 821 10890 14221 9168 
4968 1094 657 4500 23904 21389 7330 14289 18373 3146 8702 7332 1010 13533 1011 4557 28927 14296 3932 9551 
5494 3264 2023 2779 774 1717 2795 3600 92 786 2737 16 813 710 93 738 2017 2902 16384 981 3760 762 3430 7262 771 5489 1049 2782 16365 16226 3245 17344 2797 20510 13035 1826 
5650 6687 9904 4477 13071 3542 5820 5472 4142 1844 20683 5817 1111 1373 2099 13473 3715 22047 2480 3706 4267 10638 1987 4160 1031 15166 1848 4473 13806 1185 1737 2140 929 5075 14791 6972 1502 2062 15734 7469 19213 11482 10941 2191 1138 5802 1121 11496 27995 19124 2005 2072 13467 1995 17536 7567 1090 24383 2210 2236 2428 31576 1198 1630 2328 10787 4297 7193 5809 15 87 819 3430 6022 5544 9725 16947 8728 2036 12115 6985 10937 25333 2137 13461 13892 18655 7254 9775 11564 1898 4536 1515 2010 4613 31577 2148 20755 16412 9837 5735 7354 4383 26166 28783 4555 2143 2087 4621 6397 9456 1977 5482 19741 1109 7156 12053 5118 3372 1517 10005 1959 15185 2056 1833 1632 2038 30674 11362 11716 12397 7793 3338 7302 13 7561 11520 6990 4860 1842 2301 1696 11504 2161 2706 2154 15155 9314 15951 1038 1594 14821 10132 5818 12855 18319 1250 12925 27998 13757 4654 9431 29400 2360 
6336 3076 11968 14334 8596 25932 19655 6277 25547 14392 9168 6815 18082 3628 29426 3697 12639 24867 3054 4303 10596 28058 3615 7892 19596 10385 11062 2838 722 3605 6819 28061 8974 30057 6054 4307 5801 10228 69 7346 3248 3678 5053 4101 18629 9166 8552 10232 27879 17646 14910 3520 2829 3062 10615 2640 10830 4237 8651 6059 2850 3567 28996 6772 9144 2096 15100 4081 729 24882 2786 3594 5278 6408 26067 13802 774 3604 5270 1193 13648 5342 28758 2902 773 4949 6857 3650 21816 9136 8704 6781 3070 3626 6803 8613 13918 14344 3792 7593 6028 20334 7434 14405 10605 2849 11944 29213 5794 716 11052 13645 8018 5036 3521 5014 10240 19624 18648 1934 3691 3508 8603 5845 24999 4978 19724 6727 11728 1504 6123 6952 9400 14833 4092 25051 3618 25337 765 3620 703 2180 14316 14358 32288 12809 6960 1709 1927 2093 1933 20328 4791 9165 6765 6835 3687 8577 13375 15 1104 12854 6937 769 842 2863 15156 6927 5072 649 3807 10895 6918 5050 814 26070 3127 93 693 22133 10612 3495 75 1445 82 3167 8319 87 13584 96 3560 3674 11048 2906 26652 6020 786 8580 2735 7816 20467 14854 4247 5244 19602 3482 3505 29984 16982 8578 3512 9191 5674 5683 2873 3613 4305 31036 3084 5058 8640 1018 3312 3788 17446 3592 6385 10383 8588 7595 5234 21339 17178 31957 14328 4705 3077 3808 10072 11065 3639 14646 8707 8976 14163 858 6830 6036 3803 4979 9185 8399 11694 6058 6941 7645 5489 3555 3590 9273 6930 8396 8341 6896 6050 2852 4957 5400 10448 19681 7609 19627 4513 6708 7235 13242 10379 6215 10997 2875 9981 14826 12862 708 28020 14159 2964 667 12166 3418 855 9153 10709 4980 3419 4498 3510 88 843 12606 2896 9552 21828 4274 12486 17701 2898 8625 1913 3643 14925 11819 1810 26511 10395 2175 6131 5913 4939 8755 2015 859 8680 5172 2842 5021 6041 7699 3245 6723 8404 11017 1404 9553 3817 19638 3676 15806 2865 3784 741 7313 5328 9368 18093 18891 9256 8318 13590 11403 2859 1935 7894 8415 2897 7323 79 15426 17121 6258 13578 6797 6977 7239 3647 11074 3667 9977 4280 13668 22225 11055 8655 7408 12778 20335 10717 18975 797 2732 10450 7815 2886 5038 5394 21837 7458 5062 11397 21840 32289 4503 14791 8634 731 1551 8645 
6520 10947 4406 1590 1713 7486 9860 10742 2776 10890 1540 2909 2757 2743 12 772 1716 674 11 827 
6641 3356 6797 2794 10072 13548 6789 2862 6979 17114 2896 3064 32618 2883 18172 23232 25247 7892 8288 10195 9206 20585 17600 7079 24606 22211 6792 9105 
7172 9595 277 323 12836 174 8075 153 488 24010 486 438 25957 164 260 21946 24009 12129 21774 8076 18679 
7715 25645 28210 28206 29455 33029 25744 30000 1351 19335 7675 19330 25642 23792 1742 3102 5415 22349 11776 10543 14270 14092 15878 14105 5430 12947 12792 19331 21253 18250 1739 1281 26523 14497 33625 14259 29194 17431 
7828 16108 24731 20163 18592 23091 33324 14881 19494 17883 32114 17833 20098 16660 25722 3999 7371 
7883 4915 3774 811 20265 26292 8653 6056 8334 3647 9563 7890 17150 18791 5278 30483 11069 25054 
8164 15575 25751 16751 15566 25757 11079 24849 7907 32353 10958 11978 31260 4328 5121 26161 2358 14483 15572 26903 11519 14470 15586 24848 24944 22238 12480 11957 6094 4532 24946 23125 24273 16449 6529 2933 15812 6392 33968 31285 23560 
8880 1953 1810 2531 14468 2262 7263 7570 30360 11879 14466 24755 7276 1701 22667 5190 14467 
9480 8402 7981 3596 713 14652 34860 13669 6728 14853 12638 9984 3803 9980 14929 9156 3512 3291 14963 7248 9562 18889 3601 8404 32249 3678 722 6869 3245 3519 6858 8143 6755 2901 5024 3307 7952 6767 8696 4164 9172 2184 21856 14919 4273 8328 22223 3482 1853 4791 92 33175 2829 
9512 2008 1203 1455 17475 1939 22431 13906 23595 15272 15266 13141 22491 7354 15265 8369 1035 6983 1036 11511 781 12930 660 1510 32195 24354 9710 18080 4270 1373 11515 7571 2303 13486 31509 9663 11100 5787 7569 12528 15669 18431 8849 8381 15275 34570 34877 8817 13738 13480 25666 32174 1147 24320 
10062 24912 16824 16664 18937 16845 21678 19259 14272 16045 16858 21239 15932 20127 16762 20776 26959 18559 24397 27073 30735 17816 27093 3999 3958 25178 18923 22305 881 7366 12784 20287 27919 27198 11114 31354 7371 9081 13089 27099 16328 22399 16348 20116 25285 10987 22327 16797 16306 26235 29230 26145 17897 19193 20832 20972 5249 27272 3898 17824 17773 15859 21159 4001 24144 27432 23684 3154 25291 7365 27303 27284 18715 3928 27057 19786 3145 15864 10223 20084 20926 27456 26962 16726 27232 3840 25220 27065 16541 9636 20840 26955 16826 16879 20289 18744 21672 5248 21411 15955 20160 21668 25068 3979 27152 23629 25787 23741 16091 27135 22311 24773 27520 27302 33334 17795 3957 27457 11112 27501 26729 27055 28661 27579 14882 24484 18463 24810 27184 21279 3952 27276 27431 16527 28113 27767 24787 17910 25750 28299 22317 31128 29786 19479 16113 19528 2691 24948 27557 16268 25982 26823 30091 22257 18875 19914 27923 29708 30009 20920 20960 25504 23622 22397 25087 18387 27563 12788 16006 21914 4557 18488 3352 20189 1010 3176 27641 22698 16179 26256 26456 27249 16878 25076 24950 27188 17275 27569 27470 24520 887 27594 24779 16555 27581 23600 27659 26384 32881 27646 20940 27614 31397 27586 27490 28507 24169 25207 27543 27682 3972 21136 27285 27600 27640 3143 22396 25988 31291 
10247 4471 1595 1330 19885 1104 8194 18318 1470 3839 4483 13794 9431 16162 12383 29404 4435 1431 4441 12515 4257 4473 4486 9857 4172 13130 1260 905 1114 33815 2097 8372 
10281 18008 17903 17901 22399 27449 16897 20885 24518 20084 24793 19748 16593 14286 19745 24227 27284 16594 26434 16093 25982 18482 17276 4770 21683 18875 27147 27135 25597 16300 7365 16073 
10282 5740 22023 11982 33890 20665 25028 1887 3263 3219 13922 17475 13414 25027 31647 16424 2599 
10381 1050 4113 8989 3287 1065 1175 1330 7285 9666 4 4882 2443 3456 2704 25968 10660 1031 1057 4473 6264 10 1831 7025 28253 5367 256 17031 63 420 6386 12474 430 2978 9593 392 401 425 9595 459 
11510 8040 10530 11888 33118 1732 1343 14266 19544 8449 10344 10544 7764 22357 638 1764 14062 10520 8 7838 19479 25994 16313 25577 
11742 9778 2699 1818 10083 3285 929 8244 1406 1970 13452 12024 25450 2172 8252 6391 11602 1038 17680 
11918 11395 8313 3593 8341 703 6385 696 8317 691 8318 1935 2886 8647 11409 3063 34300 26480 5861 726 3300 690 9570 10792 6659 9569 5656 2020 4999 8336 2737 14212 3682 3259 11693 28988 2808 9572 17743 3590 2775 7147 813 3643 3661 21745 1717 3819 25298 15432 3804 8675 10479 737 2797 3291 3488 8392 3676 20500 13769 3594 8654 14220 1018 13439 8343 
12294 24914 23691 20691 3907 27404 17302 7359 20778 20349 30009 18259 29961 27274 32178 25218 20127 3150 10699 35732 25518 26955 16100 772 18326 24075 23023 27189 27152 19189 20122 23368 3901 19883 16516 22841 28249 20961 18987 24549 19094 16204 27848 16471 3929 35228 18183 16878 25506 16012 29204 21664 27601 14878 19518 27910 16238 22846 25763 16822 27300 3882 3143 29178 32216 19753 19762 22725 17879 34654 19879 32177 30487 17814 22834 29235 33579 14285 23330 10733 26729 28165 16018 26975 16197 16208 22500 30768 33538 24166 16320 34281 19522 28307 12786 29260 29170 33040 29659 35978 18581 32501 18200 20947 21421 27518 32773 15616 31619 18990 
12410 8732 10125 9445 1793 902 17289 9904 2231 2115 1802 7302 2178 2024 1949 3218 26575 
12533 18014 20916 18918 27189 16130 23166 16112 26615 18325 15990 23359 27630 28240 19523 23162 26469 21458 20112 17768 16125 32496 16357 20162 25289 25676 25597 16270 34604 
12642 6336 8093 7854 21000 12235 21001 9619 11164 7849 15774 5892 6354 21016 14008 2654 24743 32045 19071 9046 21030 9998 12215 5899 6351 
12929 10363 10356 24256 35526 22088 17414 8341 24273 10350 8964 6459 34115 24276 1448 10800 9808 6396 10359 28130 32024 30303 4099 12755 36244 24262 28043 2082 8220 
13001 16370 5753 4621 22660 3236 9453 5747 1038 5737 26929 1818 14600 14834 8473 9437 2200 16950 8466 4157 3225 20658 12924 9422 31117 4032 1810 5092 28055 7082 2160 1095 11976 4415 9860 7905 1696 26055 20496 7566 1946 1837 4459 5788 2003 11365 5776 2090 1977 5745 905 1105 5783 8881 5778 5457 2089 22531 12999 2229 26982 2358 20219 11242 9432 14769 30392 26981 19741 7060 19855 1426 20494 6464 13924 2596 3346 29373 14786 24940 11244 13862 12030 8931 5458 31993 7395 13835 10304 11354 12074 31526 32416 1887 22437 36264 8956 14819 33527 2424 30949 27874 7255 14820 14728 7257 14777 13858 36265 20529 28956 35713 13870 9449 14822 31991 15316 31112 3222 20682 35012 15839 12000 34321 5816 
13014 4802 3583 2853 5678 796 8932 4939 3076 21831 10378 6925 10569 5018 2015 12894 12164 13029 11250 5361 12151 
13045 6221 1036 8216 7038 893 7465 7071 15797 13063 1190 3273 25649 22415 7028 1209 19151 17166 8565 11511 7570 1044 13854 23282 17245 16585 4075 8218 
13435 3236 9438 1980 14757 9444 11719 20219 11326 16370 1914 35713 8946 13745 4667 9841 13848 
13980 1051 7 4322 1036 1229 2191 23148 2100 11503 13732 2036 1077 1155 17227 4297 9775 4142 921 906 13407 11956 9028 1690 10898 23294 1185 1031 4404 2224 1838 3706 7477 15844 1524 15265 1134 6571 5475 28782 2239 1187 15126 15951 659 13304 13759 11328 35689 11080 33042 1104 1102 13755 1515 9822 24223 12061 1075 5477 3376 26862 4261 7302 13480 1624 
13989 4106 1078 1069 10133 1886 1030 2093 929 7126 7752 2092 25917 2050 12925 2916 1814 1977 
14017 10010 10039 2921 10295 598 28813 4857 21326 4696 32341 8043 12960 617 10016 3470 12193 7997 5303 555 10038 
14399 3600 3684 3248 3245 8672 1935 3618 743 852 2020 10824 8626 1018 3784 10472 2809 
14581 4354 13744 12382 2634 16373 1256 33292 4418 1515 7263 13293 33670 30386 2257 1328 1478 20754 2516 3385 1487 24338 1385 
14748 26237 26942 27431 26259 27337 26955 20957 21414 27284 16202 18744 23091 15859 16214 20960 20789 29170 26461 21411 19190 27532 27543 27520 27579 27509 19518 27981 
15225 24153 20942 16767 17255 4785 23047 4007 16280 23053 24520 24138 3925 34052 25038 23073 22722 32955 24981 23107 16818 24149 25871 28160 28299 21666 10223 17895 5251 16878 21611 20857 16314 19763 14272 30008 26593 33746 869 16880 20674 7371 24732 24726 35321 5249 4770 16601 26586 23431 30807 35612 20721 21566 17651 16241 4772 23105 19761 24731 33757 19774 33380 27138 22484 33848 27060 24173 17888 17441 27354 25073 28527 33823 11126 28518 27760 
15238 7128 3254 22620 1904 13130 2012 78 11686 4621 7914 13123 28795 659 24380 1073 6635 
15354 21742 26376 5233 3636 6719 18087 13487 11805 20744 11226 10105 4331 7593 14536 10236 28334 4938 7816 34521 11633 14211 
15480 3651 8596 4952 10843 4240 12066 10221 3684 6271 12543 79 3676 14189 14925 3592 8285 7313 5911 701 11408 8018 708 14587 3627 14167 11375 5234 690 3796 4802 8671 8325 3245 3626 9171 4293 5284 8553 14911 732 14192 3787 5357 3594 3555 18975 14179 2897 5913 21144 716 3482 16157 4280 6017 3692 2880 11284 4939 9241 21831 2876 
15954 20858 25506 21414 26456 12784 20974 16038 18343 18499 21421 20094 25277 20349 21413 26473 20972 26195 17908 28386 20903 18987 36941 34001 34978 31635 3431 18713 26484 15986 3143 4010 3156 24953 33326 25996 3316 19950 23266 16076 34127 20526 18342 17255 29246 30430 11453 20350 27644 28839 28390 3210 31360 19526 15862 23599 11413 36134 36942 16797 33784 10987 
16698 1067 9818 17230 1855 16162 29404 17503 1575 13481 1068 2293 4873 2701 8764 3379 4401 1426 7090 2593 
16782 15491 12608 28067 3699 5669 9574 8412 23285 9214 10468 33408 10463 20593 6043 21359 17640 
16949 8784 8355 1939 1190 2813 4255 1256 10931 1129 1510 7786 1221 6216 1646 7038 9054 10133 15242 659 15754 23533 1685 2965 768 3218 
17076 15932 19120 23071 18475 14272 20788 33761 23046 26531 30807 28450 23076 26455 4775 16342 887 16304 15610 32062 23323 16266 4773 30768 23068 26976 23105 23053 18499 23096 22566 18877 23083 16694 21421 18948 24161 34078 22250 28160 25039 19763 25713 27765 20256 18870 27163 23081 16317 3149 16079 20843 4794 23383 34978 16797 21914 28513 10987 23059 23111 3844 23065 15819 7325 27763 31395 20857 29726 20209 
17154 27310 27088 22484 27601 27119 23652 30262 16287 30108 27057 33457 3919 28732 16018 27106 34638 
17344 13299 4640 15338 6436 4160 1837 10624 17418 6452 4647 12272 30112 24849 19152 22386 11088 11614 12209 9019 6841 13295 6509 1983 2351 6473 18432 9322 
17371 4259 7093 17225 13888 1163 19735 17241 28416 1094 5569 7122 1448 1405 9525 15744 10686 6456 30383 35831 11584 7174 7030 24672 
17479 31580 3629 32225 18161 7864 15491 4900 12904 15141 14863 28001 33653 15417 7641 10608 30490 
17769 18510 30255 31064 27607 23623 25279 14882 21566 7387 27467 24858 32293 23684 23646 27555 21124 34413 
17930 19881 27372 11464 32056 18442 19878 34870 3986 25501 16308 18008 30430 17866 15966 34944 26458 13527 16323 11124 16491 16787 30262 23266 20526 24573 24163 37017 16028 27725 24957 30862 36963 32161 34619 27476 27731 29280 15986 27193 34436 27597 11466 25672 34269 34659 28220 37218 35757 
18202 9862 8579 15561 26270 713 15804 7431 4944 7862 11071 5060 18175 17146 10776 10347 19722 4082 26293 5009 3760 
18949 34692 17819 30706 26434 23098 31718 23077 27763 32958 24162 30807 32952 28501 29468 29924 23437 32064 34267 23106 23057 24732 29923 29909 23096 25039 31305 32953 22311 19776 34180 23080 36385 31572 33859 33866 34539 
18956 11056 18769 10233 18890 25472 27941 30206 32930 9177 11065 3516 12064 4903 5489 25009 3797 11227 3801 14378 31960 
19060 16641 22479 15201 16099 17867 863 16112 15209 20855 18284 20946 23339 20972 14272 16828 27533 23439 18808 17888 16139 
19102 19960 10709 14521 13610 12119 16693 20940 16886 28307 19515 16188 6323 27030 35892 32219 16123 
19193 31580 29633 8693 18169 3771 5361 3320 14319 5177 11727 3629 3699 10456 2809 9986 6867 31581 8318 13025 12896 4999 4500 13039 13018 3804 16623 17743 13038 9285 5024 24452 12916 28950 9581 11123 4939 34229 5401 9557 5378 14441 5323 18170 11226 12330 8756 11636 32608 22434 
19551 8784 2569 10 11511 4881 7571 17290 31609 1203 8827 5484 9858 1886 4665 14736 4379 7276 29617 660 
19992 11650 1025 12 11 3284 769 721 6658 18763 674 12116 11403 13010 11120 2014 9501 7130 19709 3647 649 
20369 13145 14035 14108 11928 1361 7553 30792 14269 3119 25522 12947 10521 12950 20643 14038 7853 11356 19791 1747 4712 7674 11776 12727 1728 15885 1778 
20420 30522 6058 14191 657 29275 2782 23743 30626 8599 14394 19615 32532 36560 28287 33546 6053 13609 3684 8680 24905 
20506 12935 3321 3083 3577 3064 785 5271 798 8287 3639 2706 7052 7861 33489 12943 768 6269 16919 3807 8412 8651 7639 7247 6036 3317 2885 9151 5001 
21092 7753 13477 1970 2127 1059 7787 10595 5461 1036 8810 10685 6241 11511 26327 4643 2199 5585 13121 13141 1913 11580 20150 10 31509 13906 
21164 9280 9117 10478 22765 10839 9214 733 10841 9506 15704 30235 9585 4967 3667 25115 30140 7718 7703 15701 4953 2875 16976 19678 3063 10913 12633 5341 12541 4085 4091 13259 4078 2891 30337 31998 30515 29691 4962 30614 8544 10486 22772 7436 4080 24996 10825 10456 33606 9114 18967 7954 17117 32444 17713 6258 857 2835 17616 14828 10892 12907 5844 14825 859 3127 16251 29341 20460 10695 13609 27856 29539 
21249 27014 2102 16464 25616 12151 1136 1190 2434 31624 24848 6249 18047 13308 7570 9317 1134 12932 
21511 16808 28670 25078 7386 16911 3856 20896 30019 16278 21668 20675 11453 26469 7372 3931 15862 33393 16266 3863 18451 15977 34643 18878 33651 22497 16236 
21701 11262 5412 22570 28209 28460 31483 31009 31407 14265 15866 5443 31410 629 30777 5408 1728 641 18257 22632 5437 18239 25382 15874 14089 35133 18272 5436 
21980 24164 18496 30012 36634 34410 26970 17820 31572 34536 32551 24200 23107 24327 27621 20839 24166 24159 32550 30255 29494 27716 2698 23110 23079 30540 29920 
22049 19873 30308 1316 10645 11955 10642 13306 20750 32353 6501 5790 20532 7907 12496 1950 4892 20136 33149 16464 12492 34973 
22421 3649 15699 17685 2897 9579 4953 4919 25118 33485 18845 867 12616 3667 24453 7712 10374 69 3683 3318 6654 1017 3525 3796 10508 704 5232 5500 17544 19571 1826 3608 
22423 113 28614 15032 6013 19975 12422 12129 17578 21953 21455 17569 34285 14623 17075 3003 17036 141 3019 468 344 19911 8024 375 26394 21928 22901 15041 221 9915 12444 17308 26557 25952 2993 10630 361 24414 24045 17561 12442 31132 22007 12468 4805 
22646 24870 9259 7446 6061 11227 30159 30731 4087 12628 30515 5012 18169 33249 7739 7451 35341 20418 685 14436 
22774 21853 13267 17744 17455 3496 3597 3650 11813 4510 5059 29121 2020 13270 11806 28929 34388 3803 10463 7347 5279 36006 27975 21359 34272 4791 24061 36532 22282 33066 13033 33067 21353 12606 6198 9553 33391 34391 12849 15060 8626 703 10823 35818 1018 8756 
22837 9549 28918 33212 23821 26641 37385 23906 34845 34783 36048 4557 13658 17167 18801 20383 23503 23406 30865 36009 23799 26581 36487 
22847 21242 23734 25975 18489 5064 13083 27077 18988 18934 26469 20720 4009 28805 16015 3840 23109 22316 30085 30765 16940 32145 16183 27567 20916 876 7387 30713 21665 27646 3968 28666 23388 7328 30019 23313 13089 27741 33613 26461 15610 30537 24827 27628 3927 27670 16967 27058 17897 21548 29618 17908 3877 31336 16848 32496 18717 19515 18484 13527 11124 26259 21674 27377 27613 16038 18188 24960 14272 24186 16296 27653 21414 3952 28119 27674 21673 26948 3972 28385 16884 33368 27457 21243 29537 27292 27285 16542 21413 18558 29605 25065 22724 20933 3999 36101 30390 23733 24959 35871 18939 36963 16338 21422 27411 12784 34945 10733 26465 16325 30016 20349 26458 34398 13642 15977 35237 23253 18904 28839 
22875 21770 12424 17062 13107 21710 367 335 72 35226 20714 18 17059 456 23852 190 39 12413 14899 21810 154 260 31564 
23342 29965 13499 24880 10236 8278 3592 34734 18092 3620 32585 1709 12609 22133 15512 5382 3083 30732 710 18614 3516 1547 10730 5340 21463 8080 1003 3650 3498 8981 6026 32456 8651 3778 13004 771 6887 769 3312 28944 1542 2787 23005 12 2858 2958 8 4280 9557 14412 697 12893 11814 8344 15441 5171 7948 18069 24610 14560 11650 8423 10209 35509 87 14369 8752 0 2820 5066 17015 8324 6274 3291 24991 6795 24863 17743 7964 25352 9502 13558 7832 33189 13280 33262 14216 6138 789 25400 3661 716 17695 13586 13589 6268 5246 18790 12911 2748 3581 14407 35675 14183 5046 16224 786 26874 8594 19554 9503 32797 668 
23493 20332 35078 30325 6751 13650 4242 5245 31549 8424 13240 3688 10078 14320 19596 8688 13495 8692 13612 24058 
23721 5496 7280 14855 3598 7962 9364 5852 22227 34104 29710 2862 6835 19062 26382 17616 3803 29952 3584 20814 14952 9132 8314 4272 31168 32790 6931 13662 
23994 13353 11164 13348 13355 5030 6311 6330 26266 9991 32357 6292 36662 32807 32830 32820 27782 9874 13333 12533 32847 3214 31948 21048 31435 29380 21027 31863 35155 13365 6313 
24099 18986 16844 3972 7371 27035 3154 26458 16168 32860 21411 35095 26456 18713 27628 27119 27284 27585 10733 
24210 5465 9800 10133 12277 9710 13906 22438 1056 6582 9827 22978 1124 13760 33812 6502 37304 21867 4158 19215 
24683 12220 6351 28923 6303 9997 6332 6316 9991 21067 6335 12533 8167 5901 12568 20547 5880 
25064 23601 23678 14282 27355 25065 27850 13702 7329 19535 28707 23394 8767 31078 25902 17329 26337 23408 14127 14089 
25146 8654 14583 2835 30586 18982 19705 5396 15455 22074 3650 25558 36095 33935 20696 33697 33698 
25287 36173 17706 17616 13668 11304 5853 2860 2825 14937 17914 3063 14918 3076 5270 11808 6803 6753 
25482 1378 4426 22586 11574 23815 13378 26447 1506 7151 32241 1590 17519 15341 11720 4487 10092 
25537 5539 8365 2702 5 1442 8207 4321 9790 32228 26445 23882 4658 14668 24349 4911 9064 1524 8769 2189 2632 2350 8197 23569 4471 34610 6502 11098 2554 24168 14526 27707 3989 4772 20349 14462 1478 2496 22035 1129 29589 5540 2392 33201 11614 19211 659 19209 25666 7263 37807 9753 30047 1991 35274 
25839 2321 2440 20534 6403 20533 2295 26932 929 10090 4371 906 2541 12324 12346 9808 17419 2099 24283 22391 7296 12752 13319 20532 6249 12878 15312 3372 2366 10623 2348 8823 2564 6497 3708 31264 24361 35702 6517 6423 5470 17254 30916 19321 7636 
25856 9580 6826 8424 11638 8686 14388 14332 10241 9196 9274 14424 9161 14214 10331 14389 17723 31581 23508 23936 32143 3523 13274 31580 30233 7955 16611 22181 33177 10495 11409 1941 14211 35383 17618 30320 11636 13041 17178 5396 26572 
26497 17042 3031 13106 486 425 293 30200 26355 495 4840 29859 21790 5992 19812 22010 24053 28866 22819 16931 30203 22826 19179 21780 552 31677 21563 31940 28628 5936 24700 
26585 13081 3425 12717 1244 8946 7191 2916 11100 7798 4 1142 9311 1039 13094 7910 14766 12930 1057 1381 13900 2705 12713 1190 4387 1138 8376 8921 2702 11521 781 7038 5538 4270 13 8219 12711 1062 12697 1089 2604 2704 25031 24349 4662 909 12933 22438 15325 1153 6487 6190 9830 33812 1140 1038 15272 12403 7901 1243 1478 2196 1103 13745 8813 27903 8034 9764 31269 1068 24351 5466 7509 1258 9826 6502 3379 660 2188 1056 1524 2050 25573 7150 24646 1640 661 4339 2147 24324 11628 9678 12706 659 34458 20810 7786 24374 4537 1084 6506 1240 1189 24340 1035 19218 14974 12528 6543 15277 20319 9871 9791 13753 924 12645 26329 11511 10096 15262 1518 7626 1130 1055 23565 20657 1979 2350 2096 1134 1124 13866 1472 10876 1042 20432 7510 15265 2460 14888 13857 1330 4178 2365 25267 7012 6942 2933 5225 17537 2458 6421 23294 13906 5750 18001 11596 25387 4196 1114 11540 1457 4403 1053 1893 14419 1030 29479 19885 4663 21867 21866 4489 20307 14420 2574 2683 13307 1455 1555 4193 26174 2684 9525 7942 14978 4893 6403 1236 24378 11689 30875 9827 15275 12647 7108 2541 12328 6998 23139 11492 7508 1526 3050 11499 7062 30783 1496 12593 4172 23560 4567 24379 8840 13760 1513 1141 9324 12166 22535 22423 19124 23281 7070 34514 7635 20218 4654 18430 15254 7506 1602 22426 1913 6500 3272 11956 7511 25924 11950 25347 13138 37270 8849 7491 15684 2596 1061 1075 24392 15652 32049 15672 11334 37535 782 3715 8455 30775 20510 22198 15 24675 24323 30593 12149 8245 1956 4388 13308 36013 27955 20302 11560 37624 24357 5144 30377 10094 5083 5484 4891 20321 30599 34877 910 15651 31595 7187 1242 9320 2598 21313 19127 2584 30226 20317 12932 2036 2100 28725 1221 2064 12147 15647 15685 
26603 9339 22047 30737 9870 25134 26419 30720 2632 6563 7782 17519 915 2553 2613 2219 1521 31141 28440 8769 4551 10672 6079 30518 26328 12411 4602 31213 28044 9841 10364 2381 17912 12314 4366 1814 36213 
26884 19018 29710 668 22608 7046 14660 1542 31556 17447 10371 6272 7593 3087 3067 22223 26371 13033 7715 20726 17722 
27223 1270 7523 15612 4848 8003 6641 1275 4846 28791 35180 23988 20425 7522 8058 9955 26689 
27313 16410 9432 2381 10636 4524 7695 30682 11293 1607 3275 5094 11986 20537 33989 12758 2337 7250 10640 12755 21312 1995 9414 35275 17542 11631 15187 34429 1917 22258 12074 36061 34228 2032 5463 12397 1053 14420 3364 31428 31907 15683 12151 13094 9913 14468 2223 33421 2398 12304 30880 2147 
27463 18059 596 27992 3089 10018 9950 20430 12968 32342 37055 6645 27988 8003 5164 28153 29518 622 1269 22084 4846 10032 10039 10301 983 27991 5294 19055 614 1277 35319 37779 619 
27600 36158 12653 26367 36012 9347 27844 36187 23467 35516 11345 26774 8516 17837 30038 30847 25428 34628 5897 11342 12243 12239 23529 14836 6367 8517 37044 5879 35635 24301 8571 
27692 28991 12905 2965 14435 30459 13589 3497 6148 25342 17626 6742 6874 14919 6931 34033 26298 9266 25337 31608 11423 17631 9139 10203 6867 90 5396 
28870 23799 23429 17096 18839 17854 7329 16079 18372 17248 20295 28739 13703 26195 7600 24581 26635 5338 17339 20383 22723 6150 18375 36982 35473 18395 18913 
29623 8556 34613 13002 2767 9975 20510 11894 15 30065 2781 69 21857 4329 11067 29904 3760 2636 5340 
29779 6896 6807 3071 14848 7248 6803 7140 13050 3596 5381 32033 13446 8435 9368 30067 32188 19235 33776 25860 
30059 15454 3590 5063 31458 36519 2861 29391 3312 6764 8329 25056 9501 3817 3784 22230 34370 11422 31169 22217 17618 25932 14846 12783 26011 6742 3537 36968 3627 8693 29439 26496 668 36070 21409 29218 9502 27882 19637 28380 15443 18066 3600 4502 14920 5323 14921 12921 27835 17743 15476 15413 3512 
30353 8840 35992 31545 4665 2254 11959 4667 1104 26210 4443 1524 36915 1471 1259 32080 12143 
30621 26263 11466 27744 13493 17816 37918 22750 29747 3842 20942 16304 24952 31319 16809 16967 3953 
30629 26178 12271 36612 26095 6498 14798 10365 6561 929 906 3832 26112 5205 6404 18157 1638 35381 2517 9775 17185 1031 26175 13310 37561 13315 20042 2320 37278 10349 36812 12930 5826 26159 
30690 12635 3683 21360 11064 28908 4953 5010 14582 30208 24458 2858 13259 11066 7718 30327 21353 15477 24453 7442 11554 6385 16248 10823 30758 26812 2842 4281 711 
30722 25876 29521 1674 23895 9952 25875 4846 17093 3473 841 34499 19051 29517 12103 620 19048 23931 9948 29803 27876 4857 5294 22083 23983 12205 4150 12974 4843 2919 2921 29525 576 17869 28154 19037 595 8053 29523 22085 13006 13005 26686 36720 996 34209 7259 21580 4699 8465 29498 8457 4686 300 21978 578 19045 7538 17875 12086 8464 619 5304 23896 7535 7526 
30831 18889 28719 11638 19159 6920 36485 27834 37358 7722 20616 24456 14404 28090 17617 11318 13688 17623 14186 25580 8395 3806 13443 2023 5271 4503 709 8692 20510 773 32514 5680 12904 9284 5018 10462 26429 5235 33776 11226 3322 3626 12675 
31248 17078 21788 335 341 37157 12654 8026 36036 406 13108 15044 26779 33675 22825 19184 31565 3027 257 496 425 313 5367 34091 28254 3031 36069 22900 28625 282 9971 22787 36677 512 465 37591 36781 
31518 1257 9822 2527 1259 22036 15683 17481 5745 14787 4141 3379 1910 5825 9459 4072 4138 1922 
