34 1686 1687 1688 1689 1690 1691 1692 1693 1694 1695 1696 1697 1698 1699 1045 1700 1701 1702 1703 1704 1705 1706 
443 6677 9843 6564 4614 9844 9469 4633 4345 6469 4181 4366 9845 9846 4216 5076 5732 4405 4223 9847 9848 786 4608 13 6675 9849 1330 
482 76 10193 6723 6750 10194 10195 10196 6927 3683 6960 2855 7896 10197 3508 6756 10198 8310 10199 10200 10201 6136 4301 5019 5037 7963 7595 6269 7644 7139 868 9156 6790 3063 10202 10203 10204 
500 4113 4134 1121 5746 4121 5603 3273 929 4613 3269 10304 1848 1871 1123 2684 1831 1155 1031 4074 4372 5531 1418 10305 1985 4197 1139 2559 5818 6676 7576 1905 1407 10306 4217 4140 1601 
611 3625 11223 1025 4911 11224 4293 3604 11225 9574 11226 7702 11227 9217 11228 6151 9286 8966 11229 772 10752 10482 11230 5074 7879 
1146 4200 2684 3739 1391 2584 5191 15322 1152 929 1848 1322 1187 1031 1102 1109 4076 7574 4364 7450 2686 4488 1145 9764 1487 
1387 5757 4451 4177 1043 2504 1075 1802 1932 1060 2160 1805 1391 2274 4168 1640 1045 6614 1604 7751 4027 4129 2222 1854 1837 1058 1145 1124 4263 1196 10672 1843 5803 2125 1721 8907 17209 7485 4135 1117 1638 1104 4160 10972 1033 4159 918 2972 4390 3275 1803 7903 3738 3260 1068 2559 4155 3218 12494 14723 920 8909 15843 1557 5630 4018 1207 4 929 1799 1969 1247 1875 1832 4200 1317 4476 1402 6211 2667 2162 5603 2310 1452 2443 4454 1975 3750 8923 5514 11877 1833 7786 1561 5191 659 1973 1089 1624 7341 5196 12383 3752 1473 4257 1053 2147 5595 1761 17210 1164 7047 4872 5781 6207 1106 2334 4484 9707 7902 1383 7339 5531 4126 17211 24 1460 1100 153 2410 1320 1133 11828 1057 8558 3457 5078 902 4360 1334 1255 2584 1137 6242 3724 1504 1828 12353 6187 12934 7907 1439 5 13794 9712 7254 1062 9747 4032 15662 2682 9209 5219 2487 1072 2245 4031 2051 7395 2124 1070 1102 7195 1111 3371 11753 4299 1946 9898 1661 1251 1556 8267 1484 5120 9431 1923 4618 4327 6306 15734 4158 1176 16423 6387 7944 5610 2037 7822 4270 8248 8952 6104 4193 1865 8563 335 1903 2614 17212 2687 436 1960 2700 7752 3267 2686 9002 15628 10773 7766 2056 2699 7250 12437 7197 6942 8201 1696 1882 17213 2005 1429 1257 17214 17215 9007 8238 930 7492 8557 3338 16220 1030 12356 1982 1553 3294 4548 1069 8265 1244 1128 1189 8261 1142 8355 8716 1830 12867 152 17216 1493 1039 12654 150 7562 7750 660 5468 11822 12581 4387 16430 11353 2120 1593 14611 1122 9314 11599 6922 4541 2055 9754 14776 1077 11584 1109 4296 2079 5528 1438 17217 7152 8953 1820 2445 1169 6576 6841 17218 4260 8214 17219 11614 8026 10635 1879 15193 17220 1617 5587 2052 10145 10718 549 62 17221 4398 3740 8806 2822 7759 5485 1904 1900 1898 1167 7019 1218 9720 7465 1413 7176 1240 4015 4205 1855 8784 8799 11017 5471 9788 17222 17223 496 2021 1970 1979 4388 1114 2227 7910 1038 17224 17225 4372 13887 14294 7570 5620 9026 6666 2163 5195 7128 5756 9800 1496 7013 17226 12751 2542 10934 1161 15147 9017 1232 2242 9671 11510 9054 17227 2508 10133 2043 17228 2593 15331 2126 5473 9016 7084 2301 15115 4258 8365 1222 7108 17229 8818 2330 9324 2663 2050 5487 2701 17230 4021 2196 2199 1948 4102 7159 9702 13389 2114 1646 1590 10118 7915 17231 2038 11617 7302 17232 268 4030 15528 17233 2916 15158 7119 1036 149 17234 10005 3741 2378 17235 2233 11860 5080 1135 1256 2072 7793 17236 6487 17237 8773 3729 13460 15733 17238 13760 17239 2172 6572 16585 1636 5563 9775 11674 14359 900 11682 17240 10900 1184 4570 9397 7006 10139 7820 17241 6995 5530 2602 17242 17243 6996 1635 17244 5569 1096 17245 17246 5478 13857 2543 13753 2350 1996 2427 8853 7460 2234 
1565 1798 10883 11981 7299 8894 6235 4146 18352 1331 2236 10657 18353 5531 6077 1187 1315 9311 4119 4634 18354 4608 1097 1109 8208 1235 1976 2910 5785 10253 4260 6587 5225 1026 9380 9736 6084 4032 7208 10356 18355 6099 10746 1104 4224 1030 13007 4338 1090 4134 5818 3732 18356 4544 4445 6573 8221 9735 3050 8269 6104 6092 17555 5765 1504 2443 10853 13 18357 12010 18358 3 2699 18359 9751 4207 18360 17925 18361 
1568 7954 18364 8664 1937 868 12261 7228 12638 8406 6862 18365 18366 14929 6870 18367 7280 
1658 1045 1069 781 1054 1141 8224 4892 2684 2110 4328 7821 1384 1053 2050 6922 10 5465 
1688 6282 3257 3397 786 3411 3399 943 949 7212 812 7597 2927 2718 2928 4284 711 1716 2720 7321 616 4983 8121 8131 7271 
1701 633 637 1338 1364 5431 9814 1788 14047 19304 13978 1736 19305 19306 14005 11931 1757 14130 19307 15876 12803 18241 
1707 786 94 4241 69 2635 0 783 2022 3701 7424 2755 82 1717 2767 4310 1718 5156 688 2908 93 3760 
2046 8473 1145 2104 2686 9417 9062 1062 2050 8258 1471 1330 1114 1069 1321 4334 8831 
2081 8 2739 1717 1665 2921 4677 6066 565 10034 3472 139 157 4301 774 2801 432 
2120 2771 5869 762 4284 657 3508 704 696 845 2014 11284 4912 1934 772 12564 6354 1015 15869 21527 3245 
2132 1320 1321 1073 1326 1383 7198 1327 1971 1983 17926 1329 17689 4562 14694 4327 1402 1336 4460 2603 1113 10102 11918 1317 21428 8535 1330 3705 4879 11747 1249 1459 15078 7202 17726 1056 2686 1561 5518 4202 1429 4257 6228 4402 21593 1132 1200 4488 11279 1380 3749 1314 15149 1901 4144 7195 1334 927 1715 2685 2293 2701 890 7778 21594 7200 6569 10251 1240 11596 1115 2700 
2139 7298 9881 13183 16419 3724 10975 4514 10976 15323 10978 1688 12869 1962 1048 5785 1696 8201 2047 15823 5811 1964 1102 4477 8347 8927 9780 15324 1887 13223 12135 5097 3358 15797 3378 9685 1440 18016 894 6264 13484 10635 4122 2262 2531 21603 4337 21604 20448 13906 1244 1810 20537 2608 1257 902 2248 2438 21261 21605 13414 11540 4261 6259 19898 
2328 15973 1339 18140 1738 10521 14116 1338 10515 1746 16650 14017 977 8444 1722 1759 22061 5409 22621 15869 7729 3125 10541 1727 14138 22060 11439 18149 1739 15849 22622 14002 14012 3093 18304 10532 8450 5406 1728 14005 1762 22358 646 14004 7686 22342 22623 22451 22058 1765 22341 22063 10547 1775 10985 1280 1787 11767 1302 15871 22624 18228 11888 14070 9404 10537 2703 10343 14266 15872 1355 22345 1295 15856 11262 22625 1305 22626 7761 4778 16675 9644 14155 17433 12720 13397 15870 22627 14497 1750 22628 10524 13145 1349 3327 10513 14036 18222 22346 15913 22629 14132 14064 11781 14492 18274 759 6475 22630 22631 958 19547 5438 18257 18242 1790 22632 968 15866 15874 14087 10702 1783 15876 22633 22634 22635 22636 22352 22637 22638 14251 14044 22639 22640 22641 22642 1767 15915 15887 22643 22644 22645 722 8634 3281 22646 
2381 20491 1887 7973 5790 5630 2045 3342 10902 5743 2607 7389 7256 6260 1502 11487 12000 1031 4256 22885 7750 11830 9847 20053 7822 3344 16416 2011 7254 1104 1600 14598 1821 1910 1245 2077 18050 6383 10901 9425 1050 3335 2043 21514 22886 12701 5628 1423 9898 22887 
2385 3512 3515 5046 1684 5355 696 4270 1065 710 2835 2801 6134 10721 11614 690 8596 3773 3130 4910 3593 4915 2791 701 5356 716 2964 22894 2784 12 22895 22896 6049 1616 1172 2050 898 1088 2093 15104 22578 15290 6381 22897 5097 
2422 4149 12694 6443 1143 5753 4264 1158 2050 4157 7487 13175 15183 3269 1240 913 4555 1075 8803 1463 11022 7699 9020 4435 13716 5209 2206 4126 7176 12388 799 8796 6246 1155 10880 2089 1881 1439 1955 1102 12590 2974 2236 1879 2009 1318 2085 13935 1038 3346 18664 7124 5518 7043 4320 11676 11588 11618 11027 1995 7025 5471 5464 1478 6694 4178 1808 23122 7036 5826 7302 1087 13892 2624 2602 922 9092 11716 1818 4099 22420 2523 1153 20728 1515 11503 4602 2121 23123 14983 2259 10133 7126 2067 1193 4517 13053 7119 3455 2466 5538 7485 1426 8781 1203 4103 2244 19541 7037 23124 10592 1135 1105 1639 2159 2123 13754 4471 1051 8784 10134 2149 3357 8558 4106 1055 1190 2161 11992 19208 1896 2224 5785 2972 1784 14741 1114 13800 23125 781 2229 668 1256 16947 1437 12151 2320 10846 7476 4641 8376 2008 2478 6502 23126 16585 2379 7571 2301 13098 15796 9822 23127 11498 6503 8267 20144 23128 1406 1244 8034 9883 20411 8815 14420 1189 7900 2482 8824 8959 1642 2317 11983 1875 2600 23129 13759 11592 12763 11954 1993 929 1527 17663 2295 7489 3635 2821 1826 2365 5811 23130 8745 1911 1031 22423 14769 11878 15277 1661 13064 8205 2360 1058 23131 891 2678 14756 9801 1926 1842 4102 
2439 17467 23193 23194 13197 23195 23196 23197 17355 21587 15605 23198 23199 23200 9814 23201 23202 13200 17350 23203 23204 23205 21579 21488 17463 23206 23207 13203 12806 23208 19386 23209 23210 20313 23211 19407 9799 21576 23212 7259 23213 23214 23215 23216 23217 23218 19437 23219 
2446 3294 8869 11588 1804 4261 6951 10790 11610 1784 1193 5530 1828 2040 1811 11599 1610 7179 10975 5532 13063 1970 7394 15844 6577 1908 1929 2154 4415 9016 13130 1237 4190 11916 4654 1202 13208 23284 1598 1577 7296 
2469 1543 728 8454 8653 6667 3326 2746 2643 7319 993 582 4681 10280 565 591 2921 5165 836 5161 2719 7613 13010 5147 13653 
2609 1240 9311 1057 890 1320 1598 1466 5465 8194 9702 1249 10591 1102 11547 2064 1136 1130 6433 10900 16585 
2727 17593 17955 19371 24436 24437 19379 2779 770 7607 9073 16496 7601 3355 14307 3147 24438 24439 6351 18706 13349 24440 
2922 13009 9726 3600 722 6819 10370 3591 700 3640 2878 10218 812 11803 1707 14687 768 11701 2179 6159 2722 4332 4586 2012 2759 5678 15 
2966 4893 649 0 3129 737 8 2714 2022 6668 3497 4497 7875 709 1717 4277 88 3498 12312 6654 786 
3036 688 2686 2509 2147 1090 23294 15825 4475 1257 2969 16389 25460 20137 2057 1062 4569 4369 2974 5364 10248 3275 1713 1114 2823 2761 12827 5020 
3038 13535 3641 5234 6895 2867 2895 9214 9101 10377 5235 3807 692 668 7433 8636 24059 3787 
3355 17588 17347 21481 17487 17501 23198 21500 9814 17369 25634 26115 17587 21484 25630 13197 17579 25395 26320 17946 15229 25686 26321 13193 21479 17352 24064 17589 12781 23866 25101 17951 17354 17965 15225 15605 13203 19406 17367 25552 21912 26322 17492 26080 17585 17595 17462 25828 26323 21572 15227 17596 26082 25807 17473 17488 17590 26085 17967 17944 13199 15606 19994 19433 26122 23212 21495 19395 17489 23206 25637 17582 17463 17594 19459 10566 25397 15221 25392 17469 25549 23865 17348 19377 13196 21493 15215 17494 26324 20518 13201 25391 23015 19390 26081 21485 21476 
3439 8303 7240 2182 7713 26549 10830 674 4091 3317 2782 852 2867 7432 766 2737 3323 1446 14843 2844 2835 4918 5235 5501 4078 3671 2848 6960 3512 3502 3313 3655 11728 2870 12684 2899 5282 2779 14179 6958 20265 668 1710 25578 2788 3684 2886 714 4092 4899 7960 2858 4274 11389 14669 3647 19598 3784 3787 2841 2012 3567 3493 12849 3620 13787 11304 8656 26550 6046 2833 20342 9192 3807 18633 25411 8661 
3479 2748 16976 2936 2801 2804 4939 2015 7247 1853 1018 3603 6060 2851 3600 11693 3529 4498 693 1935 649 5148 11705 774 3661 3309 8626 19604 3502 6053 2858 11732 3784 7720 8683 5357 12166 5319 9550 6747 3811 8597 7645 3779 653 11403 2906 3595 3804 8660 8313 9104 4933 26647 795 6270 3489 19270 5322 8645 21829 3605 8328 7653 5913 15419 14194 13440 8665 
3589 15376 297 311 17153 12448 4592 21972 2707 2965 2736 2708 5550 222 112 376 33 221 39 
3618 9486 10368 6201 6202 12886 69 4325 3760 722 737 5678 3422 1537 783 2012 2760 3593 2737 2942 
3747 6389 2110 2255 3294 8936 5743 8563 7520 8909 8910 12999 2605 3265 2079 9431 8488 8558 2664 11716 2045 
3752 13652 6981 11057 28014 8667 5271 3678 15407 14652 24935 8346 1933 7453 2015 28015 20324 
3932 2765 4863 2725 2737 762 2806 4996 737 8137 770 2927 1015 5178 2767 2908 2866 2769 
3970 4791 22894 5499 17124 2721 813 709 6129 8606 8011 3356 2742 4902 7982 6726 1005 2774 28065 6670 5173 9140 9245 26699 8635 3783 5353 
3988 3077 1002 5037 2845 5794 743 3081 11071 25897 6883 26923 5172 9109 8525 4301 2020 9250 20695 10427 5852 14920 24715 5012 2658 24593 21862 3076 6781 6836 28430 16250 5387 9502 7711 15476 10406 28431 12015 9284 2168 8399 693 3627 5020 21625 5386 24873 28432 12330 1718 9501 
4035 8179 1696 4561 1189 4323 1559 8915 4603 8348 23597 1928 5761 8365 9652 5451 8927 3367 8176 2666 
4146 13520 18592 25597 23471 21159 20802 28854 24147 19776 24169 19755 24651 16596 28452 18730 28454 19745 25066 19790 27864 19778 28855 16599 
4277 1251 1230 5789 2320 12578 11603 2087 4465 774 784 14979 7008 1470 28611 8565 2135 1190 4017 10086 5731 1135 8778 2056 1616 1804 2071 1831 1696 10700 4031 7487 9789 17232 2161 11080 1257 8562 28239 16990 1846 7753 7502 1817 2517 
4331 1121 4254 3278 13071 2191 4454 4415 9745 4569 1983 22029 1318 9018 4880 1170 4219 1250 799 
4420 16423 1052 7038 1057 7000 4125 1170 2700 1625 1065 7944 7786 1721 5577 9095 1098 7804 4 774 1716 778 1133 1036 27997 5 6567 1069 1646 5208 1157 2699 660 9721 
4463 20249 3355 13089 7365 2695 16403 18461 4794 21516 1010 1020 29656 23412 17865 16123 20162 23019 17747 15987 16333 25062 17276 18719 3431 16049 16022 3158 16908 7371 18931 21812 18188 16703 24538 16694 18943 16018 13528 16951 2698 19190 29282 14276 21523 18334 19519 16789 23968 16671 27633 16050 21287 19512 12785 16241 20349 
4509 11058 851 6918 7216 3768 6753 9105 20725 8598 2827 2835 19583 6032 14183 17623 19838 
4524 16872 27095 3928 12785 16168 29780 16022 28670 7380 27701 26727 15952 29781 18494 29782 16653 
4629 9371 6844 25964 3494 2876 5683 4953 5666 14568 9244 29937 5663 9217 10490 844 2951 847 25115 10829 3479 4956 10427 2906 20743 15083 21142 2959 10077 10807 29938 26064 12764 21186 14168 21816 16376 10806 5677 29939 20057 5245 7642 6047 4894 17696 28356 3811 5658 22153 3777 4080 28055 
4939 1240 8959 2684 927 1057 7759 1455 918 1145 7822 13301 1138 7450 9751 1256 905 1104 17727 2064 5778 8921 781 9311 10134 1114 16592 1250 1498 1140 7904 
5106 860 4492 12066 7544 3690 3664 10696 3545 798 2899 5282 3556 9370 7216 6817 3639 12941 10866 4726 10377 3614 3678 6928 1546 2964 5357 9139 6151 2804 
5109 2655 4068 4069 16394 3215 3209 2652 3837 3206 6332 12222 5883 6316 15792 2658 6303 10722 
5330 8955 4539 1818 7925 4283 8810 4522 8191 7885 1428 7016 10784 1596 898 6242 2700 4621 1086 1509 5212 897 29262 25248 24851 10594 
5372 813 13052 15482 3591 7865 20737 28999 4922 10436 2965 25655 10630 28004 31046 28870 31047 3245 26312 14656 3083 
5475 23646 27413 20768 15960 11473 13618 13089 29282 18337 3922 18937 27144 18461 18456 11462 18437 
5483 6237 24847 6666 1439 1204 2684 1785 4215 13470 1874 11612 1189 1848 7203 18001 6586 5481 2278 9790 29344 9835 10059 8987 2232 11643 11908 13720 9460 31261 1904 17208 4270 21311 3272 4023 1150 31298 5548 23892 6180 9522 21162 13898 11480 28413 2617 6695 5117 6027 743 10048 845 843 2206 9763 4193 2702 1221 1044 15844 9470 2098 11277 13797 10244 6387 4172 4208 1095 1243 2699 14622 15154 4547 10788 9650 14590 21595 6564 7097 7049 5136 2501 24844 13467 2479 11899 7460 2443 29590 4296 12029 24968 8744 6175 3702 31159 10251 7753 13297 1713 12584 12009 12053 17287 22415 4455 2108 8946 11487 2362 8235 28231 5537 11820 21872 1210 9676 23142 15749 17558 11978 2972 15127 8719 2253 1641 20317 26069 10756 1795 30392 6190 11325 929 8823 20217 2169 905 6543 3449 2068 17557 1928 13428 12711 15259 9802 2328 6241 904 31299 1218 26712 12114 6636 30103 16983 13064 3361 1526 2327 13081 6582 20799 2054 26218 12360 4220 17536 5837 4102 4648 2224 911 1831 2542 2103 26327 13477 9711 9728 4073 30348 13478 16743 2512 6939 15251 8367 31300 13839 6686 6955 6388 1589 28458 
5519 10547 645 10777 7737 1281 15858 1748 1724 19791 1735 1734 958 625 10985 14558 19354 1722 21608 1726 
5539 3966 22717 11466 27290 27161 874 13493 24651 9610 18559 22321 28324 873 16404 27190 18525 16104 27088 20762 879 18901 21620 16353 24235 27410 24837 31446 19488 3174 26958 18934 27428 
5550 7822 927 3371 1111 1458 1152 1031 10251 1483 4465 8184 7450 1138 1073 4515 1455 8258 1149 1330 7750 1999 4339 3832 1250 1121 4327 1187 2139 905 13762 22417 15622 9628 786 13288 12529 5110 13892 1509 3050 8810 898 7489 1259 6433 13715 4459 1166 15602 1377 4569 7944 4425 10627 4257 3379 1244 14294 11510 6224 11960 6587 2362 10593 11326 1614 2705 5518 10096 9775 13098 1053 1165 8152 11520 12912 13745 1457 9061 31464 3268 15749 10659 909 3425 19162 1042 11501 3749 1237 5473 6649 7631 1526 4517 13 1426 1482 11660 7792 7916 7150 8809 4259 1421 1993 10247 2915 8832 31465 14596 7035 
5611 4859 2744 710 656 7876 75 3426 703 774 648 2902 785 2017 8409 9621 5492 773 2014 
5681 15363 17061 72 248 15595 401 199 17028 22752 185 21932 21433 111 23852 424 19107 21959 31604 313 15043 4836 240 22787 12473 21882 17034 13102 31569 26768 31605 21768 28268 6011 31606 282 31607 23851 5929 318 14901 511 418 
5682 2928 2718 2953 2835 2022 2737 77 2745 1084 12309 7153 6170 6992 1036 23720 1089 2405 2683 1624 7038 7 4445 28020 4259 6939 6973 9811 3287 13081 8818 7503 4 1129 2422 693 3332 9498 3506 7980 769 25146 8528 25671 2582 13180 
5683 2863 5182 10605 3683 6795 3647 17455 3291 29496 24602 7223 6861 6927 3324 10104 5351 7953 14388 796 8667 29329 
5824 1725 1777 13907 1724 5435 15869 10776 14494 628 7686 5429 651 5431 1756 5413 10531 10777 638 1723 633 1740 974 1338 645 1355 13974 625 10530 737 642 7674 1280 10521 2718 1770 1717 646 8629 688 721 
5862 10266 12213 9299 11195 11194 8163 13964 8522 17265 20395 12552 9031 5897 31816 2654 6594 14518 10168 5892 12218 8515 16399 19818 8090 5884 9996 752 6346 3213 12220 6300 744 26079 17314 7844 19927 8517 13638 5895 8093 9990 13340 14609 19825 624 14115 11196 754 20823 11176 12247 25128 17263 9049 5894 6334 6328 11697 4064 15771 30678 12250 24095 20243 12280 23037 14605 7848 19822 10581 4070 11180 
5877 1711 2014 1826 768 1853 10612 12938 852 3625 1583 2910 1969 4503 4282 773 15181 13574 91 4860 981 2706 797 694 2023 23748 783 2788 4498 3281 3259 15145 4164 9574 1541 2889 4502 814 31838 31839 31646 
5930 1189 20305 9744 11572 5637 8788 11599 2470 1896 4601 8252 1820 3230 3839 8770 7104 7042 6922 2974 11601 10321 8865 5749 8774 5213 1595 6581 2172 1105 4602 5480 9357 8763 6584 2554 8822 
6074 9329 20273 4373 6094 6432 2593 2050 5206 25403 16459 6399 5471 12512 11088 20276 13134 2918 32016 15101 6459 6425 6395 24266 32017 6498 20041 32018 10359 6404 11576 1515 14456 4393 6468 9010 16449 10364 6514 13766 27921 12272 18855 20024 19196 20025 24277 16457 3821 6427 6453 14631 6419 10358 3600 1718 3259 915 20363 19195 4608 28020 30060 12128 20284 7395 20274 6460 1696 6536 24284 6510 16455 32019 888 32020 22386 1504 32021 15642 9346 25258 13209 32022 32023 29702 32024 7042 11487 32025 6580 32026 31215 32027 1245 18157 9342 20308 32028 1043 31265 25461 10 22100 32029 13768 32030 15659 7 10365 11535 7488 4357 32031 4365 31158 18431 6489 6545 
6084 2191 5520 6615 11590 11019 12590 10271 5524 23813 13820 5586 23580 24220 7977 10778 32041 4102 1924 5786 1555 2126 7290 12700 12716 3273 3344 2036 4334 1170 12364 10674 23614 
6088 5372 2895 3609 7439 9365 7815 6820 4939 3524 2880 1017 5279 2906 9244 8604 9280 30141 3651 6385 
6328 380 28253 29554 17075 29718 17016 418 22198 3026 32285 32286 26356 21456 15368 401 32287 
6341 13187 18138 15879 19294 1728 30316 11271 18415 22928 8494 11801 12727 23922 13969 8085 30819 14264 12956 11768 12947 7853 18257 19791 1723 14004 1725 19938 14121 17433 14105 22911 1360 10343 1308 3115 1741 23779 21252 14080 30797 12796 26245 21249 632 26281 13982 5419 956 17839 14073 14038 18267 14093 1773 18247 11272 26860 1747 
6355 23536 28851 4634 16450 5615 20275 4366 6613 11085 32323 19536 16442 13219 27012 18658 6217 10946 10944 4608 19861 3710 22574 15621 5541 13 32324 6155 28843 1553 10681 4623 4371 29845 10677 7296 15811 11565 4610 7096 4626 13375 4390 30112 6397 6452 10854 4435 15800 13209 14299 4734 11884 25404 18656 9779 13218 13876 18654 4445 7115 22867 9857 10945 5373 1784 30281 9068 25234 6557 6578 29372 10089 17994 16220 6443 4654 1235 18354 18657 31052 7885 6070 6636 4038 9856 22024 7208 4514 1030 1156 8223 2126 1970 13374 12359 4337 11541 4346 17183 11330 3744 1696 10855 27820 8477 12061 9432 3340 13931 2178 7302 2244 3451 1702 19946 32321 15840 2608 1231 11242 2066 3230 3265 1706 1887 2224 10676 1813 25028 11240 2379 12151 1894 32325 32326 8886 11999 3363 8478 8937 3382 11944 32327 11254 31521 16246 21502 6500 11860 10994 8491 28055 9866 9904 22873 4205 31994 19134 13413 9614 4555 7489 20796 9363 11256 11246 27770 17384 1413 14781 26826 11937 5477 32328 32329 12047 30398 5258 5776 2087 1193 
6455 3162 18599 18199 15987 17276 16080 16692 13520 22828 3842 18456 16028 24795 15955 11454 9528 16644 3316 16649 15953 8876 18558 3968 3998 23022 17894 16639 18185 16630 16093 18325 20857 14274 17900 9643 15984 16804 29705 17326 25891 12784 25763 18518 16856 19488 26527 17909 17902 18956 16097 16662 27449 18012 18014 16098 15932 26598 16033 5249 17897 18986 16860 21412 18511 16653 25518 16661 21670 3996 18937 16000 16783 20111 26952 22537 22719 25998 20942 3999 28384 30469 20120 25279 20789 24779 14286 27762 25082 28104 32420 27315 19545 27853 18482 18465 3156 
6501 2020 657 9974 22129 712 7130 19660 6134 2964 1540 9889 82 9569 8172 796 7453 3625 2709 31939 3550 28894 786 21745 29093 3052 5328 3255 2022 79 726 1710 1551 21263 20400 3312 4314 13026 711 4497 28901 30641 
6535 2846 7544 3490 15029 4996 12619 32538 10376 3284 11730 15030 4943 25298 10393 5244 6058 4895 5842 14843 24252 5002 10890 3628 6041 14667 32539 3312 9250 5235 2853 9258 3788 4920 7953 2809 773 27798 11398 3606 10834 3618 8308 12687 2182 4274 2927 29145 14325 19430 11403 19020 9259 3255 4796 5656 5018 2906 3539 9576 3650 31553 6144 14932 2859 12921 5913 9247 14191 8412 13593 13788 18624 15422 7138 32454 2944 10458 19634 4993 25256 5868 13048 24863 7658 26786 2880 3291 12906 11809 12617 14333 10470 14324 10463 5844 2842 21301 20061 31786 13508 7227 15465 7245 10467 2731 29351 5175 29279 7229 19646 32540 
6596 14839 16343 16833 15986 16835 24125 19171 14272 19544 20289 18987 17255 16902 7371 7375 2694 23679 862 3863 16730 16123 23167 18990 14275 16028 16273 22828 14276 13436 3856 16076 16767 18724 
6651 3647 3597 3519 6819 7583 4293 3626 2020 5499 11898 7423 6026 25895 2897 23442 13653 774 3242 2777 31439 3618 2902 5068 10895 3792 90 18089 28356 16385 7950 3300 2835 20639 6670 2014 7722 3629 3493 11318 21685 6861 3503 6058 3291 2012 1001 8547 6815 10614 6738 773 11 1025 3763 2889 7593 3637 3788 1018 845 19017 4657 673 3778 30619 31146 2798 11073 2786 6385 9191 10052 7247 7224 11693 4091 11395 2015 4938 3510 15491 3777 13274 9173 7235 2896 8644 8672 8750 5845 8341 10450 852 11733 2944 12017 695 5024 9891 8436 
6765 11778 1796 11781 31967 10723 11266 1787 13976 11926 11775 32737 13965 22352 1742 14054 13983 3096 13973 20652 1276 836 23990 586 12111 10042 10044 15070 7534 8004 12108 14512 12102 5289 3466 12084 7998 9964 10025 26688 9485 8051 10022 29379 1267 
6990 15438 6053 3317 8686 860 672 5063 3633 3603 3648 3577 2184 9574 11245 33048 5351 19638 5014 7146 27933 9564 9567 10834 4081 3356 773 11894 4101 1025 30483 12 6258 6278 13676 8635 5697 3635 11045 12885 3418 6742 10953 2820 8696 8281 6729 768 4293 13558 10450 4963 3661 22272 11418 4109 26699 5710 743 20340 4955 4796 3677 7833 7959 6861 1826 19682 5285 32167 843 3510 28137 88 7261 14165 13495 793 13015 24878 17055 25519 1940 24879 12606 12898 17597 11037 18646 2858 19670 17863 3601 11001 9172 7702 9367 13022 10398 7414 3583 30156 2951 10418 30157 19065 6200 9153 12117 13251 19662 30641 33049 20418 24883 798 2866 15414 845 9368 3788 6062 11810 31481 15426 32404 25596 24711 3076 3081 
7128 7815 3313 2788 2841 3493 3651 3620 2779 22221 714 5001 7652 26550 6046 9192 3305 2844 2833 2864 10394 14188 12167 2858 3787 10414 11389 2870 5854 5868 2015 9117 11400 9585 8342 10449 22121 19683 8692 7246 4999 5026 14391 5401 8690 
7132 19776 23932 30005 16655 7359 16091 18708 9641 20118 23117 3999 19765 19753 16835 25992 31640 20122 19790 27636 28731 
7443 3734 6971 4427 7016 4441 4102 1594 15318 7124 8271 918 11833 7071 2343 2099 3372 929 14668 13477 20317 6487 
7555 7890 12938 24990 28609 667 2851 7700 6795 773 11380 3777 20057 3755 11726 29114 4330 6628 3791 13683 12936 3593 4948 12327 4498 20470 14864 6198 11286 668 10438 9574 5063 19270 29327 4589 13016 5340 8529 7262 33472 16377 845 10952 28182 6278 19847 30744 12617 10221 
7637 18051 8176 8483 2085 2479 1604 5563 915 13078 13811 2445 1799 1422 20357 1809 7799 2092 1037 1797 905 2073 2609 5755 5578 7471 4134 4517 16590 1066 30369 11847 918 2048 24929 10873 1053 8537 4072 18854 8242 2189 11907 8192 6077 1492 1428 4448 3295 6214 9424 2093 10643 7827 17382 1473 4032 4394 1329 16443 1888 9872 9322 7161 11538 26714 4191 12718 11565 15099 4180 
7748 16927 274 16931 14709 3032 232 311 36 2978 9594 14506 5935 5997 14904 9595 181 17029 12662 10758 471 39 9593 300 121 5974 5996 3011 257 295 10760 4756 485 21944 169 9615 457 164 171 4752 251 401 19184 
7758 16675 3907 4775 16118 3914 20007 20839 13520 16084 20290 19510 20776 3852 14527 29967 13518 18737 25514 3147 10281 16075 18349 20855 3155 16868 16869 18325 26962 29729 26619 22538 27904 7386 30012 16241 16740 16826 26979 20162 14276 
7789 11 2742 14331 2902 18790 30345 981 3258 11700 1025 87 2944 8392 6142 1017 88 722 0 1529 3245 3486 2782 1717 9501 7980 11003 22129 15512 7573 11921 826 16358 9486 21700 4312 868 33683 6138 774 810 17919 2737 2867 7878 23533 3491 2791 
7815 7374 15596 2695 20837 15207 15608 3161 20930 886 24196 20290 16696 16093 19952 18323 27449 18200 16660 18530 17276 9531 3874 18988 13698 3996 18185 17010 3998 26527 20838 15979 27529 18532 29260 15955 33710 26463 
7891 786 8388 3768 32141 5663 10391 1540 3784 2748 669 18314 6127 11730 2964 15 5850 8341 3310 12619 5673 18779 28409 12769 1853 4933 2941 6037 4289 1018 13769 3589 12639 6732 3317 9366 3563 7984 15405 23520 11632 8647 4238 19270 21464 6977 24618 29636 785 10837 5047 9584 6956 8600 6278 3604 2020 8336 3793 3322 19578 3646 9365 21258 10567 9980 11247 14318 5357 3800 5020 9507 15432 3300 1003 5382 9502 4904 699 5352 10209 7597 3653 3291 3284 3540 10396 7715 5271 3424 8323 3685 28759 14642 3259 8667 2176 13443 11733 5001 5654 5383 17712 12613 17704 6053 8610 4937 14412 3600 14644 4955 716 8321 8673 3627 6016 3612 6142 10450 10569 8328 9566 25298 10610 9586 10451 
8021 28230 17978 25512 10698 16649 13642 19981 20671 19488 21519 8876 14524 2917 3171 20930 27454 24816 23044 9609 25722 
8204 2835 6020 3627 2838 14847 6912 5852 3545 4952 7433 10394 29436 4796 3605 3054 9484 33460 8328 10450 11634 
8343 11868 12074 3367 9789 5817 13859 2196 1039 11629 4155 20176 12397 13414 11681 1822 9760 
8626 736 8279 14211 10569 4900 9274 23301 9368 16377 4860 28048 27797 15512 15417 10452 4586 21405 2023 33995 3590 8668 10465 87 19933 24062 
8627 1322 4528 914 1384 1499 908 10643 1377 9256 10059 14245 15649 11232 906 13740 13625 10898 1406 13744 21593 31846 517 7780 2317 
8640 4899 1444 26270 3654 2737 3566 4791 7425 17743 27890 3284 29993 4242 14407 6795 30150 
8711 3383 1810 9818 9537 888 6215 2531 11981 16416 1804 15173 3294 9459 7084 10786 20448 2569 13820 1905 10672 
8785 1720 14633 12514 7450 7175 4608 12511 20137 4107 26228 5110 1970 12128 8721 6262 10100 2274 9380 15573 4606 1496 19798 905 12492 20038 16580 19549 5528 4190 2167 17207 6407 3451 15711 11871 11615 4483 2584 11085 8810 11909 7181 6495 8894 2165 20476 19945 11504 7125 7820 9386 19277 13123 1967 15256 5452 8223 5607 14752 1574 1504 26666 12270 13744 4261 3820 20270 11580 30245 4344 19885 6540 19131 22447 7914 1055 9911 17235 2239 6635 2095 1820 22586 10251 13491 11326 9016 5580 2098 4426 11740 6501 6457 31110 7003 2011 11606 28604 5094 5363 1318 31487 9330 15338 11919 10655 4179 9869 19735 11599 11879 11992 13927 13928 20809 
8825 3284 2847 810 3606 3773 30152 25298 3493 2905 19658 3597 2168 3557 1543 716 14212 2828 2964 8692 18653 15426 13784 21853 9193 10106 11636 15420 5278 17744 28334 24602 34080 4510 18769 9988 13266 6897 3672 16623 11123 3777 20056 10449 34462 18170 17743 24452 34463 28964 3797 23946 28880 32173 15447 5235 33264 27773 34464 21407 15562 
8929 30179 9805 1100 23148 20443 9984 20483 8558 8491 14469 2530 8471 13477 14755 21509 2551 14794 
8992 29496 6826 12937 8418 24608 21258 11805 14531 29632 27944 34553 26569 8934 30228 14333 21230 27935 34554 23750 29053 18112 34555 6887 12671 
9091 11329 16368 7550 5760 15013 4300 8961 1953 12067 1506 3335 1847 12999 9457 11486 1812 13164 1876 7557 29074 1843 1814 1061 8930 7827 12397 1981 2079 26154 6615 7520 34425 1931 7122 1447 15258 1949 16370 2093 3230 1886 14834 5458 14727 2193 8484 16371 14728 7565 8956 8892 2358 1240 930 13627 7250 6074 1661 1104 14741 9904 9451 7180 5790 5773 13000 2368 6433 5595 20479 1518 2109 14732 7400 1849 2224 14720 4455 11984 8938 7302 13175 9629 892 8012 34351 3235 1799 25626 12002 2052 25028 22865 2865 16419 25281 2445 14419 2064 14746 1255 2260 8953 9898 909 11643 4324 2491 2118 1866 1805 7562 7263 14725 11980 13935 14726 23501 14740 12151 14760 13090 2381 20667 2423 6053 9575 8722 9425 8289 4502 10128 34087 14759 25569 8952 
9383 6328 21636 8566 12223 21110 20453 3214 34743 28556 5894 9412 11130 21062 25252 7843 12239 6310 3208 9298 9294 21071 20987 
9526 3418 7232 3429 2012 7210 2742 2797 665 20707 722 7939 3647 3768 7741 7425 5489 7702 704 10052 7814 3781 3591 5060 2930 2737 5721 83 22546 721 5719 6926 1018 7583 6274 4508 6203 3573 5012 3312 11046 25679 3253 10425 6657 10214 7453 5026 7233 
9582 20115 26625 17756 21336 25999 20292 3352 20186 17757 26336 32086 26627 31803 34783 26643 32493 24113 21399 
9604 2873 20616 5069 9184 5182 6976 14864 10612 23935 14183 2941 92 19578 14671 24997 22999 14908 8641 6654 11040 14334 6258 3782 722 4293 3320 14163 2015 9156 6798 3637 7392 20744 
9623 8626 11732 9151 3311 13540 21145 25583 33057 8021 18644 7139 6018 32540 4293 18630 17177 
9672 5561 888 5575 1612 5540 7001 7042 12125 5910 1165 8152 13110 7058 5635 24632 13450 6717 659 7098 4037 1238 12299 4015 8821 6574 17654 11308 9657 2227 26921 4018 20141 3725 1595 13794 4406 20142 1896 4036 10950 6241 19735 21603 10593 13097 26936 26920 18156 7136 9328 
9734 15986 16766 20364 16486 18387 21243 22540 20212 25065 15619 27498 11456 33722 19525 17814 18867 20932 19190 29320 23089 17817 5330 19502 23591 18869 4771 34989 26948 20120 23601 
9841 11830 15926 2056 10972 918 2099 8266 2034 2250 2193 26576 1816 2284 7560 2008 5142 2123 8736 
9860 1031 1043 1051 10787 1121 13 4122 2912 4613 929 1077 13071 31548 4111 2963 811 4396 760 0 669 3580 8 657 8581 31786 96 19605 3240 
9950 20848 23366 24950 16830 20934 12785 15958 4775 8087 23767 23378 29618 18869 24227 18956 21459 7360 25233 12784 30469 23864 17766 27465 29250 18194 18446 3983 27197 23932 19255 25398 27095 7371 16052 29860 35105 23470 29959 15863 24171 16308 22720 16304 27233 
9968 6237 4186 1176 1721 1144 16453 13053 5757 1230 1737 1915 9668 1848 3376 8359 7339 19998 1256 1917 5804 5803 2372 11629 5816 10700 6680 14779 10640 22069 8177 2317 7695 12074 2164 2381 2096 24630 11631 13478 12575 15186 2360 21504 1600 
10014 14243 3705 9846 11835 7792 12383 7496 17425 7986 13386 23157 17542 4108 9829 19537 8717 6181 30692 9705 7992 1200 31860 9835 18663 8716 12398 7882 4120 17411 4560 9858 7582 6405 13724 7019 5564 13299 4524 25909 6575 1837 27823 4707 31849 4257 8904 28680 3361 24280 8905 24927 3703 15718 7772 4404 6458 1429 1524 6497 24246 1171 30595 6214 11959 6111 13401 12405 11478 11543 34670 8742 1423 4881 4465 15344 25355 4543 33433 13871 912 1156 8856 10591 4528 6212 34981 24361 35130 6205 30040 2002 30724 34559 10145 35131 1404 17185 18134 13853 15681 13301 32084 1442 25148 35132 13905 7765 17532 9439 16580 12381 13700 28955 23154 25914 12934 13758 12303 9209 32269 23372 1657 10684 11863 17478 4460 6077 
10096 10621 2609 9872 4415 13121 11615 5480 9019 7037 7820 12151 1818 18664 7062 1406 23608 1697 5212 9779 12694 19944 11631 1038 1050 16585 3358 12717 13744 23125 5826 19208 33143 4555 2123 
10122 4911 7333 685 4497 810 1084 6291 4160 5517 893 4178 6144 693 3647 5002 14187 2737 10730 19649 
10227 10937 4376 2067 4412 13 786 1832 15327 1490 15297 6666 6190 2154 3733 20180 916 1153 5215 8730 2036 11532 2442 1128 4142 1715 2340 2096 2420 7094 5111 31631 6634 2158 5736 9810 1834 4234 4359 1922 1927 4418 11854 1441 13389 7773 2443 2011 12405 6239 9209 6215 1604 11880 5574 5134 5753 7940 4553 23581 10248 2258 11857 2047 3121 1607 3616 2950 3335 6687 7191 6676 1643 4459 1066 26683 4270 35248 2095 3703 7825 3508 4570 2008 1423 5094 8716 15154 2408 20680 3715 1155 3262 32416 11590 1085 1134 2056 12324 26791 5258 12070 5581 1132 13302 1104 8477 3702 8152 11274 1838 1849 8473 2584 2395 8742 2038 9761 10069 2085 7448 1118 9098 4569 5524 6170 8729 14314 23149 11027 6226 5593 2454 4183 1959 2121 2083 7388 4460 4073 2444 3336 7621 929 5781 15187 2323 13944 5769 21872 5031 5634 2144 2156 7480 11505 2142 11236 8964 14243 2596 6182 5108 11689 28415 5743 24923 1245 20683 12361 25815 22785 1862 6841 1688 2160 1805 16416 13762 2262 2439 1048 4112 15242 12387 15290 1874 2087 7062 7199 4544 5763 5190 2318 3454 30123 1904 1387 6225 11504 19318 4603 12703 2071 8721 11596 9858 13940 20200 10672 31624 1995 7153 
10278 3802 21860 3784 14853 6816 22218 2895 8294 6833 8749 23350 9172 6906 8404 25905 23353 10450 14173 3592 13662 22233 13654 34301 
10534 714 2965 826 1682 1532 13431 11228 2782 35378 4330 657 82 31431 7130 8 5875 1940 6674 783 12314 3497 2019 3430 22884 6408 6215 819 4590 13026 
10699 25246 9254 19569 3801 2134 16253 10831 1018 2905 14424 20324 2845 8412 775 14410 8398 24902 21139 
10736 6053 33254 9584 19637 22765 10840 3574 7435 12643 3811 5680 7646 12640 29362 9283 2022 3493 10429 9214 4312 7702 10373 6732 31692 19585 13443 5692 3494 10214 5382 12624 3660 13689 3322 3085 5373 4237 5001 3778 5853 2015 3568 5393 5700 
10867 5488 8529 7703 768 4904 743 11047 1685 2866 4996 7819 1016 6134 9254 9214 693 5724 10799 7707 23007 5147 4979 7646 
11176 24950 9611 17003 3903 7363 18987 16100 20940 23087 30529 22836 30085 21279 17823 30390 2787 
11365 3342 29862 33077 21408 10466 3290 19853 32932 18786 852 5054 4800 2858 796 6044 8322 9558 
11370 2842 9244 5852 2845 12779 4941 30232 8435 3607 742 10414 7653 5034 4305 10377 6960 7872 19325 2860 3064 13884 3691 12601 15026 8279 10920 12894 811 8750 6919 4949 6836 20239 10431 31832 7643 10394 29993 
11389 4953 10818 5269 4078 3629 7442 9250 7595 10380 10806 3524 7708 8530 29424 6722 8659 27999 10416 9261 6153 8336 7719 9264 31973 10214 10832 
11518 29890 30539 25575 21116 23742 28489 16558 27356 16791 16238 3158 20724 16291 18018 24169 25760 26497 3188 20721 24207 22477 15598 29760 16867 26255 16544 26613 10698 28502 28503 26614 27364 3183 26529 28497 28534 30263 24796 27580 18593 21115 29290 8082 22836 32102 28512 20675 19878 28114 27560 21422 3999 
11773 19812 5553 164 10559 28462 31942 21998 461 29827 123 28772 26360 33044 33802 21988 425 13099 146 26051 2981 25416 21877 336 33399 3002 375 4741 350 
11878 1696 20730 3362 780 1810 8558 5463 4137 7151 4555 2292 6999 6942 4648 4396 9414 2146 12070 1721 
11890 6302 12244 8093 8522 636 19070 8523 18044 9042 11146 11698 756 5883 35580 15793 8521 13423 
11934 22915 1750 14256 5406 12797 14501 1728 11928 3120 14006 11779 12734 862 1764 11768 1746 26242 14133 22626 3125 14497 10343 13145 14042 
12209 1019 760 4914 8556 2012 3245 2720 4111 1152 7151 1513 6403 12486 4517 6648 3788 
12741 34032 35658 8752 18066 29205 8312 3800 23481 731 3651 14618 5489 15 18978 3686 28139 27937 14933 2806 33252 0 69 7424 649 4791 868 82 1551 774 87 4111 93 7881 2902 5906 665 669 11704 6652 14686 2941 
12752 22610 16278 18008 18185 16029 16958 20110 21676 16774 14527 16084 16661 16044 16966 16333 18258 4781 3875 16872 31156 
12843 15737 11540 1380 1249 1524 4403 7509 6531 23282 24392 26224 2621 7792 19125 7577 1261 36232 10645 19127 30280 
12861 2932 3371 11879 1057 1814 9311 11498 11600 1138 10096 5098 1840 1038 2109 1061 12933 4473 1329 13760 6486 
12877 21159 24807 16197 20944 20942 28854 25971 19524 28244 28449 25200 16242 28318 28315 27673 24526 25853 25399 29753 27849 23388 21519 29246 25069 27227 16101 32778 29097 19517 28242 34481 20967 34948 28104 30387 27929 27855 20350 25988 29836 21243 17897 29303 28173 5249 30445 9529 27853 
13013 762 1496 2859 3257 2781 1035 1046 1098 11499 3502 5577 2779 25146 2787 4991 8433 
13151 7294 11960 1143 1109 6180 1057 1104 12717 1498 6403 2248 12712 4144 12913 13 13138 2199 4590 710 1551 3062 88 5477 15313 2342 7074 1569 1837 799 7506 24755 
13171 835 608 555 1269 777 10010 17129 29498 10291 19042 4687 10295 5306 598 581 1271 1665 834 
13310 11479 17423 6480 1412 5516 9796 4880 8721 1108 33800 4218 20355 1449 27964 13754 7194 12337 1062 30991 1244 3379 1596 6308 6606 1261 1109 1168 4261 24386 1423 1073 1256 11911 
13463 1243 15128 19361 6403 8946 8193 69 19871 9553 27954 25813 23156 13697 17246 36287 12359 5763 21165 13319 17419 1967 31453 16439 34113 1175 16402 32321 
13504 2017 737 4497 676 16361 10431 15112 13016 3788 855 11056 14643 3811 786 9578 2853 300 16493 
13668 3512 7595 3819 8325 4865 8333 719 3651 14172 3618 3803 3312 17143 8143 3529 9581 25010 24884 8756 15417 8677 15457 14319 783 7335 30786 13274 8667 12017 15422 789 3518 3490 17618 4081 20510 773 25056 12906 33320 36444 17649 28915 25659 7964 13032 35210 14389 19470 14435 35736 15453 4791 17720 21233 2706 3639 30464 13682 7314 31754 13037 6935 19962 18175 36330 15458 
13716 19872 4634 9838 20534 6108 1496 25916 9417 10050 9381 13851 10245 17289 11659 19162 22384 
13782 10235 29067 15893 13441 18668 14386 3071 3678 3083 29633 17616 6894 6919 10052 31589 4494 34732 6762 12884 28940 15141 10752 33171 28090 31881 7432 31879 4078 36365 
13825 2482 17232 8190 31990 4460 13735 4017 24345 8347 2539 10642 31115 24334 20077 25135 5784 
13913 1635 2050 13745 32799 14734 13794 10130 11994 1473 1474 2074 4667 26201 29940 11508 9433 7114 26055 1661 3336 3346 11364 2699 1981 30597 8150 3335 1373 1050 1870 7559 3294 10134 11578 2054 24034 13180 7493 2617 1487 1032 30164 12834 28081 30224 8886 13178 1121 7277 28879 19816 7253 12999 13141 2131 7551 24320 20447 26683 12051 8885 3265 16416 13826 4395 11600 1526 14730 7001 2123 22620 1038 1406 2185 2141 7278 7354 1843 5810 20443 9450 7254 6383 2468 2443 1887 3358 12070 11716 9838 16585 11976 11498 6502 13936 1084 15323 30945 1404 7506 3268 2482 10136 10133 2269 11879 10139 1397 10591 2078 6241 21688 5826 1515 2533 11330 7502 2209 2025 12304 20799 1075 9459 26328 3372 13755 7281 13174 1386 1828 2218 1264 4670 13905 33036 14798 12151 30477 11986 10144 30572 2237 12878 2602 26097 24927 2099 2352 1863 19895 23130 906 6263 19891 23838 15292 2549 
14018 27351 25231 7386 11459 23310 3908 16913 27228 16213 27735 16212 19788 20369 33831 27441 10449 
14083 4048 4983 3407 25296 4054 3410 4043 4059 948 3406 4047 20781 4044 7270 7265 15390 4050 953 946 4052 947 4984 8513 8134 5259 18150 8129 20783 4039 34476 8135 
14086 11693 10412 26293 9366 3803 6015 13789 32072 693 3596 3291 11634 3549 5067 12622 8403 25964 8340 8750 6718 8666 19959 3601 5382 3790 5234 20787 13573 20130 34060 7881 5068 12641 716 981 8404 7702 2797 14687 15427 2820 5278 3812 26427 2906 15421 19066 8667 5719 29106 10834 3514 6771 22862 16610 11397 19698 2819 16611 7833 11120 18844 10792 9574 8334 3756 9151 14369 6278 24611 32400 3677 8647 3618 14949 9569 10920 18042 15491 12939 26481 3529 32366 12896 8278 7953 8693 13033 10463 5380 10456 16622 23946 34334 
14093 10090 10083 12267 18355 4106 11498 17398 29142 11365 27003 16443 22238 5085 1983 6174 23726 20307 27006 
14226 21600 438 8026 5999 21599 21720 15378 11412 222 154 551 16928 5925 5936 16228 323 8030 14902 9595 25383 16233 4591 496 29665 440 15363 10630 28647 313 5992 17985 5917 439 17572 15349 48 17057 21564 341 4836 17159 
14403 5816 1946 12355 2032 10781 4535 10636 12374 5749 5598 1720 1984 13919 16416 14779 20708 12397 5803 2443 2317 2160 11293 7099 7404 17542 2104 2083 17539 2663 13833 5614 19221 
14608 1460 1397 12383 15811 11884 9472 18536 4646 10858 20022 10947 1488 1398 9869 1590 8950 6948 17249 
14723 5902 12216 15773 6281 13363 3436 7859 21067 12213 13345 9030 8098 13335 13623 28778 22190 
15070 3683 5317 4843 10010 1671 5305 36718 26686 12196 9485 36719 19041 28818 5357 10035 9083 5162 36720 4688 35010 5020 34206 26689 18848 17053 5303 3470 10275 4848 6637 608 17132 9929 8049 566 8058 4695 22085 19045 19042 27876 619 22086 8007 567 3090 19056 569 9943 10907 10294 
15231 23456 4180 9764 4018 1141 1425 13866 2346 31269 31509 10248 15647 6165 26386 35699 11283 
15271 32018 12272 12508 12496 6460 21887 28041 24267 17729 6427 6507 25565 26444 25639 25890 36612 10751 31310 
15403 3614 3782 3669 3777 21235 9267 3613 9151 5346 4939 3291 11064 9552 3324 3573 5176 11380 3807 10104 34145 6048 2012 4301 783 2835 5182 9624 23301 9558 
15408 12603 12619 3248 1017 819 10335 12640 18967 10378 7442 87 4331 10801 15930 688 2737 
15536 4323 11544 15268 9670 1259 5473 9675 7786 12925 2386 8728 4191 8807 3235 1980 5607 2602 2389 2248 3218 19862 2343 2699 2034 9838 1104 7488 1221 10772 1638 924 1103 2359 24133 33711 12266 9329 21261 4661 22739 
15553 4938 6042 8329 12894 3065 14843 5868 5054 18962 5654 10414 11384 18094 24641 17316 9173 6709 9366 4577 3605 3626 22268 6771 3652 
15680 22690 16642 24542 22733 3928 20854 18192 32742 3355 20947 15816 25941 1027 25849 16098 29837 26968 25996 20951 17896 3861 
15872 4139 13461 1155 2602 7560 1492 1240 2005 1256 24013 6465 1048 924 6430 7558 929 25090 13477 10637 2284 15624 14823 
16214 10966 5344 14206 17704 9492 9139 11225 14831 28989 7873 9265 30641 19608 20339 4080 28900 3603 30938 15705 10476 15052 29644 14582 10508 18845 13034 10463 9120 31316 7719 21211 7711 3636 6153 32610 10486 9218 6385 15446 3811 3648 19835 36973 5325 14371 15702 22779 15058 13019 4943 21405 22178 18168 35202 18170 13041 5326 33697 18972 23723 11896 796 26015 30746 31749 22984 13028 10048 30353 33909 20745 10482 36974 
16416 17094 15974 20348 28450 18994 18744 29786 33184 35682 28299 27142 16164 22749 27642 20928 18934 23332 
16464 12066 6836 36207 17701 21857 26653 14168 36543 30396 11813 8667 28949 30409 36979 14961 24639 13676 
16536 11345 6332 35556 6314 12559 6366 11103 3203 32833 24308 12222 8093 9877 13617 9046 30845 36187 37044 21022 5883 6354 24309 6287 34627 34629 6370 35635 20244 
16647 9131 33671 11068 13561 24985 3479 17145 6954 8667 23501 3300 17641 4510 23618 26572 28004 
16730 2517 7554 4157 12753 9460 2581 2204 7068 10931 11836 5771 1887 2248 1256 7406 2192 23474 2608 7300 22035 
16786 25588 17073 14670 31018 9540 9558 6703 2899 12897 790 20132 8321 13263 17145 16606 14369 17455 14424 19232 17921 5381 23945 19710 14454 23848 28204 8318 35762 25860 
16809 25855 15862 27296 27430 27067 20154 29772 27493 27566 28650 24919 20093 18931 27741 24294 27211 9082 24066 18873 27714 30534 20364 35217 22954 34003 36446 17826 3907 18476 18859 17762 19880 27639 20934 20932 22479 27586 19879 35141 32487 32551 27264 32294 16489 27517 27347 19506 33346 35402 29851 3901 19875 27215 29970 16516 23253 27045 24958 25992 20847 35102 20772 36799 35333 27479 36448 25122 3894 24916 19877 20419 35594 26733 33875 15222 36575 34540 24186 21998 34492 27484 36086 30174 17802 
16828 22982 12628 3806 28279 30143 12616 3594 2895 6931 5718 22228 17614 25579 25147 6743 36977 
17405 279 153 314 21806 150 21771 43 4807 5988 248 14904 17044 21563 17059 3035 232 465 3006 24028 21434 19102 12445 491 377 12451 496 4725 120 12474 17018 22821 21943 28270 799 4667 436 282 19112 20 12020 21782 114 17162 154 341 39 17153 21703 24023 24412 29561 168 16931 347 32129 17074 13108 16233 17076 5966 63 21438 21720 30191 203 14520 23 21776 26 35852 440 260 6007 28861 215 35477 20484 36753 4756 418 8431 12019 14899 289 21453 142 22814 5992 26351 12654 28632 542 21941 15530 28397 4805 35827 294 19179 28614 22004 244 548 22800 21788 24041 9591 204 162 3026 21920 460 4836 17080 535 26411 32544 9593 103 20714 28478 15045 5976 21903 3030 17067 262 28630 398 19920 373 2988 28641 15364 22380 15044 6013 31604 17081 33165 470 36496 3034 22820 35058 9590 28472 6005 4821 21999 429 29563 35720 36650 8025 24054 35719 510 169 32214 4811 21448 226 37035 109 
17486 25246 2927 36418 9132 27885 8976 30055 20333 18365 23915 6828 18668 13612 30635 6782 25008 6821 33666 34501 14560 8296 14423 12888 33025 
17574 29948 2828 5673 24932 852 8690 7239 17857 4502 19701 21467 30926 3602 7953 5270 6763 
17595 33656 10485 25491 19900 8415 5175 4955 11305 3811 24061 5024 18769 796 8267 4166 2012 9212 4999 10508 842 7815 4970 12625 14582 34226 28973 23488 8654 12988 3647 13032 15702 
17685 13398 10985 14447 645 1290 14109 14549 11776 10530 10343 10547 11760 1764 1723 1753 18296 
17852 35633 24011 5860 22230 27931 5852 28049 29006 34260 14916 15434 12674 34955 5650 27888 36609 29051 31168 30752 13034 7228 37207 10755 17644 27932 8976 26011 
18048 2363 1893 13461 7263 1402 13849 3709 23745 6666 6249 13760 2381 7822 1055 1259 1923 2009 9339 13752 30404 1472 13837 1077 4667 904 3260 
18054 1109 1474 13454 8355 2144 2198 7631 9320 2093 1038 13080 22570 1104 1510 8074 9839 9762 13115 8367 2473 1237 8784 799 1661 4 6502 3831 1257 2568 2026 1236 11326 1189 32048 1036 
18247 18169 19232 15417 19841 7586 787 3795 10508 19848 13543 10831 35785 37080 2891 10486 14532 4331 3771 22434 16609 
18310 13274 5063 7593 8341 3777 5868 28334 6795 10966 30903 11409 9185 23501 11070 3803 3554 9566 24562 11694 14319 6020 
18345 8949 2186 4152 1506 4535 10969 2478 1406 1810 28034 4112 1840 12151 5803 6942 9898 
18418 3936 15952 16545 16835 19744 29473 15608 3999 24739 22502 23019 3161 26616 9633 13698 22838 22565 29456 16664 20858 17768 13436 25672 18527 23898 27518 24215 29317 32771 23337 
18429 13968 634 29652 13639 28424 15827 22186 8103 12224 15778 25423 19927 8098 6315 32362 3096 37288 35044 758 23529 
18527 3284 28939 2781 10383 13603 4274 4273 22073 4895 9173 29271 1826 2941 20596 22074 9172 4272 6053 
18602 2904 783 21138 2179 12619 3524 9556 11375 2852 23617 19713 8669 816 10468 5175 14377 22777 10488 23946 24092 13026 4166 7428 650 11301 3638 6718 
18700 30161 12624 7878 5906 16377 2851 3083 22765 760 33443 3488 649 774 762 710 8649 8399 88 8311 7245 8750 4237 9981 10919 2019 2016 855 21138 7436 14337 694 2787 7425 7052 4506 8695 4927 
18724 3473 18060 19052 4695 3468 9947 9956 29061 22085 10906 7660 29804 4680 34212 17870 22086 36719 9943 19048 23998 5299 579 
18731 29095 26445 19946 28055 14817 13171 8948 22867 19893 2303 22071 25018 11333 2601 3451 28040 7285 36631 12755 19211 32337 31952 14744 31980 8486 25019 11621 
18767 24848 15569 8916 9344 4343 13882 4095 6392 17533 11088 20308 13851 15810 9001 16750 6542 
18798 8436 22262 8412 703 3426 3587 3778 4963 726 794 8693 15433 2899 10508 1683 8695 783 7643 12017 4502 3634 8683 9214 3807 13018 9568 20576 6053 6043 22511 14423 9986 795 10488 
18811 25114 9585 25658 12943 9280 6928 4090 7438 29701 22119 26063 20618 852 36015 19006 19430 7436 6059 13259 16250 9250 11025 22174 31693 12807 19619 29124 14411 9285 13611 31696 4086 9989 12638 35158 35687 17445 6128 33307 21357 22413 
18903 6366 21093 21112 25210 30038 19074 15765 24571 13331 6321 6367 20991 11342 33023 21070 4488 21043 21098 22185 6302 21088 13336 19071 21101 745 24983 27785 13366 3441 4720 36361 24303 21107 21046 21099 4070 12243 6355 6594 7859 6629 28921 25445 34773 21066 20829 9298 15784 23710 10116 32809 21018 5894 33093 11133 5030 
19273 2120 4490 5258 2143 6534 1055 6687 14279 34009 1688 11232 2428 31529 1696 14724 14694 12377 10328 2424 17204 15263 10 10248 27874 24379 37278 21646 13926 7077 2448 1428 1187 15277 1633 12151 18131 26181 9871 3294 1243 31992 7399 1982 13902 6195 26932 1236 7135 25109 28724 11098 2147 
19292 31407 3124 14045 11801 19344 32113 6297 5439 626 11785 14516 14004 7674 22911 13980 5442 28460 1341 13327 20648 20651 18700 34183 8496 8506 630 11782 13975 
19368 10212 14521 4963 1860 6960 9203 93 5685 855 17713 23500 9291 30609 846 19608 11374 10612 786 13282 4274 17649 3061 806 20577 12331 89 33082 14654 13915 3701 31701 8757 
19379 14925 3627 775 23231 13668 14368 7658 5319 30067 28070 6659 21341 3312 36730 2953 12830 28337 5860 
19572 8492 1788 12828 11649 2803 9501 23777 721 648 6295 2718 11 14374 16155 2823 8 783 3258 2798 2796 25146 20510 786 6653 8063 652 8287 
19635 24482 34760 19378 25395 30965 25834 17951 17964 20313 17363 17544 25177 5489 2735 7762 32572 
19863 7827 13776 1248 13761 7772 5098 7993 7786 10634 2279 9430 13137 7485 1696 21267 12151 1039 2123 7065 1573 7489 2526 32325 8772 7560 2045 10679 2155 15746 23582 8795 7695 26386 13851 1146 24633 2320 19896 6 3075 6655 2413 2244 8743 13888 12878 
19934 19109 12456 24021 21994 429 22808 22007 3003 24325 15655 6551 21776 26359 17082 2988 17078 1478 24377 22825 29830 473 
20014 3635 1826 6038 10420 24091 7652 6058 2853 12545 14375 3056 22285 4900 17709 28277 32073 20418 36180 31701 
20074 15094 15393 15417 4081 3627 4236 26382 35523 33371 29798 29273 9583 11380 24713 22230 9496 15692 10450 30928 3076 5852 5846 13774 6038 23234 16981 2170 22216 32944 23490 29430 4164 7958 10920 29424 14650 31137 14415 33667 28431 5650 11402 
20216 4453 6695 928 7472 799 8152 29091 7298 6223 14823 11567 1704 25814 3260 2568 8816 14467 1831 2341 23832 16587 1190 12881 9803 14577 11879 7765 1130 12878 10747 16416 3359 12058 1874 12761 904 1655 5620 25139 1170 4328 1457 1513 4327 35699 35837 2462 1330 
20311 27551 27430 27341 27569 21117 20960 27355 21279 27039 25207 23096 30537 16601 17777 20942 16212 22565 877 25078 24520 14276 26485 33182 27706 7371 10736 21412 20349 27112 27669 18738 28482 18481 14272 28590 20838 26958 24959 19766 17773 21278 28104 31289 22839 28450 20970 27673 18521 16645 26259 16305 23166 25853 27045 16005 27736 16168 17808 27710 20255 27083 3916 27573 27719 27471 27714 27698 27038 16351 27620 27674 3155 28164 27679 27260 20118 25065 18493 27616 32703 17778 31618 18923 28387 34172 21422 23731 28583 24917 28516 15616 11125 21420 34998 27632 18005 30896 32056 16209 21421 23732 27035 17807 22400 33335 11115 22502 27521 19114 27493 36461 29538 18395 7331 28743 22956 28449 16541 28821 16174 28240 32294 20526 28507 3186 15821 23117 23266 25975 3922 34179 16814 34537 27693 19523 22463 32177 27594 16241 27511 16644 4008 26964 26483 21613 28305 28452 24067 16662 32779 27161 35649 17888 23733 27814 23073 27064 14281 19752 17779 34642 29246 32952 24956 33736 32965 16657 27848 35879 27259 13434 25082 25603 
20347 21906 17075 5554 8075 5918 16230 249 9595 15348 21453 468 24051 487 17085 5988 17057 17079 15044 17080 
20376 1051 1031 6492 1056 4667 9761 1143 1034 1053 783 15951 2062 2344 2916 13056 2099 2320 1842 4200 1048 10 16411 1902 13763 
20409 2193 821 1853 2202 1837 2445 10773 1898 7273 2083 4514 15308 13835 2196 10772 12346 17539 2484 2474 2095 906 2580 26175 31180 2457 21312 37254 28726 
20440 6453 28101 27014 26152 1035 25768 20533 11886 11741 11332 25566 16218 36018 12267 12998 19863 19871 6517 37476 21353 33575 
20530 10189 5030 15828 20504 13363 12858 25444 31659 8162 11179 21032 7846 11182 23714 13328 35580 5886 33954 21182 29189 34081 11140 13325 12231 9042 
20539 11745 10620 1026 6456 12580 1084 1702 2808 25146 1935 6270 2014 711 3307 11705 852 2775 693 783 855 4995 3651 10431 15 3259 7573 8626 18025 
20616 25399 24153 4777 22317 31965 16278 16236 22724 18342 23264 24518 33826 32878 29532 22722 16357 
20935 3649 8329 3770 4504 3811 5023 25607 12884 10427 8412 23285 20061 7711 27975 30995 35201 13774 
21042 13349 9292 31537 9873 6599 9874 28550 24307 34547 10183 11163 12226 34633 21183 9876 8110 5027 6351 745 8117 21179 10722 36896 32577 28202 30849 35810 36600 
21211 7702 30381 4709 16276 3782 9285 12984 7411 21359 5341 10829 13612 7079 22776 10806 9542 4939 16605 32165 22282 12066 10191 6891 37046 20586 10077 34881 34911 
21441 14466 2088 2123 1121 6942 4873 2056 2277 2290 4876 7570 1211 1654 1923 30874 4654 11560 4472 12763 2008 2456 2272 5778 6695 8373 1058 2428 4348 11499 2204 13468 4364 1496 11361 4459 2005 2559 4256 2258 3294 11628 1241 11833 20480 1800 2161 924 928 13800 3268 4881 7394 24314 11983 7509 7285 1524 1894 2453 929 20192 1922 2524 10938 3370 26928 1980 1461 1031 6523 2284 13 5377 5598 920 29791 1476 17417 4530 4200 6244 4183 1798 1250 2670 9629 4527 11516 2285 20278 13922 2224 31952 7233 2835 1590 1422 8961 6241 22865 9422 1706 11984 2066 2422 19202 22863 7263 6104 24946 4186 7827 18046 14736 899 4120 6094 27821 3342 32728 1979 11233 6575 2430 8486 1874 23838 8903 2545 12304 8376 2488 906 14786 28036 32439 12871 1067 19207 11977 34202 22019 25264 2493 25795 2447 22893 13177 32337 28185 31403 2544 14792 27874 15715 2267 13924 31878 1814 2564 11235 2198 35640 
21557 21566 22493 20721 27620 27171 14284 26729 27285 15996 23117 25201 23600 17301 16844 880 3156 12785 16184 33600 3152 31087 16661 17303 20147 19512 20974 16787 29833 30390 21412 27078 27532 11124 22750 3158 17442 26473 29260 27335 11468 20940 29183 31630 23309 16313 21243 31067 21158 20947 20256 29284 28171 30448 27814 24577 31395 
21690 199 404 31250 13104 13108 10757 19105 512 21438 248 43 32207 15364 21797 231 17219 29556 21805 21456 22799 17038 29547 21768 29625 15528 21446 17211 550 35867 26415 9601 37531 26409 35685 114 152 30901 
21782 3699 9139 19237 25595 8320 5023 5175 10377 8424 14212 4502 4897 852 16625 12984 29985 14404 5845 13555 5491 10461 8667 8404 6913 8419 6861 17619 2860 7147 7653 8435 12896 10449 16251 8690 14401 8412 18782 6836 5396 12015 9244 5378 23492 28894 9580 13282 14389 5398 10452 5173 12906 8315 9890 23508 7953 3300 14955 9161 15506 14360 3670 16227 4938 6020 11636 12331 10331 9287 30324 34273 29328 6781 2845 29713 9892 18175 29993 34765 3598 6791 13668 32990 10481 15445 10431 31190 34556 23950 35889 9893 28846 25057 
21886 10508 3629 28294 18844 30093 8755 7438 35312 19702 2015 32436 5651 13268 26570 22177 29055 
21921 6764 14352 5855 18122 768 23353 26550 2901 18624 9569 36589 11226 15563 8346 12164 8415 34569 5381 
22085 26867 31902 36443 32906 23408 36487 33942 10298 9058 19535 17169 3354 17749 26707 26629 23391 26641 23386 23504 3159 35113 17173 29029 4557 23503 29021 33626 13660 17757 26333 30893 25299 30547 23417 18403 17847 23405 20301 21914 20298 33943 27028 18373 21538 30560 12790 20431 23415 18818 19190 13703 34825 
22163 17347 19993 26126 25396 19079 17463 25825 17965 17937 17465 34964 23277 21490 13192 26677 26265 13204 17583 21499 21484 25836 17354 19468 17467 33516 21585 34523 19407 19410 17944 19399 23205 26324 29821 
22275 1837 13935 5803 7760 5753 23152 12355 8203 20049 21312 9097 28781 26982 15746 1737 12396 5749 
22861 15696 2873 6900 3626 4240 6025 10460 6033 7649 3072 13033 8674 33807 9261 6803 6837 6513 6716 14172 6793 10892 15476 10462 22778 13669 3684 10446 20345 6828 3583 4864 
22910 3842 23166 14286 27225 16300 32055 19878 19002 16256 18575 21412 20960 12784 25975 24953 16091 23680 7371 3431 25398 16282 21415 16168 18956 18196 34870 16317 23337 16296 28672 28802 16308 28740 7725 25994 25597 15986 33478 20951 16038 27848 28326 18499 7369 16808 18751 32655 7372 11124 23117 20970 22503 23348 24520 14281 28104 29246 29049 4794 3856 
22942 18923 20925 21668 20081 26458 21412 27532 31336 20927 22496 28387 27290 3991 22322 27628 5249 22692 16351 27139 21549 34815 35483 36273 31289 18997 21422 36426 34620 27578 30213 35042 33614 33355 36969 28453 36936 
22997 8201 16368 31428 1702 9459 31299 1887 7406 14770 8907 11879 14798 26863 12385 11719 29075 14823 28040 3236 12368 36061 26099 14469 25018 26168 19227 2090 
23032 16164 27484 9609 24911 27070 17883 27603 25209 34363 27058 14868 17664 36834 23741 37675 16941 31815 35777 30450 27674 27224 3957 32294 27284 
23087 13698 24168 18899 16194 25706 15862 19786 16004 27596 16527 27863 28299 3934 29860 24723 22828 19749 25765 24444 33534 10986 19878 18937 22565 18709 29776 13527 27029 27704 26474 22538 24180 26599 5250 16080 16305 23089 27864 30445 24169 32861 28586 27666 27673 18734 21683 17780 24243 36474 29200 18008 30387 17786 33648 29742 16192 16256 32779 25233 32864 29197 16656 27276 36445 
23093 19783 16476 16280 19773 19778 24980 11450 3865 19777 22253 27509 27447 23626 19758 15821 24761 19757 3194 26833 34654 3876 23664 3189 10223 4777 23101 27336 883 19779 24207 15861 3844 17975 27223 29045 29743 16974 16556 21115 31797 3879 18732 28494 22836 4778 23590 23055 3874 19776 23110 16470 27516 27500 36999 27909 35710 22304 16818 3873 25083 25734 29494 31457 19005 24226 3190 7326 28166 
23109 26677 25694 25635 13205 17946 31986 20371 26540 25102 26265 28717 19990 24512 19411 24544 25827 17960 
23134 19193 25209 34653 19190 16346 18470 16843 3919 24822 25087 11466 35330 19880 22848 19285 30286 27627 29282 22717 24182 25178 3934 4000 27093 27283 28586 26548 22851 
23137 7593 8418 3309 9567 90 7959 12778 8318 5063 9984 3777 10450 13265 4281 10457 15443 79 18122 9289 11892 14347 93 14388 7592 11409 851 1547 8752 2012 12899 14424 22678 14368 9566 4999 14531 2875 13270 3812 3676 2902 28407 21230 2797 3531 10610 3291 21746 6048 4510 10390 2900 5346 3803 668 19583 4903 8692 28892 19686 15432 1709 10862 19709 1682 6659 16622 9580 7307 4280 737 10448 18089 8696 16623 11636 12891 28135 3087 3541 8610 716 8578 3324 19679 5057 33010 7245 9557 22262 6037 3797 8755 23004 12692 2889 11024 29796 4709 860 2181 13024 15506 16361 14407 9542 713 4331 9980 3129 10463 
23274 9117 652 6773 9263 12900 4081 11120 4791 14166 2638 3608 10331 6937 8319 722 10405 30639 9171 2833 13246 29794 13612 6033 2179 22269 15399 6798 7033 13682 16617 13273 8697 11639 3626 17914 5242 6020 32695 32233 17636 6753 36577 20746 16251 6812 14412 10614 
23296 4172 922 3379 1317 5542 11499 9625 7491 5749 12397 22070 23613 11631 2678 19226 15306 7760 21312 4103 10700 7695 
23312 4183 2436 2481 2279 13288 2337 11293 30882 3335 2095 12074 10898 11983 10700 5825 1884 
23453 16241 27714 19259 25988 11124 20940 24859 34141 28286 28306 27430 33477 15976 27193 20973 36471 24796 877 27619 27476 27597 27318 30271 16284 27498 26729 28741 20942 15973 24573 32220 23133 30260 37172 34814 27744 27592 21414 23684 27491 3928 35253 35333 32658 37335 22496 33398 28585 22463 34660 28529 17778 
23611 6942 1259 7501 4186 902 24879 4667 12932 2481 10668 11335 7630 4560 2626 18133 4158 905 11510 4663 37254 18662 1317 19127 13313 15674 13288 11098 2247 6071 15684 8830 2513 2342 7780 25329 36993 30834 909 23282 6241 12593 5110 
23765 20094 16308 18956 27518 26961 16324 25087 16661 13087 28326 28284 19089 25064 15958 20942 26971 26469 32413 33235 16845 31385 31364 18997 16063 
23890 11474 3999 19265 35229 29303 20947 23433 20940 30533 17303 3154 23821 35370 25720 24168 3856 7371 30127 27850 20349 31620 16687 27030 3842 27382 
24032 7353 22171 14114 18703 18683 6297 28209 5418 23926 75 13410 13 25170 87 3760 9013 
24278 9970 32545 20877 9603 178 517 3027 21780 21764 2989 125 393 439 15360 4724 198 10314 24053 14898 22010 5917 313 12020 28617 28622 31677 33163 10729 457 28464 36023 22796 26392 31605 329 28623 22900 17992 300 5923 496 169 21454 14509 348 231 337 259 155 22554 
24284 24113 3352 3154 29469 10206 28810 19882 27121 27064 7371 3316 30712 27864 17811 18937 20971 16689 26754 20926 18511 19089 3966 23599 27540 23766 17255 26454 31919 27523 869 16205 18597 18121 37380 21675 27285 17303 27375 16313 21413 27539 27431 32393 30544 20168 21411 32106 33854 31121 27532 34268 22699 
24297 29127 790 28406 9244 9584 10397 14579 2867 3806 9247 35052 2769 6053 10485 1546 9559 13791 23292 10806 11225 6153 
24427 31252 24051 22017 21453 21811 32519 21 26356 12472 24422 5976 21736 34336 37041 21769 24047 
24510 26995 30060 9761 11541 3830 4223 31104 4190 32732 14308 29419 35282 21166 1156 1329 3276 
24806 7488 4523 1179 12383 2523 5487 6194 7088 4466 2612 2704 9851 13121 1170 14983 6985 10684 17681 8834 11500 20357 25569 20309 5141 33618 22618 
24891 25297 17544 766 3483 18068 21185 8549 33489 33484 14202 18160 25479 1017 10434 30514 704 5489 30397 8344 20695 10074 14566 3811 19928 8652 25481 7860 25120 28071 8607 33485 25177 11650 9373 5717 10218 31575 89 36038 15404 6153 13792 8334 13431 1002 5871 
25236 19893 25329 5595 37791 20283 25328 31691 26190 32889 24684 22871 9459 2515 1816 14469 7339 20538 36844 2283 2314 29657 24755 35522 1704 34575 2551 4506 657 17743 9989 3227 33993 6679 25286 7276 13185 12755 2633 6263 892 2519 2667 35465 19898 2457 12346 34323 2539 37186 6636 37624 6500 6569 14755 26183 9882 
25336 6130 16611 4991 9580 8969 8951 5177 14651 4900 14541 32229 14396 11652 28094 5181 9278 5069 5381 8066 1482 
25832 7959 15425 8278 9566 21407 15472 33001 7429 12329 31748 12679 4509 25860 16623 30210 3782 2175 3670 3573 13036 
25877 1256 1244 799 4328 7506 8816 4654 15263 7635 26177 1638 2295 11592 1136 2594 24378 15650 27771 24692 26058 34197 36019 11998 3227 34596 2598 12073 
25960 11180 35626 3436 25537 22186 15790 28564 35076 7859 33957 23029 8106 7841 28542 3206 30022 12220 13335 
26163 560 835 593 1270 4843 34500 30824 3090 1666 12958 4846 4674 608 12196 19039 12586 614 3089 3475 3463 4676 554 553 2920 9932 601 567 9930 14714 576 4848 586 8047 10028 8005 989 568 5169 1275 4729 6640 36719 8059 26825 616 22652 17132 22085 22077 10015 6645 20429 7524 14511 26686 18847 9483 5309 1667 32428 5305 20430 10288 16153 597 12970 26685 32707 4675 2921 12200 29266 15612 4692 992 1313 27818 5312 4678 4857 25360 29356 569 610 23998 1671 20427 4680 985 29805 10008 4673 27876 9951 10907 27987 12191 12192 1276 2923 4854 19052 36456 27833 5304 27819 22082 34212 29804 4686 17129 7319 579 12189 19056 13421 8051 13003 8003 29056 615 19057 5317 14713 12193 34206 1311 10275 
26175 13412 32426 4695 7528 20781 21643 7265 8133 8124 4051 4983 25295 8132 8135 20785 4989 
26194 31286 9648 6009 21943 31604 149 13100 22814 103 20 34572 22809 17217 277 158 28402 21947 12438 
26294 2902 17636 2724 2796 10460 18175 9987 5370 6765 3284 5354 6134 652 24347 5069 2792 17913 22198 4094 2637 8329 8683 29974 
26358 1138 15643 3260 4270 7480 660 3 2330 2932 1995 3591 2434 11503 2678 9805 13759 20407 9761 4257 1946 2126 10950 13093 8074 1040 1993 2686 1036 1077 1950 6701 2344 1922 5190 1045 7635 1881 35441 5781 8802 1830 20681 9439 5599 782 9016 2442 2157 11563 1875 7473 2071 29346 26440 4661 12408 7476 1442 10143 37845 2371 5 2032 11839 22427 7123 1595 5485 1114 11962 22426 30036 29176 8152 7254 2247 1050 18319 34201 1569 2171 2306 15 15648 4160 32265 4338 1090 15147 2351 7634 4621 2602 1069 2455 1898 3488 8650 3832 
26438 3679 15491 35425 14655 34770 23236 20583 36815 24883 15412 17632 25297 29645 29949 34594 26760 17015 10240 18173 11374 17149 25400 2906 
26591 4305 32275 12638 3797 34749 8415 24879 3807 3074 19721 22211 32250 29714 13651 5037 6792 3591 8314 20575 12897 18367 13282 6797 12911 34047 15394 20745 23618 10334 20587 17643 17455 22167 33592 17616 30459 27885 25473 37783 20596 35816 25145 37587 5182 7312 15456 
26746 16623 16624 11024 3812 3291 17121 11225 3259 23946 24863 8686 6659 3811 8436 3529 14435 10463 9285 9156 23302 2821 7429 11636 15444 18168 34918 31711 10461 32608 3508 
27085 26392 15047 17522 28612 28272 19917 26045 24051 156 29133 10630 3003 26035 28641 19978 28464 459 12524 20870 4818 
27116 2750 3259 821 76 6653 4503 2775 12915 737 3129 3483 8232 7357 734 2014 7333 
27265 5158 15024 10405 18504 2845 33404 7014 5798 20614 17714 28446 2889 10413 21355 2853 17720 861 24091 22122 5730 32276 21814 6853 33390 36304 20748 14957 34047 
27395 36495 18126 25988 24231 3904 9528 37346 30511 3162 26484 31064 20120 25851 18444 25853 34996 
27575 29003 9261 3324 674 31876 4236 74 27932 9153 5012 22063 774 25746 35353 3516 6268 22139 14867 37090 17453 19707 3789 3756 37890 9171 22964 24621 33713 
27674 9006 6395 27793 5225 25407 1084 7510 1904 1942 2598 19209 1244 15665 17185 8864 6404 30279 2147 6453 1330 6467 
27697 17760 31902 17167 21366 30554 18919 3354 23408 29679 20375 37599 7767 18380 1010 10298 13660 36671 9549 26635 
27703 5485 4053 11373 25295 34476 8127 947 5259 799 8118 8128 1979 4059 7213 8129 8123 15390 8135 2 8130 32510 951 4044 24467 8136 
27843 3243 8324 9335 845 4800 8147 15233 11478 30641 5242 22436 2014 3460 3683 11245 35944 9501 4508 
27863 36725 17340 26638 34839 23403 35112 18393 23390 30542 18707 29679 26641 13011 17760 12790 36502 
27899 8111 32822 32839 10182 36320 18025 24571 28554 2651 32851 31182 34552 35539 9352 32005 33137 
27922 29532 37489 24156 20940 22500 32105 21238 32177 28411 23117 31337 25975 3863 32742 813 82 20103 16009 11802 16649 29313 29623 37918 31326 
27951 928 12346 1496 1515 11614 2460 30809 7822 1330 21867 1245 1478 1244 4527 1130 34200 
28069 31638 14206 35205 4166 33265 35202 36884 3567 5325 3817 21410 31507 4329 37848 18170 9278 
28091 22819 28466 386 3027 9605 257 24413 313 153 5917 31677 17081 17083 486 37434 4840 
28095 15412 23501 6795 3818 33391 13280 31584 34344 25609 36463 21195 16623 18168 29362 18769 11383 12936 3573 2891 20745 
28148 12955 12745 25738 1728 14043 11928 14269 5436 18249 12797 5437 5445 31538 1782 32675 17194 
28184 8575 9058 19535 26578 36656 21913 35281 3351 26635 35473 37378 36652 18919 18393 36671 37217 30567 34800 19954 33419 17757 36270 33267 18821 23427 
28269 34495 7570 8866 903 1094 780 7104 4349 1087 4030 34494 37191 25663 5201 8859 5619 7098 37651 2097 5213 13745 5578 30376 1553 8830 9761 36564 17185 
28335 2628 35140 7550 8933 7548 14760 1946 21308 33597 33531 23830 10913 26093 7339 37186 17204 25348 
28361 22137 8668 10600 4948 2964 3647 3792 786 9502 704 8601 33284 3686 4086 25658 10074 
28395 20748 3291 14911 3618 9156 24609 36539 11049 5351 1682 4997 33320 15476 2170 34916 28600 3533 4865 3677 8973 14964 19722 9187 3635 
28835 17895 11449 27029 20857 24552 11124 11468 16694 27131 18436 28740 16408 3906 21548 20524 3996 
28916 34145 1018 5364 10470 6722 18174 5235 790 13282 16251 5396 7262 6798 14654 7964 7428 1629 15444 12327 
29096 32885 18119 27457 25717 32293 30762 25288 27448 30271 26076 30544 21285 35460 23266 25079 28385 27694 27697 29854 10281 27248 27567 34579 27534 27361 16314 27199 32292 23684 20081 19000 29170 27325 5070 32774 28741 21157 31614 2691 27484 24917 29751 36970 19880 24858 22301 20349 27188 14840 27322 20972 3952 34814 25762 24573 33735 26476 26458 30430 13087 33378 17786 32939 27294 16296 32533 34815 31297 30448 18440 27762 24911 20811 26191 25673 33397 27446 27410 17798 36450 19777 33354 27850 34416 33872 19002 16845 27359 32703 30256 22463 37435 27765 21614 24953 33739 3957 20256 37403 33854 16165 36102 33873 20974 32298 25207 35096 3870 35103 18559 33674 27597 
29214 7485 1245 11552 1489 4543 1143 19125 4459 9805 11521 1509 9822 14974 6241 17250 7570 4032 20076 11527 7636 11979 8271 10900 30121 5194 5453 29888 1038 35747 4483 15749 12930 34139 15503 25138 2344 7509 24357 6694 1721 8197 15677 13906 898 10949 1056 2222 24352 30739 32179 15665 1499 36713 1037 15672 
29491 30168 25138 2938 13002 2787 1249 14775 2718 8822 659 26847 10595 14894 7630 22429 8842 26656 9827 5485 8759 7126 30371 660 9818 11016 24360 4186 5517 22427 20623 1078 4214 1253 23548 35377 13316 1635 15629 8826 15275 10591 6442 15290 6508 9834 25139 25112 10685 7631 26659 1637 8864 15669 1992 15315 31509 1455 6580 9831 36453 8824 2575 2405 1046 7491 10950 4036 24684 11521 909 15135 7635 7123 9838 1068 1956 28725 32322 3821 1051 1035 20601 14983 6492 8764 1034 3379 22423 25092 10 1655 
29568 3604 7233 7643 17149 30462 34556 2182 773 3626 31494 7261 15 10927 5677 16446 12119 3479 2794 11051 2724 2963 1717 18174 27979 
29624 24051 3027 22808 34587 33 37386 28477 257 12431 32212 430 9515 29567 15043 29563 15046 28474 21788 28636 17075 
29639 14652 36176 20415 36442 5625 11338 3831 16442 3273 6443 36573 3828 10668 2052 6457 28059 
29764 4010 30431 29898 26548 3179 31342 24825 26108 24182 26256 16539 19516 20154 29850 23090 16684 
29852 2566 10973 25171 35381 2606 22433 10229 3338 12403 1596 4030 11899 1381 10481 33992 6531 30948 13094 24684 5482 
30004 6023 24662 26641 33230 18373 24438 4557 20174 7600 14296 10302 3353 29679 17335 36570 14875 23420 35764 33227 18376 29031 31514 26580 16298 9549 26336 17105 36652 20353 23403 8871 14641 33977 21556 32716 18396 23429 34149 16019 8575 27026 17103 21372 35958 26333 33979 34787 32720 34851 
30244 35244 9344 31837 12516 24649 24324 1427 4868 33316 15318 20716 13483 15686 34199 11628 4193 910 12708 
30347 5303 8008 35412 4675 17091 37142 7272 5300 26687 12179 1276 32429 29518 12190 10029 12189 
30384 34793 27161 25777 20349 25207 27579 32536 27055 16818 37616 27563 27710 15819 20168 21281 33615 28350 17255 35040 27680 27410 22565 
30576 33409 6822 12066 22051 27886 3525 12859 33490 17550 37996 6134 1538 10750 16377 28909 34189 7261 27751 11732 10463 24452 7828 29650 8674 6732 35207 14679 11401 2725 15481 11920 4934 4796 12017 3518 2963 9244 30942 14374 28914 3603 2855 3608 36737 7722 25681 21623 10113 3055 33560 28378 36596 30347 
30611 12179 28154 1271 19042 6639 10303 6637 3089 5305 12586 15612 555 9952 12169 12192 10036 12585 6644 10039 563 
30617 20311 1035 5485 1256 888 25387 2360 14589 1045 659 18431 8813 1189 11521 2109 31844 31743 26093 
30632 6058 3284 22550 28087 4273 2852 32606 3788 11729 5393 2881 9287 24875 28098 1018 15474 25861 14946 5678 10437 6053 6797 18066 4279 7652 3312 21359 7890 4502 20418 6038 34504 
30781 10900 37974 11962 15173 918 2513 1031 23607 2493 26182 2440 7550 13753 2063 5482 10771 
30847 23150 17675 13452 17246 1035 32512 25348 26180 13808 17376 8774 2933 17669 10944 6476 22488 13319 6558 7759 9781 36867 1166 37204 37938 24974 
30852 23493 4966 4237 9284 21824 26294 12991 35347 10214 30521 3806 9286 35171 17694 4087 5724 2737 15058 
30894 15093 30675 5234 17643 32967 857 5069 26369 13040 36793 7335 9566 18123 3788 34463 32442 3632 13583 3643 30929 37581 20573 846 35385 30067 13541 13668 14854 13032 3305 9172 3281 
31092 13425 10298 31901 24771 1010 23009 34851 37350 12820 17440 4557 14641 7331 33945 17172 22953 16767 
31225 25018 34432 15187 30484 1706 33521 10325 2598 32917 7106 13874 14746 12005 2505 13184 31127 5764 
31471 22198 653 21346 33560 7819 20620 34103 4240 28406 826 10381 11732 13684 34902 3254 31150 7573 806 3322 18637 15479 25857 739 24456 15056 30518 18769 19716 35769 
31524 8696 21624 8750 19325 10497 8924 26053 20191 9494 783 1541 2904 11894 669 786 4975 21623 812 6152 4590 711 24347 14397 3489 19326 1718 
31627 18994 11124 29538 25717 16808 30859 33903 35030 23117 37392 23265 36756 37309 35413 33581 16831 
