0 58 
2 252 232 
5 348 518 
9 947 928 901 
10 1260 
11 338 1429 1433 
13 1533 1597 1554 
15 1797 605 
16 608 1999 2087 1889 
19 2274 2308 2269 
21 2470 2499 
24 1646 
25 1849 
26 2796 2739 2825 
27 2916 189 2950 
28 2978 
29 3103 3098 
31 3126 
32 3144 3156 
35 3311 590 
36 3378 
37 3416 3096 209 
38 1705 
42 1120 3643 3625 3619 1303 
43 3736 
45 2041 4096 4049 
51 2252 
55 3087 
56 4562 
57 4577 4570 
59 3726 
62 4687 4701 
63 4866 4846 4539 4813 4728 
64 4959 
65 3805 269 
68 5039 
74 5170 
77 5235 
79 779 1402 
80 5334 
84 5384 5380 
85 837 4905 
88 5599 
89 805 
91 428 364 379 306 
92 3463 5946 5913 5939 
93 1437 
95 2976 
102 1696 
103 2521 198 
104 6339 
106 5061 
107 208 6445 
109 6501 6475 
111 6631 3070 
113 1032 
114 6384 
116 655 627 
118 6765 
120 6789 540 
125 7014 
126 1149 
127 4369 4994 
128 316 7269 
131 7357 7372 
132 2432 
133 4256 7436 
135 464 7451 
136 4738 
138 1448 
142 7674 
143 5729 
146 7792 7774 
162 8197 
163 8272 8219 1261 305 
166 764 
169 8378 
171 5423 300 621 8818 8666 3039 
177 36 8896 5145 
180 1302 242 
182 9063 9071 5759 1381 9032 1345 
184 9143 7445 
186 7114 1679 
187 4623 198 9295 8366 
189 2263 6610 9363 
193 3880 
194 9458 9451 3402 
197 9527 
198 4377 9582 
200 9632 
202 177 
204 3266 6131 503 7712 
205 1572 
207 9875 9857 
210 9459 
214 10014 5282 
216 10059 2773 4942 
217 10131 6635 
218 525 5698 7911 
219 371 549 
220 1099 
221 10463 
223 10201 
227 10635 
228 2538 129 
229 10568 10742 
234 10730 
238 10669 
241 8830 54 
243 870 11096 
244 10800 545 11153 2624 316 
247 11261 
249 85 
251 10584 
252 10537 
254 11561 
256 1299 
257 598 
264 5926 
265 10035 
267 10192 5503 10527 
272 2971 
275 1216 
277 12022 12063 
282 3021 1209 
284 369 
290 2972 
294 12257 
296 12274 
299 1072 
300 203 623 
315 978 
316 1858 
320 722 
323 870 
326 12890 1967 12774 4031 642 
327 11468 
329 1780 2337 1433 3323 
340 12162 
346 13130 186 
347 865 4136 
348 563 
350 13256 
351 13272 
352 13289 
353 8610 2190 13319 12145 669 2525 13304 
357 3830 
360 13471 11871 
361 5840 11072 
362 2817 
363 1843 
365 1314 
373 8378 
374 13721 
382 3218 
384 1076 
385 13850 
390 10102 
393 1930 14000 
394 14097 
396 405 
398 14317 
401 2706 5113 
407 4329 461 
411 14571 
412 3297 8139 3313 
413 14611 
414 8386 
416 14615 
418 3607 
419 4429 
420 14692 
422 2432 605 
432 3448 2578 1198 
433 1786 
435 13522 14899 
441 1708 
447 6664 15072 1627 
448 3855 
450 1026 15145 
452 10747 
457 8311 
459 9924 
461 10989 
462 15129 
463 176 
464 3962 3559 11093 
466 3670 
469 15351 
470 1848 
473 8608 2474 1574 
476 1259 
479 9377 
480 14860 
481 2959 
482 13840 
485 1984 
486 5512 2011 
487 13056 13098 3642 10139 
489 5781 
490 1919 
491 14760 15691 
496 15731 
497 829 1870 
498 4696 17 15799 
500 1476 
501 3896 
503 12097 1114 
507 155 594 
508 16041 
518 13484 
532 844 
533 16232 16242 
534 2828 
535 11047 
537 4031 11657 647 917 
544 15442 16457 10232 6595 1260 2180 16505 
546 1430 
547 11695 1918 16585 3925 
548 3142 
553 2713 
555 1674 375 
556 16813 
558 16828 4828 
564 16899 
565 12797 16903 822 
568 7461 
571 16992 5398 
572 14567 14573 
573 909 
574 5398 
577 17158 17146 
578 8380 
580 12623 1014 
585 814 
589 12479 17222 17388 12630 3809 9274 12481 17099 8584 
593 5214 
595 17421 
597 16630 
599 17467 
600 6478 924 
605 13321 1712 
608 5355 2193 
609 16290 
610 10584 11203 9980 10767 
611 17564 
613 8862 
614 12616 
620 17642 
621 9443 691 
622 17681 8304 
625 17710 
627 3121 10045 8141 
632 11478 
633 2768 4160 17839 
634 1665 
638 2460 
639 8682 
641 703 
642 6835 
646 3907 714 
650 4934 4960 
652 18129 
657 1288 
665 13744 
667 10756 
670 18219 
671 14983 
672 11313 11317 
674 3774 
676 2929 
677 2601 2180 7375 2456 8176 
680 18306 
682 18317 16160 18326 
684 1029 18349 18350 10044 
686 14055 2305 6831 14655 
687 15372 18394 17062 197 8602 7378 
690 705 
693 18440 
702 12091 
704 2966 1064 
712 6711 4422 
715 9810 10466 
716 18262 
719 123 
721 2267 8650 
725 1885 15260 
737 18811 5557 
738 11285 
742 2493 
743 5147 1292 3648 392 
745 9986 
748 17084 7426 18889 
750 15360 18894 666 
751 10094 11305 10745 
752 18916 192 
756 18974 
759 5558 10575 10925 
767 2891 
776 19123 
782 8522 10128 5487 
783 5547 
786 1811 7709 18595 
787 6363 6122 19180 2635 19242 
790 11509 
797 16756 
799 3143 
806 19362 514 
809 654 
811 6216 
812 6603 
813 12801 
816 19423 5479 
818 17493 207 307 
823 5547 
824 14791 19482 7725 
831 4186 18458 
835 5450 
836 5314 375 
837 5015 
840 19609 3719 19626 4514 
841 13947 
842 4735 
845 3598 
849 2687 
852 10265 8749 
853 896 
856 6768 
858 2525 
860 5525 
861 19761 
863 9942 14131 827 
866 17861 302 795 
869 19927 10488 
870 3440 416 1113 
874 814 16575 2052 1708 
876 17478 
880 3304 
886 20125 6607 3765 
891 473 
892 718 
896 1500 5372 
897 14722 461 4159 11463 
901 13915 
903 6824 682 8876 
905 1076 151 20281 2286 
914 8494 20376 7752 
918 7249 
921 12790 
923 18071 955 19195 
925 10897 
928 679 
932 17573 
934 7238 
940 809 370 
946 20671 
950 20686 
952 1586 
955 20723 
956 20757 
957 11278 10127 
958 11296 
964 458 
966 805 
967 17746 
970 15086 20886 20883 821 
971 6130 
975 3501 
976 283 
978 256 
981 15964 17383 4994 
982 5685 
983 16656 
984 558 15414 
985 1233 
986 907 
987 10554 
991 21040 5847 5321 19596 
992 13682 
995 11823 10736 10159 
999 9577 
1000 16454 3448 
1001 21194 
1003 13607 
1004 5532 
1005 5487 
1009 21240 15246 21238 1311 
1013 4272 
1020 13087 
1022 5905 
1024 21301 
1033 9914 
1034 19715 
1038 12919 
1049 16235 
1051 1717 
1052 21530 
1054 21578 
1055 15338 
1056 20451 
1062 21696 
1063 10578 
1070 21830 
1079 21857 
1083 21909 
1084 21919 
1085 22003 2533 
1093 3297 
1094 1181 19624 6235 8223 
1098 22210 
1102 19642 
1104 13850 
1107 1551 
1109 22273 
1111 4955 13069 
1112 21905 
1118 6210 
1123 22576 21918 22418 22558 22600 
1125 2971 
1134 16940 
1135 20876 
1138 4696 
1142 917 8560 
1146 192 5886 
1147 22833 
1150 16550 
1160 22919 
1168 18498 
1174 23220 
1178 13583 
1180 5440 18704 
1182 3212 
1186 3947 
1194 3704 
1196 12983 
1198 23405 
1205 21679 15162 
1208 3938 17410 
1210 1712 
1217 4827 
1225 23598 
1228 14574 
1231 5986 
1232 23631 23640 
1233 23659 4198 
1235 23669 
1244 18366 
1249 4726 
1250 13119 
1258 23854 
1261 6965 
1262 23972 18195 226 2451 
1267 14140 
1275 681 3127 22678 
1283 24278 24235 22902 
1284 22317 
1290 2315 
1293 2929 
1299 1899 
1304 24430 
1307 22441 
1308 22191 
1312 24577 
1316 4776 
1318 23913 
1320 22905 
1321 789 20278 6799 10350 7417 805 
1323 314 24880 162 
1338 23293 25081 25074 
1340 25111 
1341 21135 
1345 23665 
1346 25167 25172 21493 
1347 11241 
1353 22509 
1354 24117 
1356 2202 
1364 20727 
1365 15068 
1366 15565 
1369 12726 
1370 2514 
1373 11600 
1374 2776 
1377 473 2286 7865 
1379 25452 
1380 7028 3400 
1384 17870 25497 
1385 11163 
1386 3227 
1393 25607 
1396 3171 
1398 1504 
1401 50 
1407 3900 
1410 23036 
1411 3551 
1413 19247 
1414 4118 
1418 25846 
1422 15870 
1423 10045 
1431 12428 
1432 24204 
1433 15269 
1440 4561 
1445 98 92 
1446 4906 
1457 21174 21117 
1461 24888 
1465 15357 
1469 4833 8933 26178 26173 
1473 10485 
1478 9846 5443 
1485 22127 
1487 22856 
1504 24074 10643 
1509 25751 17405 
1510 10879 26049 
1512 23009 
1516 13956 
1517 20267 18598 16185 
1518 4433 
1532 559 
1533 18630 
1534 3925 3370 
1535 9658 
1541 23117 
1543 22438 
1546 23722 22890 22473 
1547 24260 
1550 17970 5470 
1553 9981 
1564 722 26801 
1567 15652 
1581 13652 
1583 26592 
1584 2642 18610 
1600 22891 27063 
1608 22902 
1609 1538 
1613 3910 
1624 27174 
1625 5168 
1627 23681 
1633 7129 
1636 2319 27346 2244 
1637 8535 
1638 12619 14109 5897 14089 
1641 14146 
1642 27442 
1650 22648 
1652 4872 
1653 27483 
1659 24313 
1667 499 513 27630 
1673 27677 
1675 6079 
1676 12605 
1681 2307 
1682 19709 
1683 25040 
1687 21508 
1693 25106 
1694 27769 
1697 6423 
1702 23258 
1706 2190 198 
1707 881 
1711 27878 
1712 8863 
1717 26451 
1732 21145 
1735 24230 
1736 19725 10742 
1738 27974 
1740 7509 
1743 5156 
1746 12527 
1749 26484 
1754 4189 16579 19862 1526 
1757 3215 22312 468 
1765 19923 14869 
1769 26271 
1770 7408 
1777 19007 
1779 22387 10879 28179 
1782 26842 
1788 307 
1790 24302 24205 28269 
1791 12190 
1792 18822 
1793 4924 24871 
1795 3107 2464 
1798 1299 2624 
1799 13528 
1800 12901 
1807 28348 13144 
1809 1538 
1811 177 28378 
1812 27342 
1814 1348 299 
1815 1881 707 6677 
1817 10175 18911 10131 
1818 28436 1138 
1819 2967 
1826 10146 
1836 1242 
1840 3408 
1842 28518 
1843 9739 19259 3213 11851 18410 3121 
1847 4867 
1850 4735 3100 
1851 13482 
1858 2735 
1861 13462 
1864 2474 
1867 28644 
1868 8930 
1869 192 1831 
1870 1842 
1872 2097 
1874 2937 
1882 28698 
1889 28734 
1890 837 
1891 22725 
1892 15601 
1894 26127 28809 
1898 3328 27419 
1904 1582 1433 28890 
1914 4651 2526 310 
1915 8570 
1921 8138 1962 8153 18484 
1922 7294 22054 
1924 553 
1930 23301 
1935 23890 
1939 14644 
1940 23028 23525 
1941 10933 
1942 7924 
1945 6685 
1950 13448 
1951 3958 29130 
1955 29147 
1956 21555 
1957 3606 
1960 29178 
1964 5942 
1970 5635 
1973 2467 1593 
1977 3935 
1981 26839 
1986 21939 27080 
1988 23028 
1993 11077 
1996 20993 
2003 11973 4195 
2005 22508 
2008 7203 
2015 16775 16771 
2016 92 
2017 147 959 2405 
2019 28343 11586 
2020 4084 
2021 1076 10447 
2023 10879 
2024 29487 
2026 24105 22562 
2028 4699 4686 
2031 1509 
2035 23108 
2042 22902 
2044 6488 
2047 26366 
2048 2929 
2052 1708 
2055 29651 
2059 11637 
2060 8394 
2062 4789 12913 17687 
2064 29707 3270 
2067 3609 
2070 27106 23383 27858 
2072 24505 
2073 23221 
2074 23297 
2076 22415 
2078 22562 
2085 23651 
2098 25358 
2099 20407 
2101 477 3052 2067 
2104 6975 
2107 10787 11289 2662 
2112 559 837 
2113 16180 10574 7704 
2114 10489 24846 
2116 3681 12492 1191 
2120 3192 
2125 17092 244 19407 10471 
2128 9471 
2129 9577 
2130 617 
2135 10694 
2136 9471 
2140 2692 4895 
2142 29964 
2144 22652 
2148 8399 24478 
2153 22736 
2154 17893 2016 8793 
2156 21323 
2157 11672 30299 
2158 17644 
2165 7207 
2170 714 
2174 305 
2177 15643 722 1067 
2178 8139 
2184 26425 30362 
2188 24475 
2193 10689 
2200 26783 
2201 19330 
2202 1117 
2205 14745 
2209 30433 
2214 25050 
2215 21375 
2216 456 12605 
2222 7480 
2226 8622 
2229 30497 
2230 510 10490 21842 
2237 12438 256 1609 
2246 8747 
2249 28428 
2252 18438 
2255 22830 
2264 25241 
2268 22592 
2270 21695 
2271 7364 1455 
2273 2893 
2276 23930 
2277 30633 
2278 12624 
2282 14321 
2283 13846 3275 
2292 30665 
2294 19483 
2296 11 
2297 9755 
2299 18767 
2301 1076 
2302 2659 
2316 3052 
2322 10009 1571 
2326 8197 
2327 1421 306 
2332 15989 30774 2146 1563 
2337 2956 
2347 17143 
2348 11462 2396 
2349 27268 
2359 12329 2084 18017 
2360 335 
2361 30885 30573 
2366 3866 
2370 473 730 637 
2371 25830 
2373 16045 
2374 4747 
2375 29834 23529 
2380 30955 30950 
2382 2910 
2383 30969 17643 
2387 21436 978 
2390 4805 
2395 3968 
2400 10753 319 
2401 888 9718 
2405 1570 16892 8727 
2407 31037 
2410 22902 31057 
2415 22544 23709 
2423 2908 
2428 12482 
2429 27342 18315 30540 
2430 24965 
2431 23504 
2434 20727 
2436 512 502 2438 
2440 21948 
2441 6983 
2445 26914 6520 
2450 8884 
2451 11129 
2455 10879 27993 
2462 12941 
2464 23643 
2468 3711 
2469 8884 
2473 4473 12660 7557 
2475 20395 26129 
2479 4736 
2485 21333 
2487 24022 
2488 23959 
2490 8573 
2493 31469 
2496 2882 2830 
2503 2034 
2504 18623 13021 
2505 7207 
2509 12682 3320 18025 
2513 23196 
2516 22883 
2526 21544 
2528 22630 
2529 942 
2530 8795 
2536 6236 22082 
2540 12339 
2558 4122 
2563 9578 
2566 23018 
2568 22174 
2571 31695 22413 
2577 31711 
2583 19354 
2587 20973 10356 1648 
2589 14553 
2597 29518 
2598 16181 
2600 8158 
2602 540 17725 20121 
2612 23225 10880 
2620 24282 24264 
2624 28034 31082 
2626 6539 4430 7036 
2629 506 2228 
2632 13851 21319 
2644 550 
2645 31882 
2652 23710 
2668 22539 
2675 6525 18009 
2678 12626 
2686 30042 
2688 4855 6686 
2699 16237 
2704 9167 
2707 29859 
2712 23169 
2716 15939 
2717 17484 29062 
2722 22831 
2727 4579 
2730 32131 822 
2735 17962 7624 
2737 27798 
2740 21902 
2741 13196 
2746 165 
2749 3810 
2756 509 
2759 18630 
2761 26226 
2762 27820 
2763 3892 
2769 10843 
2771 18650 18669 
2774 13221 
2777 1750 
2779 32239 
2782 26470 
2788 461 15425 
2789 11672 
2790 10882 32281 
2791 1842 7458 12462 
2801 32018 
2802 32329 
2803 22368 
2805 18738 13789 
2806 9885 
2807 493 22268 28311 
2812 5638 4516 
2814 7642 19309 18957 3388 
2817 10923 
2818 1875 3913 16364 
2824 2127 
2825 6510 
2835 11615 
2839 8027 4625 
2840 7259 
2841 5967 
2843 3022 
2852 27876 21178 
2859 1660 
2869 7163 
2871 643 
2873 32038 17758 12733 
2879 3284 
2880 3925 
2884 22911 22630 
2894 15206 
2896 1511 
2897 17405 
2901 650 
2904 3266 
2905 32169 
2907 1207 11453 
2908 32617 5145 
2910 23262 
2911 19839 2880 
2914 9148 
2915 3504 
2919 10487 
2923 18558 
2929 6038 
2935 3195 
2940 31809 
2949 29723 
2952 829 
2957 32747 
2959 32745 
2962 27192 
2966 32795 
2970 7336 
2971 23252 
2972 32813 
2975 22337 
2978 16268 
2979 4037 
2981 2970 
2992 1043 
2994 2256 2474 19205 
2995 22818 
2997 27135 32889 
3003 4531 
3007 7235 
3011 547 
3013 5575 
3023 1087 
3025 1627 
3026 11230 
3027 12840 29216 1952 3984 17864 
3032 11846 19769 
3037 22406 
3039 5276 
3042 26340 
3051 32992 
3052 32997 
3057 3485 
3068 15376 8248 9563 
3069 24952 
3070 5515 
3071 5198 
3074 19728 
3081 1354 
3083 1335 
3084 12519 
3085 13065 
3087 25953 
3105 33148 
3107 16725 16719 
3112 292 
3113 23035 24535 
3115 28005 3297 18501 3589 
3116 17406 
3117 3199 3198 
3119 25432 22643 
3127 32263 
3137 24054 
3150 12759 
3152 33350 
3153 6966 
3156 1637 7931 
3164 8637 
3165 410 207 
3166 33379 
3169 20735 
3170 7548 33417 33415 316 33410 32283 
3179 31385 
3180 33448 
3195 9715 
3198 718 
3200 21773 
3204 7837 15079 1067 
3205 21112 
3206 176 
3211 2136 2362 
3212 13597 
3218 25873 
3228 5577 
3231 26083 29013 
3233 16141 
3242 29607 
3245 6928 
3250 24079 
3252 30983 1032 
3259 17022 
3261 5422 5766 9293 9864 
3263 21752 
3283 20581 28895 
3284 152 1960 
3287 14522 1425 
3292 4436 17316 
3297 4111 
3302 33688 
3307 8915 
3311 31903 
3313 7989 16437 
3319 11522 
3328 33767 
3330 33726 22499 
3334 33786 
3338 5103 33808 27436 33799 26284 11841 
3345 23810 
3361 1755 
3362 559 
3364 23612 
3373 30335 
3377 6747 
3379 8231 
3380 6816 
3382 23236 
3383 4505 
3387 8050 13915 
3400 3224 
3401 21019 
3403 8079 7589 
3404 10742 
3407 8416 
3412 34001 1613 
3413 25581 24977 
3423 8923 
3425 26270 
3427 15780 
3432 3411 
3440 34038 
3445 13790 11334 
3446 14247 
3450 26441 
3452 3081 3022 
3462 33460 
3463 9830 
3467 21909 
3474 32384 11751 
3475 681 
3477 12934 
3486 23293 
3487 4139 
3490 10471 
3494 1317 9897 
3499 3432 
3501 17212 
3503 2286 
3507 1666 
3509 12705 3364 16622 17517 
3515 13069 
3523 20348 
3524 22959 
3527 22438 
3528 34191 
3535 2498 
3537 5327 
3543 327 
3548 18905 
3551 456 
3553 13532 1405 
3554 12909 
3560 13802 
3561 13142 
3563 28406 
3576 16016 
3584 22623 
3586 3799 34297 
3590 19324 
3591 6658 
3592 16951 
3596 15991 
3597 744 
3598 32436 
3603 3220 
3607 19803 15872 
3608 17999 
3610 8367 
3612 4629 
3615 6461 17401 12862 
3616 34358 
3618 2146 12278 293 1569 3099 
3626 34392 
3627 17695 
3628 34407 
3632 23507 
3633 14312 
3634 28271 
3635 23014 
3639 28189 
3654 3795 
3659 8393 
3660 25602 
3665 9765 
3668 14253 
3670 17766 
3675 28886 
3676 11106 
3678 23368 
3681 19715 
3693 10064 
3695 3131 1740 32410 
3697 20531 
3698 21287 
3699 24247 
3704 23109 28820 27263 28681 29358 
3705 4588 
3708 31074 
3720 14588 
3727 9393 
3729 14315 
3730 34614 
3732 7818 
3739 6469 
3745 991 
3747 2970 3936 13363 
3749 1537 1320 
3751 29401 
3753 22959 
3756 396 13910 34660 
3759 13459 
3764 24740 
3766 19185 23048 
3771 24131 
3780 30164 
3783 22465 
3801 30704 
3810 23239 
3818 14411 
3820 288 
3822 23311 
3836 75 9007 
3841 19581 14594 
3850 3391 2981 
3858 3501 
3859 19557 
3860 15115 
3862 23006 
3865 23874 
3867 34861 
3870 16515 
3878 28238 
3882 29975 
3883 25667 
3890 34908 
3892 7171 
3897 7831 7988 
3900 24544 
3904 12457 
3905 34938 6206 
3908 18819 
3912 27783 
3913 22719 
3914 32216 
3916 8371 9471 
3922 34681 14497 
3923 3832 
3929 30508 
3931 9278 
3936 6901 
3940 8684 3767 
3941 3256 6139 
3942 35027 
3944 33247 24872 
3945 22354 17746 
3953 5184 
3967 26053 
3968 245 
3970 17406 
3971 29608 
3974 22545 
3977 21851 
3989 23370 
3992 30544 7797 16871 871 
3993 28911 
3997 21950 
3998 13217 
3999 2363 
4003 810 
4005 2942 
4011 6578 8669 
4013 6622 9618 
4015 13720 
4016 1661 
4024 9199 
4025 21300 
4026 3768 
4028 8686 
4034 2398 
4036 15566 
4044 6445 
4047 21150 17406 
4048 19007 
4056 474 3840 12615 3887 749 
4058 24446 
4059 31663 
4060 25700 
4062 24454 
4066 16732 
4067 10031 2525 
4068 22361 22637 22378 
4070 29165 
4075 30084 
4079 9915 
4087 32785 26475 22919 23503 25240 
4088 10119 
4104 28380 10100 2499 2620 
4110 8157 
4115 21228 35260 
4117 3433 
4122 17405 
4131 3685 
4133 5005 
4142 14510 
4146 3617 29283 
4147 35297 
4152 2533 
4155 22369 
4158 19739 
4160 14662 
4163 24564 24709 
4164 17068 19206 25812 10087 
4166 31441 22424 22491 
4168 501 12395 3589 
4170 2510 
4173 1210 2624 
4177 13206 
4178 32028 
4179 1787 
4181 801 35107 5006 6815 
4187 1995 
4188 16284 
4192 23806 
4193 3191 
4196 12170 8884 319 
4197 1772 
4199 1563 
4202 4067 17949 22859 3951 1936 4068 
4203 13180 4544 
4213 2839 7230 1780 
4216 20466 
4221 4458 24795 
4226 6550 
4232 3071 16625 
4237 12851 
4239 35466 
4242 33979 
4248 35476 
4253 34587 
4257 17498 
4260 4077 
4270 21261 
4272 14946 
4286 13923 15555 
4288 11367 
4291 9659 
4292 35028 16203 
4296 18508 
4302 2274 
4305 7637 
4313 30153 
4317 28031 
4318 29003 
4319 2701 
4325 14778 
4340 25831 
4347 35626 
4349 21856 
4356 553 
4359 4243 
4363 28011 
4376 2687 
4389 25016 
4392 27857 
4394 35689 
4399 9794 
4403 714 
4405 3041 
4411 30885 
4421 21860 26459 
4424 870 9344 296 
4427 2971 
4432 19354 
4433 11498 
4450 1692 
4452 11177 
4458 20270 
4461 35762 
4466 22602 
4472 24420 28794 
4480 18578 
4485 24153 
4492 6526 
4496 253 
4508 6088 2099 2172 1787 1441 
4509 20296 
4532 16960 
4539 7058 9369 
4542 17533 
4544 7605 
4547 33753 
4549 10078 
4554 16398 
4558 16602 
4560 2185 
4569 12989 
4570 2664 
4573 35935 28302 
4575 19364 
4583 5194 
4585 23807 32268 
4591 1526 
4597 6353 
4604 3402 14677 33349 
4612 29935 
4613 23297 
4618 23392 
4620 4289 1292 
4622 1711 
4634 19791 
4638 33613 
4642 17087 20526 1726 5176 33922 6038 
4643 1935 
4644 3323 12309 
4647 1537 
4648 23717 
4649 16427 
4655 15237 
4656 17643 
4661 15156 242 
4662 19112 
4663 14872 167 
4665 454 
4666 13936 
4668 16970 
4674 12912 
4675 685 14597 
4687 6821 
4693 20813 
4705 3025 13808 
4713 24923 5359 
4714 4294 
4717 11473 
4718 3566 
4720 36093 
4725 593 
4728 17072 
4729 7572 
4731 12149 12320 6127 
4732 3039 
4738 12190 
4741 161 
4743 3570 
4748 205 
4753 10601 11094 
4755 4820 4819 2673 827 
4762 17079 
4763 10090 
4766 3101 206 
4767 6491 
4769 25964 
4779 10883 
4780 25772 13119 22376 
4782 26660 
4785 23343 
4790 30518 
4800 3633 9174 
4814 1990 
4815 34384 
4823 28620 
4824 36248 13145 
4828 16745 
4835 267 
4838 13424 
4841 11848 7746 838 12534 
4843 6307 
4847 3021 4215 196 
4848 31436 
4851 29396 
4857 22879 
4860 33459 
4862 24393 
4863 32467 
4865 5899 
4866 27088 23909 
4867 29013 
4869 2483 15880 
4877 25060 26441 
4879 26898 
4886 18498 461 12506 
4887 17157 
4893 24637 
4905 1862 33551 
4906 3151 
4911 513 
4921 10475 
4922 36061 
4926 1828 
4930 2258 481 9816 2263 
4942 501 
4945 22473 
4946 16615 
4947 7457 
4961 2266 
4968 4250 
4969 27237 
4972 10913 
4973 2827 
4974 2337 
4975 10852 
4976 11414 
4978 36440 
4980 248 
4983 10963 10964 
4986 12727 
4990 31673 
4992 23826 937 1933 2525 
4993 3611 4792 
4994 18177 
4995 7703 
4997 26033 
4998 4246 
4999 3006 17094 3261 
5001 20837 
5002 6076 
5004 187 
5008 4222 
5009 488 10525 521 
5016 9495 
5042 30732 
5044 10740 3620 1413 
5045 1525 32838 
5046 36523 
5062 28358 
5064 6281 
5067 22773 16716 
5080 18023 
5081 28410 
5082 17092 
5084 3520 
5091 8498 
5096 18766 
5097 36032 33382 
5101 4092 
5108 25887 17472 
5113 19423 
5118 14096 16063 
5123 6455 
5124 12194 
5126 14477 
5130 22363 
5137 23293 
5138 29541 
5145 19113 25857 
5158 4582 
5162 27410 
5165 21 
5177 21444 
5186 9851 6142 
5192 21805 
5193 294 36659 10258 
5194 5790 
5195 23447 
5204 6452 
5208 32769 
5210 19799 
5219 4598 
5221 25456 
5224 6529 7017 8195 17544 
5240 14034 
5241 34293 
5246 7328 
5251 20956 179 4612 
5254 6527 
5257 12713 
5259 4545 
5261 36720 
5262 17024 
5264 12618 
5271 7209 3152 
5273 15097 
5274 2373 20365 
5276 9202 4798 
5282 18160 314 4629 5767 
5284 240 2493 
5290 9822 
5296 27277 
5297 24168 
5300 29138 
5301 23120 
5302 5368 
5320 26001 
5327 36787 
5330 13299 6109 
5331 10142 
5337 22648 
5344 5127 
5345 1607 3026 
5348 10883 
5359 1533 
5377 19445 15438 
5379 19629 
5387 6624 
5396 838 1029 33560 
5399 28544 36854 4753 17685 
5410 36868 
5411 21126 
5413 22623 36783 22592 
5423 683 
5430 22024 
5437 30682 
5440 17786 
5442 3898 
5444 2618 3713 
5451 5558 15872 4755 22251 
5452 14773 
5454 21736 
5456 10956 
5463 283 
5465 682 35804 
5469 19166 
5479 19994 2907 5775 
5480 8533 4732 
5486 14015 
5489 31137 
5492 3266 
5494 36961 
5499 1286 
5506 2168 
5512 5430 
5516 5380 
5518 34562 
5521 21671 9998 14894 
5525 12889 
5528 36684 
5531 3069 9438 
5536 195 
5537 192 
5538 9985 
5542 2167 
5546 12061 20482 
5548 11678 
5549 23623 
5552 7125 
5553 28174 
5555 34275 23643 
5560 27041 
5561 27156 
5568 24512 25297 
5569 22988 
5582 37034 
5584 12398 
5585 3052 4568 6978 
5586 13272 
5591 2056 36977 
5594 29915 
5601 559 
5602 10032 
5604 35251 
5611 5723 
5612 15914 
5615 22272 
5618 16430 
5626 2478 
5636 37091 
5638 30685 
5642 22159 9593 
5646 22421 
5654 22634 
5656 550 
5661 17456 
5664 16782 16583 8003 
5671 23256 
5692 18365 14655 
5697 6059 
5698 161 
5703 7973 
5705 9338 
5714 4120 18370 
5716 29871 33455 35304 16148 
5717 18931 
5722 4162 
5725 37178 
5726 2437 
5730 21892 
5739 8476 
5746 26198 23804 28011 20369 
5752 12313 
5754 8639 
5760 1915 
5763 4766 
5764 13277 
5775 8279 
5777 9656 
5783 22489 
5784 27759 
5788 17336 
5794 4289 
5796 728 470 
5797 21022 8890 
5798 25421 
5806 155 7742 
5811 37249 23688 37248 22513 
5812 22919 
5815 28701 
5830 25294 
5836 21536 
5844 14145 14199 
5846 22491 
5847 19984 4843 
5848 23518 
5851 21836 
5864 3191 
5868 31543 22635 
5869 37299 
5871 8706 
5879 3196 1711 
5883 8385 
5884 3218 
5885 17386 
5896 2938 15053 
5906 6938 
5907 35411 
5925 11621 
5926 23926 
5933 33335 
5934 25653 
5936 34446 21930 24457 37354 25682 
5943 25072 
5947 27320 27902 
5953 9742 
5963 12105 
5968 8410 
5969 32355 16451 
5971 679 
5974 9770 
5991 30842 
5992 4170 
5993 23570 
5998 3195 34596 
6002 13202 18344 34530 12689 
6004 6190 
6008 18467 
6009 11049 
6023 29630 
6026 21282 
6034 18695 
6037 12618 
6039 12882 543 15104 
6042 4007 2044 
6046 21224 
6049 37461 
6053 24403 28794 
6055 18945 
6056 12340 
6057 35981 
6061 399 
6076 12618 17112 
6083 32384 
6085 7652 
6092 6942 
6101 27146 
6103 19361 
6112 32136 
6118 36192 
6122 1545 
6128 33852 
6131 22633 
6134 2525 5887 
6136 2220 19157 
6138 19477 
6151 23902 
6152 22633 
6153 256 5187 2216 
6157 28342 37291 
6159 37587 
6171 13643 
6173 10111 
6174 33074 
6178 35546 
6180 4210 
6187 1847 
6194 30854 
6199 25092 
6201 21167 
6213 559 
6215 27712 22378 
6222 21388 
6226 14062 18381 
6232 25487 
6233 32318 
6235 937 
6236 10274 
6239 8921 
6240 12293 
6246 16983 8328 
6248 20114 32102 
6250 2628 
6251 27542 
6252 25766 
6257 17491 
6264 17094 
6265 25799 
6272 293 
6274 991 
6281 8386 
6283 5860 
6293 15681 
6298 37689 
6300 19535 
6301 3071 
6303 21047 
6310 30040 
6312 4412 
6313 2116 
6315 4951 
6317 14312 
6323 25090 
6325 11240 
6330 3372 
6331 7335 
6341 513 
6343 21800 
6344 4520 2273 
6350 31485 
6352 30724 
6356 1464 
6365 23296 
6388 10412 
6389 18429 
6392 16542 
6396 22831 
6397 14378 19020 
6399 21318 
6408 24278 
6411 1168 
6420 980 
6422 13811 17696 
6425 15233 
6427 1555 
6431 12106 
6437 6835 
6438 6206 15249 
6444 7458 
6463 11 
6471 8728 
6475 37673 
6481 10896 
6488 36438 
6491 30530 
6492 6696 12399 
6497 15363 14779 13336 
6501 27960 
6505 18413 
6509 28964 
6510 35518 
6514 13961 
6518 2258 
6523 17054 
6524 5256 
6525 29449 16862 37860 
6527 374 
6536 1029 3928 3829 4261 17717 5747 7153 18522 
6541 5271 
6545 1594 
6546 19005 
6547 3311 
6555 13487 
6556 31798 
6573 20369 
6579 18223 1294 
6581 24032 
6588 22585 22430 
6594 23656 
6596 7482 2472 
6598 10880 
6599 37939 
6600 35274 
6601 4000 
6606 12324 
6609 20940 
6615 822 10957 
6621 32305 
6623 3893 
6632 26311 
6633 3807 
6635 37962 
6644 30696 15817 15800 
6651 2881 
6653 8699 36459 
6654 2168 
6655 3306 
6658 23459 
6663 2086 
6669 6833 8728 
6670 4766 
6680 18535 
6685 25538 
6698 3772 13828 16749 
6702 805 
6703 4205 
6705 412 
6708 23872 
6709 910 
6711 37165 29380 
6716 16234 
6717 15243 992 
6722 32133 
6723 11863 
6736 292 
6738 8850 
6739 23006 
6754 26279 
6755 10472 
6758 1563 
6764 30485 
6765 31941 
6767 32320 
6770 3577 
6771 30979 
6780 7000 
6781 893 
6782 37336 
6783 3955 25988 
6786 4659 
6788 8147 13505 2954 17990 
6791 1469 
6792 28984 3615 
6793 3747 
6794 27637 
6799 28888 
6805 27738 
6809 24275 
6811 23297 
6813 24501 22397 
6816 22380 
6820 18947 
6825 30384 
6831 19 
6841 14755 
6842 38103 8540 
6848 16869 
6849 478 3076 291 14255 
6852 2345 
6856 3112 
6865 1849 2286 34920 
6874 26871 
6886 22534 22719 
6887 15779 
6892 1609 
6893 15213 
6896 12190 29780 
6897 13252 17040 
6905 27274 
6916 5431 
6922 8564 
6929 1857 
6931 28379 
6942 24070 
6945 22058 5014 23418 
6949 28060 
6951 38195 
6953 33597 
6955 23686 
6957 26821 22526 38206 26093 24497 
6962 37729 
6968 25824 
6969 18883 
6977 26464 
6979 38237 36164 
6982 22918 
6989 8413 4753 
6995 31469 
7002 26365 
7006 12439 
7008 8155 
7010 10868 
7013 31185 22247 
7017 5110 
7028 22632 30935 27942 33415 
7031 22990 
7047 37006 38307 23697 
7049 30236 
7053 29501 
7060 25007 
7063 29329 
7064 34572 
7070 7336 12495 23421 
7073 25892 
7078 24209 
7080 34047 
7081 21444 38330 
7088 32045 
7093 4735 
7094 23902 
7102 22422 
7103 7589 1441 1209 
7108 35845 
7110 29980 5249 9778 
7114 36604 
7115 1444 
7120 10534 15540 
7122 32010 
7124 26565 
7127 2976 
7138 21920 
7140 4201 
7151 27989 
7152 22172 
7161 21172 22949 
7166 23498 
7171 8966 
7173 8840 
7179 27454 
7188 7064 
7196 28534 
7202 25078 
7211 3044 
7214 31887 
7222 7886 22868 
7223 1292 
7228 16868 
7242 29115 
7243 752 
7245 2097 
7249 8802 15996 
7253 38451 
7261 25905 
7262 36629 
7266 24590 
7275 34312 
7283 13035 
7285 22435 
7290 25189 
7292 34414 
7295 5172 
7306 1589 1614 
7313 30093 
7319 33365 9106 
7323 18530 12050 
7325 31912 
7326 6479 7745 2405 
7328 25026 
7329 17012 
7332 35989 
7333 22324 
7338 17751 
7339 2363 
7341 10162 
7344 29578 
7345 37646 
7352 36508 
7354 18056 
7356 22524 
7360 23370 
7366 7075 32334 
7371 34047 
7376 21596 
7379 12475 
7384 19817 5753 
7388 11017 9652 23783 2272 
7398 35204 38577 3286 25955 
7401 22660 
7402 15718 
7405 24261 
7409 22768 
7410 36907 
7411 21336 
7414 10578 
7416 11968 13535 
7419 33272 25614 
7428 10028 
7429 32513 
7435 1358 
7438 545 
7443 33197 
7446 425 
7457 15326 13568 
7462 4080 
7463 5562 
7464 4946 
7474 24215 
7479 29530 
7485 722 
7490 24648 
7491 7009 
7492 18004 674 
7494 10600 
7495 7571 
7499 24078 22523 38286 
7507 10511 
7513 22974 34459 23516 
7517 6310 
7521 21785 
7525 23045 
7529 35225 
7533 448 192 
7534 1197 
7535 3607 
7536 13839 
7539 5837 14494 
7544 1604 
7551 21636 
7558 26196 
7574 11115 
7576 21536 
7584 25834 
7588 28643 
7595 14217 12143 10375 29244 
7602 1811 
7603 18514 
7610 1198 
7621 32380 
7622 18746 
7624 28713 
7627 30120 
7628 27991 
7630 664 
7635 24620 21126 25672 
7644 38768 
7645 6818 
7660 33759 
7662 27299 29108 
7663 25558 24209 
7665 12316 
7667 19334 
7675 22454 
7688 24984 
7691 14404 
7692 7936 
7695 25222 15959 
7697 915 
7698 7080 37978 
7710 7048 
7713 8015 
7716 27986 
7726 30384 
7737 38825 38251 
7739 22928 
7743 16664 
7749 24965 
7751 1537 
7756 31668 
7762 4680 10644 
7764 14423 
7766 18307 
7767 38358 
7770 3504 
7786 34285 
7787 1891 
7798 23154 
7800 22585 
7803 4519 
7805 23665 
7818 8828 12320 1610 12155 
7820 15395 
7821 2924 
7822 27379 
7827 276 
7839 722 
7840 621 
7844 25668 35356 26375 22879 
7851 26915 
7853 38876 
7854 11452 18875 
7864 8211 
7869 15141 
7879 30302 
7884 21901 
7903 1417 4598 
7905 6389 
7913 26853 27241 
7916 7288 23568 
7925 35328 
7928 16641 
7929 13155 
7942 11166 
7943 28636 23329 
7946 20719 35943 
7948 30834 
7950 27927 
7953 24268 
7959 17406 
7965 27853 
7966 24523 22530 22364 34698 
7967 23023 
7970 30541 
7974 38027 
7984 26034 
7987 6669 
8000 13138 9364 
8001 12662 
8003 16455 
8005 28598 10417 10418 
8013 4812 
8015 6952 
8020 29189 
8025 13045 
8026 21912 
8028 33679 2131 8293 36711 5619 9292 
8035 4608 
8041 22101 
8045 26325 23003 35825 
8048 7892 
8052 10162 
8055 6411 
8059 35451 
8062 1817 
8067 37902 
8076 32840 
8078 35157 
8085 31959 
8088 31728 
8090 16188 
8094 32565 17484 
8099 11672 35368 
8102 9794 
8106 21536 22382 
8115 27727 
8116 9778 
8119 21901 
8120 22395 
8129 3639 
8132 27885 
8133 23646 
8138 33624 22863 
8139 28906 
8155 3071 
8168 16951 
8170 4928 
8175 28994 
8186 36642 
8187 23697 
8196 5654 
8201 4766 
8209 34585 
8211 12105 
8213 6833 
8214 11183 
8218 8326 
8225 7461 
8226 23086 
8227 17139 
8229 37427 
8235 22963 
8249 37315 
8250 32878 
8251 26761 
8258 16294 
8261 1509 
8262 27427 37220 
8266 12863 
8270 34749 
8273 2024 4910 
8275 13658 
8284 26655 
8287 32735 
8295 32743 
8299 27531 35823 
8301 29220 
8306 20327 
8309 22369 
8314 20400 18269 
8319 9597 23927 
8322 37917 28031 
8328 15531 13664 
8333 15967 
8341 16 
8344 36157 21546 
8345 32091 
8346 6198 
8347 1052 
8355 1493 
8363 13390 
8365 18767 
8366 17583 
8367 4776 
8380 6126 
8387 22278 
8388 34425 
8394 20689 
8410 17754 
8418 903 
8423 16575 
8433 13552 
8436 36484 
8451 1546 
8454 23596 
8458 16716 
8459 23787 
8465 6554 5152 6427 
8471 11472 
8473 18240 
8475 13992 
8477 7553 
8481 5491 
8482 3019 12551 
8487 22925 
8497 8119 
8499 12190 
8501 7604 
8503 24627 
8508 29595 
8509 30941 
8514 36792 1439 
8518 6375 6942 
8519 13036 
8523 28876 
8530 2836 
8539 38424 
8542 19941 
8545 4596 
8547 3504 
8550 3022 
8553 23633 32764 
8570 25682 26078 
8575 21913 
8576 27552 
8581 22514 
8583 5523 
8585 14537 
8587 12756 
8589 9674 27729 5467 13777 
8602 16997 39223 4523 37855 
8603 17511 
8606 14037 
8607 18406 
8610 835 
8611 16602 
8613 39239 489 36944 37498 174 3549 
8615 19769 
8617 10150 
8618 84 
8624 1546 
8638 21948 
8644 8275 
8656 4595 
8660 25027 
8661 9171 
8666 20557 
8667 805 
8672 35840 6597 
8677 24746 
8680 19516 
8685 13643 
8687 11441 
8693 23310 
8698 39279 15805 8904 
8703 16094 
8720 32740 
8724 26537 477 
8749 26325 
8751 1099 
8754 30080 
8756 23479 14226 
8760 1441 
8764 33499 
8767 1544 
8775 12879 
8780 30329 
8787 22381 
8795 18318 
8798 26568 19686 
8808 2361 551 13938 8646 
8820 8818 874 
8822 23027 
8827 16064 
8835 9527 
8842 20102 
8843 8657 9396 802 
8845 1650 7203 
8866 14903 11897 
8869 1154 6126 
8871 5017 
8874 1165 
8876 2849 
8884 23038 
8888 31846 
8890 29539 
8897 2692 
8900 24032 
8902 619 1878 3317 
8903 22075 3465 
8904 6620 10315 
8913 10223 
8914 6765 3200 
8918 1042 
8941 2082 2264 3089 13304 
8952 29789 23509 
8954 26318 
8958 4924 
8959 2343 
8965 26453 
8966 2127 
8968 37026 
8969 5339 
8970 4297 
8974 21620 
8976 30168 
8978 3795 
8983 1093 28605 
8985 6371 
8987 1354 
8988 9938 
8990 5452 
8992 456 
8994 21847 35758 
9000 10581 10932 
9004 3729 
9017 39412 
9019 22918 
9020 19379 
9034 24733 26074 
9046 7015 
9052 33399 1355 
9054 8123 
9060 649 28643 
9063 1441 
9067 25057 
9068 10649 12613 
9075 20998 
9080 1312 
9081 36335 
9082 39436 17292 17338 
9083 21153 
9089 5538 
9095 16322 
9098 29293 
9103 3533 
9106 30799 3087 
9109 19398 3538 2315 
9110 462 
9116 12186 33219 38317 
9123 13001 
9125 21142 24070 24919 
9127 24529 24505 
9129 22522 24260 23679 
9132 39102 8754 6964 
9136 21323 
9139 545 17709 
9144 13771 
9153 3092 5398 3463 
9166 13217 
9179 27836 
9181 38287 
9196 38758 
9199 12941 27425 5848 21201 
9204 39345 
9205 805 
9210 27071 
9216 1031 
9219 23207 
9225 22308 
9228 16591 2659 
9230 19606 
9235 5584 
9245 829 
9248 22005 
9256 14650 
9261 36160 
9267 27270 28675 
9269 27632 
9272 20817 
9281 22195 
9289 23980 
9297 10193 
9298 422 
9301 6351 3432 
9302 10725 
9304 34900 
9305 13973 13226 
9307 38174 
9315 34042 
9316 17407 
9323 33822 
9329 23655 
9337 5246 
9339 19367 
9341 9203 4890 
9347 14639 
9350 3221 
9351 26035 
9358 2970 16113 
9359 4836 
9362 22341 
9365 24972 
9378 21635 
9381 21535 
9389 28369 
9396 1468 12143 
9398 14260 
9399 2053 
9400 4910 1930 
9407 11719 
9408 14391 
9412 25440 
9413 12182 1820 
9414 18058 
9419 51 
9426 22541 
9430 775 2895 601 
9431 5672 
9432 26211 
9433 16813 32357 
9434 4841 7398 
9438 7344 
9440 23979 
9443 5983 
9445 29217 
9450 14071 
9453 21145 
9455 20028 1464 410 
9457 12005 
9464 33036 
9471 22722 
9474 26022 7206 8931 
9483 196 
9490 10547 
9494 8506 5131 1509 
9495 5646 
9498 690 
9500 17135 
9503 369 
9507 9371 12220 6128 10395 14096 28319 317 5860 
9509 192 
9517 16217 
9518 4519 
9521 15211 
9528 24896 
9533 3024 
9534 28908 
9536 26055 
9545 16505 
9551 3035 
9553 17012 
9555 22800 
9557 26299 
9562 28568 
9567 24965 
9571 24826 166 10498 21736 
9578 3401 
9589 10608 
9591 16901 
9595 31948 
9599 25268 
9600 22522 23874 
9601 29599 
9603 39603 
9613 7335 
9617 7636 14471 7936 8331 
9629 33189 
9635 32547 
9642 35148 
9648 4813 
9650 5797 3645 15961 129 
9657 837 
9658 13545 
9666 7084 
9667 21703 
9672 9580 
9685 34487 
9689 23026 
9692 17066 19989 13566 
9693 13030 
9695 8157 
9696 37249 
9700 4071 6689 
9701 6575 6232 
9707 26573 
9710 34833 
9713 19790 370 
9714 8597 
9732 32341 
9739 2773 32251 
9742 18513 
9743 12627 
9746 30525 16968 
9750 2893 
9755 6866 
9756 2557 
9760 17406 
9771 32014 5685 17120 13492 
9772 141 
9775 20689 
9783 20725 
9784 20816 
9785 2364 
9791 5238 
9794 10877 
9795 545 369 
9802 10291 
9805 1553 
9807 3056 
9810 23182 
9811 2249 
9813 14794 
9817 9781 
9818 1619 
9828 3047 
9831 23816 
9839 33929 9226 
9840 29053 22178 
9845 26707 
9846 8774 
9848 10882 
9852 2991 
9855 8500 5198 
9856 6221 
9857 22088 
9860 34615 
9864 3070 
9865 36123 
9866 12321 
9878 3806 
9881 30092 
9883 1506 1515 
9888 35873 5379 
9896 16322 7916 
9902 33994 
9907 33824 
9909 12695 
9911 3582 
9917 18476 
9921 12212 
9926 1183 14492 9173 
9928 7889 
9932 21901 
9939 18105 
9941 36640 
9949 14808 
9951 18821 
9958 21030 
9962 31009 
9963 7706 
9967 24654 
9973 1933 
9975 25936 1096 
9987 2364 7000 
9999 23153 24280 35390 24718 24546 
10001 22522 
10003 21342 
10005 1441 39752 
10006 24106 
10015 29350 
10016 21913 
10019 23726 29526 
10026 12686 
10027 21201 24952 
10028 7037 
10029 266 4542 8960 
10030 6636 
10033 28447 
10037 1772 
10038 839 
10040 11978 
10046 8252 
10052 27946 
10056 26604 
10057 468 
10069 25249 
10071 3047 
10074 1821 
10076 25048 23184 
10078 35533 
10084 8393 20376 
10085 7388 
10087 2877 2808 7239 
10088 12440 
10090 24602 
10094 2484 
10103 1625 
10104 9802 
10110 13778 
10121 9237 
10128 4648 
10129 34610 37967 15808 
10132 21943 
10136 211 
10144 19653 
10154 23716 
10155 2358 
10156 39188 
10160 2113 19802 6829 19433 18390 837 
10163 6052 
10166 11924 
10171 7725 
10173 10575 10171 
10177 35862 
10178 8998 
10179 464 
10183 755 
10184 553 
10185 15052 2015 
10186 227 
10193 20659 
10199 39052 
10205 38933 
10206 23028 
10209 32733 
10213 21358 
10216 6833 
10221 8712 
10225 21933 22977 
10226 9052 
10227 38083 26067 
10230 30821 
10233 620 
10234 21913 
10240 39817 
10243 6593 
10247 9808 22781 
10248 1502 
10252 10805 
10256 14547 
10257 37953 13162 
10258 7018 
10260 15616 
10266 35735 
10270 30497 
10273 15059 
10276 1169 
10278 2263 31787 
10282 35626 
10283 2193 
10286 4110 
10287 208 
10290 18591 
10291 28413 
10295 2525 
10298 23671 
10300 13272 
10301 23396 
10311 23345 
10314 25769 
10315 7414 
10323 35913 
10327 4207 
10335 25632 
10340 20167 
10341 3611 4729 
10347 1372 
10348 36259 
10352 194 
10356 6371 
10357 39546 
10359 20302 
10365 24902 
10375 2136 
10377 1317 
10379 37505 
10385 17972 
10386 10505 
10395 28518 
10397 24280 
10398 24830 
10405 6232 
10409 26752 
10410 310 
10423 761 
10426 7595 
10432 297 
10434 11263 10552 
10435 805 2136 
10438 38135 
10442 26703 
10444 10167 
10446 35064 
10447 24892 
10448 35766 
10449 24590 
10459 837 
10462 19977 
10467 16324 
10468 9373 15084 31878 
10472 2392 628 
10473 5514 
10486 315 2306 
10493 34269 
10498 409 
10505 3768 
10509 2415 
10510 2831 
10518 22648 23010 
10525 13275 
10530 23384 
10534 318 553 
10546 3211 
10547 16089 9163 
10556 2297 
10559 20914 
10563 2102 
10565 4037 
10568 8027 13504 
10573 4294 
10577 9811 
10579 31621 16929 13191 
10580 32016 
10581 805 
10585 10959 
10589 150 
10594 21906 
10595 1312 
10596 29712 
10611 21135 
10613 36600 
10618 194 
10621 9573 34632 
10631 8388 
10639 10950 
10640 293 
10644 5237 8183 
10648 5187 32596 
10651 15066 
10659 8340 3218 
10660 17007 
10663 3079 
10665 3189 
10670 788 23735 37582 
10683 208 
10686 25117 
10693 4569 
10695 15918 5397 12554 7413 
10697 39702 763 
10698 7859 
10702 892 3313 
10705 302 
10710 25339 
10716 37390 
10721 24823 
10722 21142 
10727 39915 
10738 6446 
10747 306 31872 
10759 3629 
10763 19799 
10774 4058 
10776 6022 
10787 369 
10788 7016 
10795 2362 
10799 2484 12234 
10811 39559 38855 
10812 2070 3088 
10814 33030 
10816 3092 6605 
10821 164 35353 
10832 23056 
10833 2971 
10836 659 
10839 9624 3040 10800 
10845 4623 807 
10846 8758 
10850 8462 
10858 14372 
10859 786 
10865 4656 2097 
10866 24147 
10867 13858 
10869 2127 2087 192 9642 
10871 16141 
10879 23919 
10885 541 
10887 1677 
10893 15589 13257 
10894 307 
10896 36203 
10897 24550 
10900 2018 2525 
10906 22058 11697 
10909 19163 
10910 1996 
10925 17486 
10928 2102 2362 15084 
10929 30295 
10934 7605 
10936 4432 
10938 3475 3071 
10939 1674 
10941 1790 
10946 6696 
10953 9240 
10957 781 
10966 1782 
10969 307 1790 
10971 12379 
10977 9783 
10982 3227 369 
10984 814 
10986 3164 
10990 15620 
10995 643 
10996 11343 
11002 11367 
11008 161 
11010 196 
11012 14393 1433 
11013 13784 
11015 15896 
11016 14235 9652 
11029 13948 
11031 17489 
11032 15717 32105 
11033 17242 
11037 194 
11041 179 39821 1302 2904 
11049 11380 
11050 30322 
11052 13333 782 
11054 978 
11056 3518 
11061 1551 
11064 775 
11068 3266 545 
11069 812 
11074 802 5421 
11091 21181 
11098 24520 
11108 20823 
11111 21519 38999 
11112 196 
11113 559 
11116 5340 32767 
11118 21341 
11124 302 189 
11125 22403 
11140 545 39577 
11142 4522 
11144 14183 9938 
11145 302 
11148 6145 
11150 6089 
11153 25319 30315 25578 
11167 32891 
11169 7083 12176 
11172 1515 
11180 21912 
11181 13671 1620 
11188 4026 
11192 29929 
11193 36624 
11194 28109 
11198 10850 15468 10729 
11200 192 
11202 302 
11204 205 
11207 2334 
11218 4654 
11219 35692 
11228 17002 
11231 1433 6948 
11234 15409 
11235 978 
11239 19046 
11243 17095 13509 
11244 5948 
11245 2977 
11246 11134 15422 34116 
11256 2522 
11262 4629 
11263 30990 
11269 3095 
11276 18400 
11277 34623 13606 
11279 14727 
11287 1208 
11293 2473 10358 20787 5887 20109 6397 
11298 202 
11302 369 3463 
11309 19044 17315 6023 
11318 18212 
11320 33970 
11325 8580 
11336 29248 
11337 9877 
11338 10265 
11339 4648 
11342 16984 
11343 12340 
11346 1432 559 
11347 34112 
11349 5195 
11351 370 
11354 25367 
11359 2525 
11360 17754 
11364 32262 
11367 1552 
11375 1831 
11376 4519 
11377 3577 20838 21674 12296 
11381 13757 
11389 4628 
11392 9778 
11405 7096 6619 
11408 4833 
11410 26878 
11418 3554 
11419 38115 
11421 292 
11424 2511 
11428 19275 
11430 369 
11439 4674 
11443 1242 
11449 27891 
11453 37775 
11460 22454 
11462 14626 
11463 5251 9778 3551 
11468 722 
11472 30103 30713 3732 
11473 1788 
11479 1348 
11484 5386 
11498 25648 
11499 7388 
11524 7897 
11525 3569 
11532 2473 
11535 1546 
11536 6389 192 
11538 805 205 
11546 14858 10355 2138 
11552 668 1783 
11556 20945 
11566 4214 677 
11572 397 
11578 2965 
11581 1778 
11584 25407 1543 
11587 297 
11588 546 8614 
11591 39774 
11592 4490 
11596 805 
11602 31221 
11604 11343 
11607 18385 34814 4531 37309 
11619 619 
11623 20072 
11626 26283 
11632 7436 
11641 39745 
11646 3192 
11647 14423 
11650 13598 
11659 3317 
11661 4395 
11669 6657 
11693 4201 
11695 5438 
11698 33607 
11699 1264 
11703 8526 
11711 16156 
11712 8375 
11714 21548 
11715 26678 
11717 39843 
11719 15882 
11741 6826 2474 
11742 559 
11749 20036 
11751 5519 1500 
11759 8388 11530 
11761 204 
11765 283 24955 
11769 158 
11770 19604 
11772 8663 10405 
11774 19108 
11788 15400 
11793 1426 
11795 28862 
11797 1706 
11799 8415 
11800 3732 
11801 21453 29153 
11802 1190 23436 
11804 24763 
11811 2093 
11815 29247 
11826 22068 
11829 369 
11833 38270 25784 
11841 6484 954 
11843 3071 
11853 11932 1784 
11854 9293 14202 14159 
11856 12715 
11874 38857 
11875 13484 
11881 23582 21752 
11883 20995 
11884 3267 
11892 1790 
11894 792 
11904 14154 19369 507 
11907 39384 
11908 16145 
11912 31315 
11913 1526 
11927 31448 
11930 7350 
11933 30676 
11940 2474 6132 
11943 23297 
11953 19044 
11954 14538 
11959 14008 
11960 5777 
11961 18377 
11970 40103 
11981 559 
11985 761 
11990 5636 
11992 1437 2249 
12006 4492 
12015 5916 
12016 28865 
12032 3617 5035 
12041 2071 
12046 7743 3246 
12047 6438 
12048 31925 
12050 1789 
12059 6820 
12061 8772 
12064 16505 
12066 2484 
12068 30136 
12073 195 
12077 1795 
12088 307 
12090 28739 21751 7845 
12096 36699 31885 
12102 25740 
12103 8906 36 8150 
12106 18184 26139 
12114 39009 
12117 8850 
12118 39069 
12119 33772 38805 
12124 5494 
12145 21924 35355 
12147 12986 
12160 11108 
12166 40025 3023 
12171 31853 
12182 20780 11294 
12188 2986 
12191 2396 
12197 27023 
12207 168 24841 
12215 12480 
12225 5131 1483 
12228 13556 
12232 3047 
12239 809 
12244 25122 
12247 11 
12249 21929 
12250 35560 
12251 29471 29460 
12261 2361 
12264 34721 
12266 642 2765 
12277 27604 
12282 3228 
12285 15880 619 
12292 13051 
12296 11215 
12297 11642 
12298 598 
12307 1851 194 
12319 30605 
12324 22593 
12331 18746 552 
12332 15114 978 
12333 18309 
12345 30163 
12351 32814 
12368 1408 
12369 3034 
12370 558 5012 
12384 605 
12389 25401 
12404 12317 
12414 29358 
12424 17003 
12428 23402 26293 26299 
12430 35176 30184 
12431 13808 2635 
12440 23787 
12445 1242 
12448 12396 
12449 24791 
12483 8623 
12488 16256 19803 
12493 4895 
12495 1104 
12496 2800 
12498 3292 
12500 39468 34205 
12501 40201 
12510 1555 
12517 13829 
12518 13803 205 34114 3038 2263 1477 
12519 15151 
12531 2434 5893 
12537 11079 
12549 3092 15880 
12550 13136 
12552 33521 
12556 13328 8798 40212 8728 
12566 32240 
12569 8845 26392 
12572 22748 
12581 19007 
12583 28586 14312 
12584 11108 
12587 8879 
12594 20023 
12595 33288 
12597 16789 
12598 1307 
12599 15904 
12601 6721 19060 
12604 22110 
12608 9522 
12614 15085 
12619 6037 843 34511 
12625 15418 
12629 39366 
12631 12025 
12639 21070 
12641 16446 
12656 6638 
12658 6609 25994 
12672 3626 
12674 3788 
12675 37626 
12676 5518 
12678 4272 
12683 11944 978 
12685 12246 
12696 21270 
12697 17706 1930 18273 
12701 6605 
12704 300 1574 5421 
12706 1486 
12709 13040 
12711 2323 
12715 2549 
12716 5458 
12719 15343 1800 
12720 25448 
12721 35380 
12722 31452 
12724 9356 
12726 4231 
12727 2119 
12742 19131 
12744 1211 
12748 31138 
12754 23937 
12759 31547 
12764 23207 
12773 29630 
12780 2314 
12783 10486 
12784 34834 
12787 5430 
12792 7546 16718 
12794 3758 
12799 370 
12800 23497 
12813 158 
12814 7435 
12826 8849 
12843 29520 
12851 10084 
12857 283 
12859 397 
12863 16588 
12871 35234 
12876 827 
12879 4622 
12880 30520 
12892 552 
12893 29238 
12902 13915 
12904 3066 
12907 34245 18540 23782 
12922 38652 
12927 19136 
12931 2019 
12932 36504 
12933 11442 
12938 21903 26069 
12947 25773 21923 
12955 30218 
12961 13272 
12970 16654 3617 
12974 1502 837 
12975 10804 
12977 4220 14553 
12981 6006 
12982 19727 29956 
12984 13682 558 
12987 4570 
12989 13572 
12995 39603 
12999 692 
13001 203 
13002 6757 
13011 6928 2362 
13012 23371 13798 
13013 714 1107 
13017 12848 
13019 26159 
13024 39909 
13025 12661 
13031 5887 
13041 13984 
13047 1956 
13054 19229 
13056 37283 
13057 11684 
13058 21573 22719 
13059 21788 
13062 40295 
13067 28826 
13076 6803 15020 
13079 12998 
13083 12374 13272 
13085 17484 
13086 642 
13090 4333 6840 
13091 7608 
13093 8393 
13095 1444 291 11355 5882 16893 
13096 13361 
13098 10583 
13099 35637 
13106 38929 
13107 15059 1508 
13108 870 
13109 25418 
13110 1417 
13112 4796 
13114 9130 
13115 9240 
13117 20980 
13120 292 
13131 1537 
13133 9786 
13138 6214 
13143 26759 
13145 12976 
13166 22727 
13168 39361 
13174 2071 
13191 1317 
13197 24532 
13201 31317 
13202 21138 30214 
13203 6625 
13211 38844 
13224 9900 
13241 21693 
13248 673 
13252 1811 15555 
13256 37668 
13257 23091 
13259 21341 
13265 33259 
13274 4266 
13280 22527 
13303 26135 
13313 26698 
13318 16778 
13336 27800 
13337 34805 
13340 39366 9489 
13343 12402 
13351 9404 9556 23755 
13354 2067 
13355 13024 
13359 36548 642 
13361 32718 
13364 4250 
13365 3957 1829 3223 
13366 5213 
13367 3151 32691 36843 
13374 20508 37212 4222 
13378 3154 
13382 29217 
13387 5959 18367 
13393 39945 37054 
13406 13272 
13409 5410 
13413 18386 
13426 29541 
13427 12166 
13431 15156 
13432 22122 
13433 18458 
13435 18056 
13438 31711 
13441 9140 
13443 2659 
13446 3765 
13449 2008 
13452 6826 
13471 4755 16642 4789 
13476 31832 
13479 11574 837 
13485 1124 
13491 8200 
13497 28934 461 
13503 17720 
13504 3396 
13507 15900 25844 
13512 29632 681 
13515 14663 20114 25474 
13527 18991 
13532 26946 
13550 27296 
13556 22215 38550 
13563 13911 
13565 10694 
13566 28075 
13572 34583 
13575 23694 
13576 25276 23890 
13585 25312 
13586 265 
13587 1811 
13594 20790 
13597 25648 
13604 456 
13606 37192 
13610 837 
13612 31205 
13613 40250 
13614 20077 
13617 17395 
13620 24795 
13624 1211 2584 2220 26014 1242 
13629 2627 
13630 40047 
13635 32449 
13637 128 
13649 10285 
13655 3235 
13657 10857 
13662 15125 
13663 13252 
13678 21696 
13682 4149 18675 10427 
13692 29800 28197 
13693 12188 24153 
13694 22980 
13708 1386 
13713 1061 
13714 24361 744 4905 
13735 31835 
13736 35257 
13737 11509 
13740 10082 
13741 23572 
13743 1287 
13744 6204 
13746 2536 
13748 38013 
13760 21491 
13773 7393 
13778 13822 
13783 1537 
13784 24657 
13793 25404 
13795 5486 
13804 15676 20377 
13808 12900 
13823 11991 
13828 6696 19972 
13830 25899 
13842 5140 
13846 1023 
13847 22623 
13854 2464 
13860 9948 
13861 39561 18458 22083 
13898 452 
13912 9789 
13915 7728 
13923 32091 
13940 4959 
13946 32077 
13952 25606 
13953 30022 7894 
13954 38230 
13958 1978 
13959 39674 22572 
13965 29562 
13967 1207 
13968 4052 14425 
13974 17194 
13977 22635 
13978 7030 
13979 40450 6769 
13985 6930 
13987 944 
13988 3184 
13994 17152 3800 
13996 32358 35345 
13997 11233 
14002 23160 
14006 22307 
14009 37335 
14012 504 
14016 34220 5604 
14025 12966 
14034 36005 
14040 28280 
14045 37104 
14047 17484 
14049 25908 
14050 12993 
14058 30107 
14065 16920 
14074 19005 
14077 18644 
14078 22626 
14080 8393 
14082 263 714 
14088 3154 
14099 1356 
14109 507 
14110 28855 
14115 33057 17168 
14119 2292 
14120 32215 
14129 10837 10587 
14132 4820 
14134 821 
14137 22562 
14146 22242 
14172 25326 
14173 24888 
14174 18878 
14187 18423 
14188 13272 
14192 3008 
14193 17259 
14196 2369 17994 19621 
14218 12155 5421 
14227 9055 
14231 7967 
14235 5273 
14244 21901 
14245 28269 22719 
14254 13770 33059 
14259 36286 
14263 160 
14269 20437 
14286 28670 
14298 34357 
14309 32320 
14312 25043 
14314 246 
14315 32836 
14316 3010 
14322 23736 
14334 15479 
14346 21486 
14349 10484 
14351 23866 30254 
14355 24971 
14362 29966 
14373 38190 
14374 10130 
14375 2313 10821 
14380 543 
14384 23797 
14386 20683 
14389 40143 
14393 22941 
14399 34519 4003 13425 4160 37428 
14403 23070 
14405 3995 934 
14406 22387 17406 
14412 1241 16797 
14414 35882 16386 39878 
14415 20981 17222 
14424 665 
14427 20942 
14428 51 3271 
14429 8894 
14435 22723 
14449 24014 
14454 17391 
14464 25251 
14468 30 
14472 37186 21860 22633 
14474 21948 
14476 30259 
14482 9588 
14484 28196 
14489 27090 
14500 29849 
14503 901 
14505 1076 
14515 1807 
14521 161 
14523 8155 
14543 35323 
14545 9822 5400 
14556 21933 
14558 20556 10236 11166 
14559 276 
14562 12984 
14563 36206 
14564 3390 12889 
14566 5452 
14570 12260 
14574 16417 
14578 5195 
14580 24849 26189 
14581 8790 11382 
14585 9714 
14586 1242 
14591 13970 
14592 21465 27466 21811 26207 21839 
14594 1863 
14600 36657 
14603 2739 17760 
14619 12448 
14632 7859 
14640 7748 
14647 11218 
14650 28830 
14655 32812 1494 5398 558 2266 
14672 34565 
14676 160 
14677 8388 
14680 35511 8132 29619 
14682 34709 
14696 155 
14709 3800 
14710 26984 
14713 1805 
14721 13986 
14727 8674 9348 
14735 5693 
14738 28561 
14739 26830 
14744 1515 
14750 24663 
14762 37678 
14764 29598 
14769 26307 
14772 31835 
14782 12190 
14786 26865 
14789 17405 
14790 35577 
14792 8707 
14795 5397 
14796 10797 
14808 28915 
14826 8239 28033 
14832 39982 30179 
14833 26608 
14836 24176 22562 
14838 23028 
14841 18170 
14843 22649 
14859 6760 1849 3472 
14865 36152 
14899 1277 
14905 19782 
14906 4632 
14911 8592 
14912 37965 37255 12 26319 
14920 29177 
14921 37902 
14925 30788 13304 
14926 274 
14931 8454 
14933 1538 
14935 23671 
14936 410 
14938 28181 25750 
14940 38179 
14946 38650 
14952 553 
14954 22630 28029 
14955 32540 
14957 23542 
14969 1284 
14972 477 9293 
14974 3288 26752 
14978 15070 
14980 30777 
14987 8128 
14994 29596 
14995 29181 
15005 25911 
15014 14994 
15015 2595 
15020 2823 
15021 26129 
15031 3089 
15034 30425 
15035 10644 15833 8146 
15036 496 503 
15045 1295 
15073 1515 8389 
15075 3551 
15076 5639 
15077 32277 
15078 7625 
15080 3109 
15081 2476 
15083 5856 
15086 6593 
15087 1224 
15092 16297 
15098 10440 
15103 6558 
15105 15340 
15106 39931 
15107 19494 
15111 4575 
15112 440 
15116 22131 
15122 1509 
15137 25902 
15141 4430 
15148 22724 
15152 38985 
15153 38088 
15156 13702 32773 
15157 28568 
15161 15768 
15169 36536 
15175 23203 
15179 29878 
15184 23638 38898 
15190 3811 
15194 22640 
15199 4370 
15203 14516 
15209 11812 5538 
15211 23965 35502 
15214 5462 
15224 38299 
15226 23140 
15228 31444 
15229 4486 3499 
15239 40107 4735 
15241 19755 
15246 7649 
15249 2971 
15250 774 37648 
15255 714 
15264 14049 
15275 19127 
15276 3945 
15281 28408 
15287 22879 
15291 17646 
15309 4732 
15313 28804 
15321 18447 
15323 4818 28112 1762 35327 1076 
15333 403 
15334 14670 
15336 33846 
15342 5195 
15354 7942 
15355 696 
15356 24260 22509 
15357 31698 
15363 23297 
15381 5079 
15382 2299 
15397 12467 
15399 23087 34632 
15400 13509 20203 
15411 30739 283 
15413 3156 
15414 4960 
15422 3607 
15423 8013 
15427 24586 
15453 6048 
15455 16499 3096 
15456 23108 
15462 14126 
15464 2869 
15469 34082 
15472 12389 
15473 40414 13272 
15475 34249 
15476 15789 
15477 34915 39554 
15478 15950 
15484 21953 
15485 9306 
15492 39798 
15500 15814 
15501 27299 
15505 37642 10480 
15511 9331 15652 
15512 24048 
15521 21169 
15525 34376 
15530 24003 
15531 28597 3901 
15535 5006 
15536 33148 
15549 9775 
15550 20395 
15567 7796 
15572 23225 
15579 16955 8570 
15580 12524 
15581 25335 
15590 25751 
15603 20727 
15604 1674 
15606 37544 
15620 4446 
15621 5974 
15625 16862 
15636 9683 
15652 26794 
15656 32840 
15657 2334 
15658 7490 20522 1910 17725 
15665 24065 
15667 34558 
15670 37754 
15671 26342 21950 37029 
15674 21571 
15682 33823 
15688 4812 
15692 28706 
15695 9060 
15705 25702 
15707 32331 
15711 17144 
15715 28360 
15721 28484 709 
15723 6064 7169 
15727 10070 
15732 36884 
15733 16169 10510 
15742 39095 39780 
15745 29932 17104 
15746 1347 
15755 27199 
15763 22572 
15764 30363 
15766 31282 
15770 36574 
15771 35018 
15777 34194 
15779 28698 
15781 23350 
15784 20510 
15807 6533 
15808 16589 
15811 32867 
15814 17392 
15819 2050 4175 
15822 5389 3071 
15823 27960 27836 
15836 33217 
15839 18630 
15841 25454 
15842 4469 
15843 23324 
15849 11311 
15854 14382 
15856 10707 
15857 20001 
15858 25027 
15862 691 
15871 10797 
15879 3073 
15881 39784 
15882 28175 
15884 24197 
15886 36375 
15890 31336 
15893 22365 
15894 21866 
15899 14496 
15901 21154 
15903 16644 7934 
15904 1538 
15906 15787 
15908 980 
15913 9618 
15926 21654 
15947 36204 20681 
15948 29326 
15949 26051 
15950 37277 
15955 24254 
15962 38721 30924 
15967 8968 
15972 11802 
15983 13588 
15992 25481 
15997 11632 
16001 664 
16006 3584 7682 
16012 29610 
16015 21864 
16024 25738 
16037 30582 
16040 23536 
16054 21098 
16061 2252 13176 38668 6971 
16071 14389 10802 32408 7805 
16083 9866 
16086 22411 
16088 19003 
16094 32518 
16095 22874 
16102 23384 
16104 36643 
16135 35237 
16136 18865 9986 
16143 15115 
16146 10475 
16160 11106 
16168 6282 
16169 25080 
16172 4685 
16180 3808 38478 32347 24801 
16181 31142 
16190 25007 
16191 32564 
16198 13465 
16199 37190 
16205 559 
16209 30511 
16211 27108 
16213 18625 
16214 10882 
16215 12399 
16221 40476 
16224 124 
16225 976 
16229 14149 
16236 16614 
16250 21536 
16254 36294 
16255 25341 
16256 10885 
16263 36291 
16264 38548 38839 
16268 27306 
16271 13272 
16275 31714 
16276 29841 
16289 19276 
16293 40600 
16311 29251 
16319 12660 
16332 21901 
16335 17484 
16338 19657 
16342 10879 
16345 24435 
16349 19654 
16354 23902 
16355 6455 
16360 30252 
16361 70 8082 8079 
16362 37673 
16363 22194 
16365 27169 
16372 3070 
16374 29293 24555 
16376 1168 
16378 30818 
16380 416 
16383 16085 4702 
16390 40082 
16400 3617 
16412 1594 
16414 7094 
16416 2753 
16418 11018 
16428 1483 
16432 17414 
16437 23439 
16441 12172 
16442 4231 1811 
16451 28121 
16467 33182 
16471 27226 
16477 32507 
16480 9862 
16484 7100 
16486 23697 
16489 40597 
16490 24414 
16502 13140 
16525 25559 
16527 29804 29541 
16529 8674 
16532 31217 
16534 34428 
16542 19666 
16552 12241 
16558 22937 
16559 27659 
16560 24643 
16565 34872 
16566 2525 
16567 24320 
16577 6087 
16578 15110 
16581 6121 3070 
16584 37235 
16589 12939 
16590 36873 
16603 12190 30601 22662 
16606 37910 
16632 26655 
16635 5867 3402 
16646 4498 559 440 9941 2306 
16648 13441 
16653 2602 
16662 2335 29682 
16667 2525 
16669 27514 
16689 25538 27756 
16692 21635 22630 
16695 29990 
16705 37520 
16712 32731 34420 
16713 15342 
16714 642 
16719 1693 
16722 39613 
16726 6014 7507 
16727 23292 10181 5457 
16733 11031 
16737 184 
16746 38237 
16747 4684 
16748 20340 
16749 27539 
16753 19379 
16760 29800 
16762 18133 
16771 23121 
16773 6696 16223 32352 
16774 37737 
16782 36706 
16789 19504 
16790 22426 24590 39481 
16794 18032 
16799 7811 
16804 20605 
16809 1072 
16810 6011 
16816 12810 
16817 8884 
16818 3664 
16820 34983 
16825 19337 824 33297 
16826 1870 
16833 2525 
16835 16551 
16839 39990 
16844 23156 
16846 40417 38773 
16857 3607 
16861 23033 
16869 3820 
16883 32868 
16884 21928 
16897 5131 
16898 837 
16899 11853 
16901 8855 
16908 6901 
16911 32779 
16913 36161 
16917 40220 
16919 36465 
16927 5430 
16934 24029 
16945 129 31452 
16946 3697 
16949 7455 
16965 39145 
16966 27862 
16973 1225 
16979 18352 
16993 22968 
17003 30852 
17005 30280 39674 
17010 8979 
17015 24588 22397 
17018 5714 
17028 39792 
17031 12133 
17032 9467 2971 17083 
17038 19629 
17058 22212 
17070 32520 
17071 34630 
17072 34167 27280 
17074 39095 
17088 1508 
17091 15884 8799 
17100 2214 
17103 36784 
17107 9725 9964 
17110 6669 
17118 21301 
17121 12356 
17124 37025 
17130 24420 38545 38066 28831 
17140 29062 
17151 37153 
17152 18262 
17170 29506 
17173 29852 
17181 38190 
17189 39236 
17193 28413 
17204 37137 
17228 34883 
17235 24452 
17240 24707 
17241 37902 
17247 5273 
17258 5172 
17259 38494 
17263 2203 
17283 1933 1538 
17285 239 
17295 8931 
17304 22719 
17314 399 
17315 37369 
17317 10689 
17327 37 
17330 39272 4291 
17336 25248 
17340 15314 38955 28414 
17347 32650 
17359 2773 
17363 12701 
17372 4824 
17374 23293 
17375 30278 36877 
17379 24260 
17389 22366 
17402 21271 
17405 22841 
17408 20820 
17409 34992 
17415 356 
17422 36743 
17425 7061 
17436 14755 
17444 2266 
17445 2117 
17447 7358 
17449 40042 
17452 13064 
17460 26830 40551 
17470 2337 
17475 18340 
17487 5276 
17496 4194 
17497 25509 9825 15898 4498 4944 10261 28080 37338 4844 39613 4677 
17500 29764 33870 
17501 20181 
17504 7448 
17514 21122 
17522 5718 
17530 8200 3143 27938 7713 
17531 1509 
17532 24641 35198 
17533 26580 
17540 3114 
17547 23985 4629 
17556 8962 571 
17566 664 
17571 36197 
17575 26686 
17580 30176 
17582 23978 
17584 36487 
17596 12439 
17602 20503 
17616 28634 
17617 229 
17627 24051 22597 
17629 6531 
17630 1358 
17632 1061 
17638 32022 
17650 23022 
17664 36291 
17665 39529 2011 16914 
17666 17220 32014 3765 19286 29925 
17673 22530 20719 
17674 34096 
17676 15473 
17680 34570 30952 
17684 31769 2315 
17685 11405 
17686 35547 
17687 29707 
17689 4532 
17690 34553 35580 
17695 39414 
17700 35692 
17702 40361 
17706 5343 
17710 29185 
17720 38138 
17725 251 5635 
17727 3611 
17731 14241 
17733 13827 
17734 7120 
17743 24262 
17745 6028 7998 
17756 2242 
17757 33313 
17758 32248 
17759 2283 
17761 27273 38836 
17763 32717 
17764 26852 
17767 25935 
17768 3664 
17769 22597 
17778 1835 
17782 19899 9770 
17788 18108 
17791 19008 
17794 2387 
17800 7798 
17809 17406 
17819 13707 
17820 7204 
17821 29505 
17826 22156 
17845 38129 
17846 12634 18130 39874 
17847 35331 19542 18498 18496 
17852 2976 
17858 28520 
17877 15922 
17886 2337 
17889 34861 
17891 24077 
17898 23517 
17899 22617 
17911 27683 
17913 8601 
17915 22211 
17923 9778 
17925 38108 
17943 32363 
17946 2123 291 314 
17956 27973 
17962 29802 
17963 21895 
17980 26704 
17982 30130 37 50 11098 
17989 25496 
17993 20758 
17995 1277 
17997 30988 
18000 29267 
18002 1509 
18003 9778 
18014 5377 
18017 4861 
18020 17883 35115 7442 
18022 722 13386 1855 
18045 3681 
18047 20441 
18048 2752 992 
18049 250 
18053 805 
18055 33907 21933 
18064 33266 
18066 5518 
18068 1685 1023 
18070 21295 
18071 29324 27281 39220 12340 38814 
18084 11536 593 1858 
18086 34007 
18088 25653 
18096 13181 
18103 1242 
18107 2642 
18114 9603 
18119 37418 
18121 40222 15707 
18125 21856 
18131 1683 
18132 40139 
18135 1464 
18144 30110 
18147 38379 
18149 9609 
18152 837 
18156 18129 
18157 4335 
18158 3313 
18160 11548 
18172 39589 
18173 27159 
18177 3591 
18178 26492 
18180 11350 
18184 2525 
18207 34586 
18208 35627 
18222 3089 
18225 11704 
18227 22841 
18239 29317 
18250 8966 
18255 13657 
18264 24988 
18266 6455 
18267 31110 
18269 21942 
18272 29754 
18273 38192 
18275 39945 
18277 28793 
18285 26690 
18292 11584 
18293 28400 
18310 160 
18313 5237 
18315 3559 
18317 22531 
18325 38219 
18328 28834 
18352 35102 
18356 13306 
18361 22336 
18364 33498 
18369 7858 
18376 4569 
18385 12657 
18387 34073 
18389 17030 
18392 18324 269 
18395 5237 
18396 6921 
18399 36707 
18402 3765 14235 
18403 2393 
18406 128 33034 
18409 36483 38823 
18425 20285 
18435 22434 
18445 37701 
18450 10797 
18454 11488 
18459 33116 
18462 18274 
18463 6551 
18465 5501 9975 
18473 7009 5112 
18476 33614 
18478 8900 
18491 13399 3995 
18495 4886 
18499 22454 24457 
18503 35948 
18504 32124 40819 
18514 24505 
18518 29741 
18529 3489 
18531 39565 
18542 9343 14512 
18565 27040 
18572 16793 
18573 16145 
18574 19502 
18587 21213 
18594 5161 
18595 22597 33005 22896 
18596 3792 13791 3036 
18598 9926 
18600 7424 
18601 26502 
18605 23874 28461 
18613 21270 
18614 24585 
18616 4910 
18618 24853 
18620 19683 
18622 1665 
18624 36760 
18628 33725 
18633 35556 
18639 12122 4738 31833 
18643 23039 
18651 38014 
18655 22406 
18658 2489 442 
18659 5565 
18661 39083 
18664 39870 
18671 21936 
18673 2976 
18677 7856 
18680 30031 
18682 3910 
18688 29347 
18702 1933 
18703 513 
18707 642 
18709 34731 
18715 34599 
18716 21652 
18725 29624 
18730 30789 
18731 33433 
18738 29755 
18747 31360 
18754 203 
18759 23795 
18761 3022 
18763 23078 
18765 9492 22339 
18773 40332 
18778 18423 
18784 17830 
18787 1650 3814 
18788 36159 
18792 38795 
18803 24900 
18808 32556 34417 
18812 15818 
18817 30822 
18818 12177 
18819 1202 
18820 540 
18821 23193 
18824 16 
18834 5116 
18856 1384 
18858 3698 
18860 1553 
18865 7298 
18867 31840 
18880 19652 
18882 8849 
18888 29739 
18893 1021 
18901 7123 
18902 34704 
18908 15942 2195 
18911 13655 
18914 35293 
18916 28728 
18922 1853 
18923 35451 
18938 1321 
18940 12695 
18944 31821 
18949 12078 
18952 24428 
18960 15384 
18961 33556 
18963 3183 
18969 2319 2474 
18970 8266 
18972 15642 
18985 29175 
19001 23711 34698 
19005 4667 
19012 16088 
19015 1650 
19025 4755 
19027 21630 
19044 22618 
19046 7209 
19048 13721 
19049 10321 
19050 6935 
19057 32057 38626 37580 
19060 5343 
19074 34709 
19075 40202 
19078 17622 15772 
19082 35722 
19084 26618 
19088 23902 23694 
19094 39719 29536 
19095 38186 
19106 26061 
19108 39055 
19113 12934 
19118 4061 
19121 3390 
19130 11192 
19139 29442 
19144 27581 
19154 27505 
19163 38102 
19164 28112 19709 
19170 39513 
19172 412 
19173 3007 
19178 16282 7066 
19184 593 
19188 14329 
19189 40229 
19199 2337 
19201 39340 
19202 16019 
19204 24595 
19206 40601 
19208 39540 17406 
19212 12587 
19213 9564 1377 
19216 4788 
19229 25572 
19241 16380 
19243 3664 
19245 24321 
19258 4225 17158 
19268 23715 
19270 24590 33568 
19271 20431 1039 21975 
19274 8572 1500 
19293 422 
19298 1177 28378 1307 
19302 11837 
19303 6250 
19305 17985 
19306 2883 
19313 39532 
19322 23504 
19324 38420 
19335 27494 38804 
19336 2797 16257 7744 
19338 6109 
19339 40819 
19340 25319 
19342 17517 1814 
19350 2451 
19353 30166 
19356 4429 
19358 24045 
19363 38070 
19372 7832 8138 9299 15090 
19377 15059 
19387 11576 
19388 743 
19390 25126 
19393 36204 
19398 21902 30192 
19404 26623 
19410 29159 
19411 23342 
19417 23502 29315 
19421 20235 
19425 27721 
19426 1165 
19433 21530 
19436 30043 
19440 21164 29271 30834 38817 829 
19446 2089 4519 
19447 6984 
19449 25867 
19451 7387 
19452 34005 
19465 5524 
19475 14888 
19476 12613 2689 12291 7287 
19479 9531 
19481 29794 
19482 33497 
19490 15276 19743 
19494 26207 
19495 12387 
19501 18717 
19507 27302 
19509 11426 
19530 1831 20035 
19531 21859 40241 
19536 33232 
19545 11862 
19547 20997 1283 
19563 11068 256 
19566 10066 
19570 17895 
19574 11075 
19580 5024 
19585 17244 
19592 22674 10306 
19596 23612 
19606 22401 
19624 38490 
19633 37991 
19645 27618 29464 
19651 123 
19655 1165 
19660 18368 
19670 25248 
19672 25158 24497 22526 
19675 35548 
19681 40644 
19682 27647 21923 
19684 1665 
19686 9893 
19688 23902 
19695 18752 
19697 32058 
19701 22949 
19704 35297 
19706 22454 
19708 29987 
19709 761 
19715 5268 
19719 3177 7572 
19722 10847 
19723 1620 
19727 22524 
19729 21176 
19740 5271 
19749 6412 
19753 21930 
19755 1039 
19756 12677 19034 
19761 26187 
19772 30557 
19773 419 
19775 30190 
19779 11577 18285 
19785 11354 30712 
19791 5172 
19796 15225 
19797 21776 
19799 36416 
19804 24982 
19818 22883 
19821 23397 
19827 30127 21461 
19832 9616 5421 
19836 23134 37009 
19855 24590 
19860 546 
19862 16347 
19863 36346 
19864 17049 15942 
19870 11157 
19871 3125 
19874 6931 
19879 23108 
19881 25116 
19886 10624 
19897 22839 24083 
19904 32545 
19915 17763 
19916 26290 29831 
19927 36802 
19930 39608 
19938 31698 
19939 33138 33177 
19940 31798 
19941 30622 
19944 6042 
19948 11749 
19951 10756 
19953 39636 
19960 7493 
19961 281 10262 
19984 13023 45 
19991 27306 
19992 33683 
20006 11935 
20008 722 
20011 18888 
20014 26348 
20024 36144 
20025 34536 
20033 13221 
20039 8928 
20048 35867 
20049 22332 
20051 34304 
20054 880 
20059 8273 13361 135 
20060 5168 
20061 23713 25671 24273 22960 26951 23722 38036 24661 
20069 18775 
20084 20727 
20091 29536 38935 40488 
20102 24070 
20108 15843 
20112 17030 
20115 16810 
20120 35007 
20121 16634 
20125 7304 
20131 12994 13036 25620 
20132 16222 
20139 2315 14128 
20140 13664 
20142 3430 
20158 35194 
20164 1537 12399 
20166 1231 
20169 5114 
20173 8447 
20175 40197 
20176 35048 
20183 21172 
20187 25722 27965 
20193 25319 26084 
20195 9920 
20207 28295 
20210 27661 
20214 28199 
20222 2977 
20235 18384 
20237 316 
20241 12177 13906 316 
20242 1546 
20243 837 3372 
20247 401 
20264 21530 
20266 25752 
20288 24079 24644 
20293 14987 4434 40264 
20298 7666 
20300 262 
20305 9699 
20307 11549 
20312 2168 
20316 36490 
20320 1354 
20323 40560 39991 
20324 11744 
20332 19887 
20335 26218 
20347 39951 
20351 10289 
20352 3019 
20357 26016 
20360 3459 
20361 28457 
20367 6747 
20369 7859 
20379 135 
20383 2835 
20408 38603 
20409 5455 
20410 19286 
20414 18946 
20418 10001 
20421 2241 
20427 2597 
20428 30679 
20429 34719 
20433 13562 
20440 10278 
20452 29800 
20457 27643 17406 
20461 23340 
20465 559 
20466 40169 
20469 12151 450 3059 
20483 1910 
20489 21913 
20492 21924 
20519 200 
20527 30748 
20533 4738 
20538 283 
20540 12384 
20542 11485 
20547 23011 
20554 34868 
20562 9145 
20563 263 
20567 27666 
20569 5640 
20571 37111 
20573 16392 
20574 6038 
20582 33230 
20585 283 
20589 29782 
20590 40133 
20594 15126 
20604 27339 
20605 3605 
20624 9028 
20626 4932 5172 
20628 34299 
20629 18285 
20632 13001 
20634 4735 
20641 33871 
20644 24912 
20647 34857 
20660 1811 
20662 1500 
20671 3261 
20686 5079 
20689 372 2526 
20693 23961 18848 
20703 5376 
20716 8825 
20717 517 
20719 4294 
20723 5759 4639 
20726 529 
20729 3565 
20730 19233 
20736 32587 
20737 39870 
20739 8612 
20745 23741 
20749 17232 
20753 28717 
20760 31130 
20767 559 
20774 15186 
20777 36504 
20781 12176 
20790 9919 
20797 31729 
20801 38498 
20803 38452 
20817 559 
20819 9352 2263 
20821 1125 
20824 31900 
20825 9553 
20827 31740 
20830 29689 
20831 21536 
20837 33741 
20839 37549 30236 
20844 7147 5747 
20846 31042 
20861 1022 
20862 6664 11472 
20864 21909 
20872 128 
20874 22597 
20876 37269 
20885 4342 
20911 2595 
20915 40513 
20917 8639 
20923 29490 
20931 38525 
20934 674 
20948 36318 
20959 31569 
20965 27810 
20967 7569 
20968 1189 
20977 4512 409 
20979 5439 
20989 6372 
21001 12470 
21013 32490 35050 
21021 30514 
21026 18994 
21028 8849 
21030 39840 
21043 8473 
21045 25747 
21047 13499 
21048 13016 
21049 40163 
21055 3490 
21071 35222 
21076 4673 8351 
21080 6012 
21089 34687 
21090 21601 
21094 4991 9582 7294 34631 
21101 19814 
21116 27343 
21117 29232 
21121 21175 
21126 29157 
21127 36789 
21129 37970 9499 
21137 2525 3026 
21139 33294 
21150 18384 
21154 21018 
21163 2830 
21186 40502 
21195 29294 
21208 8238 
21212 17445 
21218 28142 
21220 374 16761 15651 
21226 10838 
21236 1617 15923 
21242 16376 594 
21244 6399 36836 
21248 14035 
21251 26451 22831 
21259 8013 
21263 39124 
21265 31926 
21274 16557 
21277 35931 
21284 577 
21286 837 
21293 1609 
21294 10880 
21302 27650 
21304 39803 
21314 27263 
21328 34195 
21330 3082 23996 
21342 10557 
21344 3431 
21345 14028 
21346 35426 
21349 9269 23993 
21353 5172 
21355 2387 
21357 11387 
21362 22559 
21368 21625 
21373 14687 
21383 39444 
21385 29344 
21392 33632 38796 
21393 18656 
21394 5475 
21400 26550 
21404 5860 
21406 12844 
21415 40418 
21422 8966 
21424 540 
21427 3024 
21432 25527 
21437 17406 
21439 33564 
21451 31171 
21460 26453 
21473 5197 
21475 8828 
21479 15544 
21480 34797 
21481 2625 
21483 35110 
21484 11705 
21506 24727 
21507 20683 
21508 22631 
21512 18702 
21514 13269 
21515 25018 26055 21520 
21534 8674 
21537 40626 40485 
21545 1674 
21546 29819 
21552 15351 
21559 3154 
21567 23766 15003 
21569 1500 
21574 27813 2510 
21588 33782 
21599 170 
21612 32642 
21615 36403 
21620 6054 
21627 9579 
21628 26320 
21637 559 
21654 9577 
21655 3632 
21656 11795 
21657 39423 2147 
21659 36909 
21661 29906 
21682 21948 
21688 17133 
21697 1571 
21700 10782 
21718 22866 
21722 29917 4622 2259 1602 3059 4565 
21732 221 
21740 34404 
21751 32610 
21755 205 176 
21767 34015 
21771 17877 
21786 37551 
21792 28382 1665 
21793 39540 
21800 14418 
21802 20735 
21804 27246 
21806 13137 
21833 5016 
21837 10152 
21844 23542 
21875 22847 
21876 4289 
21881 17406 
21889 37103 
21894 375 20016 
21898 12986 
21905 2263 
21921 15038 
21923 20069 
21925 39546 
21939 15343 
21944 33178 33180 29455 
21948 39400 
21964 13655 
21970 40035 
21975 176 
21976 3048 
21978 26681 
21979 28373 
21984 32242 
21987 23773 
21994 19859 
21998 21022 
22003 12632 
22015 5722 
22022 13272 
22025 31963 
22028 38279 
22029 37754 
22030 22722 
22032 26620 
22041 22879 
22060 24131 23534 
22065 34245 
22066 36643 21913 
22068 23184 
22082 5116 
22086 13682 
22090 5587 
22091 23310 
22098 13 37 
22104 22406 
22118 32268 
22125 15435 
22138 1500 
22151 19241 
22152 5343 
22156 19973 
22158 14529 2764 
22164 36815 
22169 484 
22177 15213 24001 
22179 27720 
22180 38279 
22182 22501 
22184 29794 24179 
22188 38942 
22191 39016 
22199 21536 23112 
22202 12190 32976 
22215 6360 
22218 21559 
22226 1023 
22241 3759 
22255 3776 
22262 40013 30856 
22263 13254 3610 16624 
22264 19748 18487 
22267 37222 
22299 33523 6656 
22300 31435 
22301 3154 
22307 25062 
22319 23297 
22321 14190 
22330 13794 
22336 306 558 
22337 22864 
22350 4640 
22356 10366 
22389 34331 
22390 28473 
22405 2827 
22412 977 
22421 5256 
22432 5981 
22434 711 
22439 26047 
22455 28274 
22459 8890 
22467 35242 4294 21183 
22468 37110 
22476 6442 
22498 21488 
22511 27665 
22522 3072 
22524 685 
22526 29315 
22539 1627 20670 
22541 7152 
22550 7745 
22553 5421 20528 
22558 39004 
22561 28587 
22562 17541 
22569 32483 22539 
22576 27104 
22577 25270 
22580 13807 
22581 24049 
22584 33089 
22597 12525 24371 
22599 38055 
22600 23439 
22614 28018 
22617 6159 
22626 8619 
22627 26011 
22635 27256 
22641 22401 
22651 24806 
22653 5131 
22657 29024 
22666 4548 
22673 29525 
22675 674 
22687 20131 1056 
22692 4357 
22705 586 
22707 34576 24507 29170 
22713 4680 
22723 30442 
22731 20736 
22740 28486 
22741 38564 
22744 19626 
22752 161 
22755 22625 
22757 34730 
22768 1292 
22769 9316 
22770 10694 
22778 27661 
22780 6121 
22781 31428 
22786 29541 
22797 31743 
22804 23539 
22823 1435 
22824 19843 
22825 35307 
22827 29414 
22832 4294 
22842 3111 
22844 2220 
22857 1538 
22860 24018 
22861 13704 15745 
22870 36513 4275 12430 17884 
22876 35184 
22879 35953 
22895 36632 
22906 26830 
22916 32337 
22926 13034 
22936 7576 
22941 10147 
22950 3545 
22952 1502 
22953 20554 2249 
22958 21736 
22961 29367 
22965 6289 
22966 1017 
22967 39317 
22973 16667 
22975 15533 
22981 25542 
22983 28047 
22984 22952 
22985 22266 
22989 39002 
22991 39994 
22994 20577 
23003 9158 
23007 33221 
23021 1571 13915 
23029 1636 
23031 8977 
23034 4610 
23036 3034 
23042 11739 
23045 25072 
23056 39900 
23063 32627 
23066 1656 
23071 1128 
23072 36447 
23077 36509 
23079 1212 
23082 2393 
23083 23712 
23084 25080 34952 
23089 13573 
23091 30628 
23102 1537 2514 2589 
23110 29087 
23114 5430 
23121 20723 
23126 26333 
23127 19585 2567 
23133 2673 
23147 28365 
23150 3071 
23153 4842 
23165 13021 
23173 26847 
23183 33599 
23195 19 
23208 18109 
23210 5502 
23218 18543 
23219 1617 
23223 307 
23228 242 
23234 3059 
23243 27681 
23245 40445 37706 
23270 1811 
23286 160 
23293 4900 
23294 37439 
23297 13312 
23298 445 
23302 7667 26734 
23304 8754 
23306 37834 
23338 29006 
23344 12834 
23355 21590 
23357 18 
23363 26371 34716 
23380 14185 
23382 15757 
23383 5267 
23384 18610 
23392 15379 28543 
23405 4656 
23409 11 13005 
23410 39911 
23411 2941 
23428 24065 
23435 33941 
23440 19874 
23442 3617 
23448 3021 
23450 22650 34411 
23476 4452 
23480 12801 2692 
23499 38776 
23500 40699 
23511 3192 
23518 8633 
23530 21169 
23536 34990 
23539 2323 
23556 35970 15909 
23557 11584 
23558 38613 
23563 26787 23804 
23566 18438 
23569 16101 
23570 40603 
23572 5418 
23582 19682 
23599 29197 
23602 24310 
23606 27116 
23610 26432 
23612 8170 
23615 40493 
23617 23856 24465 
23619 23857 
23631 26643 9588 
23633 22917 
23647 40814 
23648 31759 
23653 5407 
23657 4924 
23659 22892 
23666 37487 
23671 20615 
23674 32106 25475 
23676 1644 
23696 7572 
23697 7807 
23698 7855 
23699 36556 
23700 26428 
23706 23218 
23708 6983 
23722 4770 4818 4830 
23727 1767 
23741 20724 
23744 30011 
23746 5101 
23754 50 
23758 32453 
23767 5961 
23770 32623 
23772 23783 
23775 12512 
23787 7436 
23791 21456 
23793 40628 37612 
23800 37705 
23802 25059 
23807 2745 
23834 333 
23837 10967 
23844 27256 21630 
23862 10701 
23866 22032 
23871 18568 
23874 36656 
23876 3406 
23882 40574 
23884 26456 
23886 21174 
23888 38196 
23889 40006 
23896 36646 7757 
23897 8931 18986 
23898 39967 
23900 17484 
23904 3562 
23913 9121 
23916 24522 
23923 30367 
23928 9602 
23933 31517 
23945 25421 
23951 687 
23954 1405 
23957 3932 
23959 4702 4351 
23963 37250 
23964 25313 
23965 37267 
23968 27932 
23971 21615 
23985 29835 
23998 27281 
24001 6611 
24004 6440 
24005 765 4625 
24006 27171 
24014 22634 
24019 2292 
24020 8939 
24022 22719 21918 
24033 6121 
24040 6170 
24044 24542 
24050 22336 
24062 5781 
24065 11795 
24072 38263 
24082 12192 
24083 31106 
24088 3022 
24092 10123 
24096 38976 
24097 27300 
24121 685 686 
24132 8435 
24149 12603 
24153 28505 
24154 16110 
24155 20187 
24159 34753 
24167 24390 
24170 22432 7550 
24175 15600 
24181 4160 
24186 22524 
24191 11051 
24200 2692 
24201 27209 
24202 4194 26598 
24208 13316 
24209 10225 
24210 11600 
24216 34049 
24236 2612 
24250 31121 26110 
24251 31778 
24255 24595 
24264 34051 
24267 27256 
24290 15772 
24296 3177 
24315 22032 
24321 6695 
24327 20879 20404 
24328 29994 
24343 18150 128 
24350 766 
24356 6110 
24358 4276 
24360 34648 
24364 9998 26424 
24380 9226 
24387 23297 
24395 14867 
24404 13272 
24420 35445 6276 
24445 22398 
24446 5087 
24474 40886 
24479 40860 
24489 11623 16045 
24493 28399 
24502 10843 
24506 10383 
24508 23198 
24509 24685 
24510 2672 37003 
24514 24537 
24524 10652 
24525 6976 
24529 5840 
24533 15862 
24534 9603 
24537 28822 
24548 27000 
24556 34952 
24566 36326 24786 8890 
24571 27775 
24589 40471 24124 
24590 31766 
24592 7368 8591 37627 
24620 32721 
24626 27898 
24632 33320 
24636 26446 31304 
24650 23517 
24652 35827 
24653 27156 
24655 19158 
24656 2743 
24660 32320 
24668 20018 
24676 13360 
24688 14270 
24690 2305 1352 
24692 20789 
24697 24009 
24699 29217 
24701 37792 6787 6790 
24704 9004 
24707 7788 11860 
24711 283 
24712 28714 32489 
24719 31165 
24720 23220 
24722 29221 
24723 30257 22553 
24724 23182 
24729 25904 
24738 33823 
24743 23181 
24750 5425 
24758 38802 
24760 31305 
24765 6047 
24771 29973 33660 
24774 32381 
24786 28436 
24788 12223 4909 
24798 38886 
24807 23503 
24824 19727 
24831 39420 
24832 3711 19384 
24840 39956 30703 
24841 12584 
24842 13386 
24845 15696 9721 692 
24848 585 
24853 17049 
24856 6028 
24862 2337 
24868 6611 
24870 7974 
24871 31925 
24872 13682 
24885 37312 
24899 21312 
24901 29529 
24902 22278 
24911 3300 
24914 20741 
24919 14394 
24922 4589 31459 
24935 15560 
24951 4983 
24954 40760 
24962 13845 
24971 15172 
24978 14441 
24979 9482 
24984 1371 2254 
24985 26544 
24989 24742 
25001 2210 21191 4616 
25013 23220 
25016 8709 
25017 5452 
25028 22830 
25029 468 
25031 5273 
25039 10363 
25043 36273 
25049 21278 
25058 34057 30787 
25063 40334 
25085 40834 
25093 22513 
25112 30128 
25116 1264 
25122 36109 
25126 28721 
25127 219 
25139 23207 
25154 34101 
25156 32505 
25163 40318 
25175 40644 
25182 32753 
25186 18351 
25187 32136 
25189 31002 
25194 1818 11504 
25197 36351 
25201 8503 
25205 14787 
25216 23030 
25222 30642 5612 40839 
25226 35527 1624 
25228 24042 
25233 24304 
25238 30823 
25253 25350 
25254 16613 
25265 558 6172 7263 9980 1127 
25266 18274 
25267 9753 
25272 15618 
25276 31473 
25284 27829 
25287 25682 
25302 34883 
25304 39997 
25306 37706 
25326 22931 22491 
25345 20712 
25354 10163 
25357 406 
25361 9545 4221 
25364 2251 17006 
25367 33936 
25368 5031 36134 
25371 14181 
25374 7731 
25377 15916 34934 2359 2460 3073 13827 15893 18391 2069 
25378 37857 16516 1558 4519 
25380 6677 
25383 23792 
25387 28322 24974 
25388 29506 
25393 25336 
25399 21536 
25408 12557 
25409 37891 
25414 30607 
25417 23360 27257 
25421 10694 
25428 32475 
25430 15141 
25432 1421 1398 
25442 7991 
25452 28385 
25453 5660 
25455 12440 9476 19225 
25456 2116 
25459 7064 4430 
25465 20248 
25470 1676 
25476 372 
25480 10607 
25481 22430 
25485 21126 
25494 25695 
25495 23656 
25501 17620 
25502 317 
25504 24982 
25510 36212 
25517 2018 
25524 3092 
25533 6753 
25548 10183 
25550 16091 
25551 30534 
25577 24778 14942 
25578 2153 
25580 27352 31369 
25586 37045 
25587 7936 35863 
25592 9914 
25599 15319 
25609 26445 
25615 21696 
25618 34018 
25623 9611 10247 
25624 9265 
25626 29413 33737 25479 
25631 26326 
25641 31857 
25654 1211 
25661 3070 
25665 718 18760 
25667 16515 
25672 3655 291 
25677 14833 
25681 14437 
25688 1735 
25690 19781 16559 
25692 2546 
25695 22414 
25713 32652 21172 
25714 13309 
25720 30829 
25725 23348 
25727 25464 
25732 1500 
25733 15597 529 
25744 2337 
25746 20917 
25748 40646 
25755 24078 
25763 37010 
25783 40600 
25786 36263 
25787 11823 
25789 13363 14750 
25791 10053 
25793 5185 
25795 23027 
25798 38101 
25801 19016 
25804 3478 
25818 24368 
25825 29535 
25833 39810 
25834 11770 
25845 26553 35447 26940 
25870 309 
25877 9702 
25880 1552 
25881 21690 
25888 21933 
25890 33721 
25892 23297 
25896 21910 
25897 23368 
25919 10882 
25934 2932 13298 
25948 21929 
25952 30411 
25956 4519 
25961 3617 
25965 2820 
25982 20715 21158 20749 
25992 1292 
25997 213 
26003 7558 
26004 33947 
26005 21573 
26007 38933 
26008 4994 
26015 14155 
26017 19691 
26032 23341 
26038 2525 
26053 17165 
26054 9393 
26057 34091 
26061 675 
26063 6579 
26074 12189 
26085 25518 
26092 30179 
26107 10082 
26118 11653 5505 
26124 23232 
26128 5636 
26134 26729 32825 
26135 22644 
26138 1843 
26142 109 
26147 30421 16753 35 37451 
26155 3607 
26163 7353 
26167 12323 
26181 38137 
26186 27296 21536 
26192 16435 
26195 29256 
26201 34582 
26205 2292 
26229 7365 
26230 26669 
26231 11832 
26235 38855 
26238 19770 
26239 17499 
26240 20693 
26241 9319 
26243 21466 
26244 16028 
26265 22662 
26284 17745 
26289 30922 
26292 5405 
26293 23529 
26308 38723 
26314 6452 
26326 39864 
26334 28788 26109 
26339 29253 
26341 20716 
26344 19007 
26345 7081 3662 
26349 2526 
26357 409 
26364 16528 
26366 3078 
26369 28018 
26376 797 
26378 8532 
26386 5412 381 
26392 3019 
26408 31879 
26417 27845 
26420 829 
26423 2357 28463 
26446 39862 
26448 2773 
26451 23107 
26462 11994 
26464 7423 
26468 12310 9622 
26470 1842 
26476 160 
26477 13248 
26482 24063 
26483 12309 16682 5160 3412 34801 
26489 21501 
26490 39731 
26510 27252 
26512 34163 
26520 9781 
26528 25348 
26532 33673 
26554 30151 
26555 319 
26561 171 
26562 722 
26565 13778 
26577 23225 
26581 10483 6712 35925 24865 8575 
26585 22155 
26588 2525 
26592 40448 
26605 18607 
26620 13155 
26621 37748 
26623 547 
26628 17984 805 38944 2662 14092 316 5604 
26644 23630 5344 
26651 8278 
26657 12889 
26660 10941 
26663 2155 
26664 40559 
26665 15379 
26667 32008 
26669 5584 
26672 2935 
26676 36736 
26685 25074 
26696 26122 
26702 26433 
26707 36908 
26710 8981 
26721 25241 29316 
26728 128 
26735 17439 32431 13760 
26756 870 
26761 18785 
26765 22905 
26768 4612 
26769 673 
26790 32020 
26807 36150 
26813 28707 
26818 21536 
26819 26810 7448 
26833 35117 
26840 13528 2315 8064 208 9128 2430 6175 3664 27343 20514 
26845 1865 
26846 1317 
26852 14315 
26858 18486 
26859 6171 
26865 40103 
26867 9163 
26869 688 
26871 3300 9822 
26876 35459 
26880 29164 
26884 24905 
26887 15308 1938 678 24 
26892 25749 
26899 37568 
26907 38891 32797 
26911 28193 
26915 25834 
26943 2968 
26968 19452 
26973 17644 
26981 296 
26993 31610 
26994 2843 
26998 26484 
26999 22517 
27011 25067 22719 
27028 21930 
27033 35000 
27036 22990 
27041 39149 
27043 11680 
27047 3792 
27059 5439 7322 
27064 1617 
27071 3304 
27073 34490 
27074 12555 14150 
27082 23723 
27096 5640 
27100 21536 
27102 30523 
27116 21157 
27152 34998 
27169 35410 32711 
27177 35283 
27186 23537 
27202 29895 
27203 39896 
27220 40324 
27222 3520 
27235 36851 
27237 31845 
27269 1421 
27290 22410 
27292 21940 
27293 6882 
27299 38151 5887 39226 
27304 39213 
27305 6081 
27313 40964 
27315 39099 
27320 6812 
27327 39142 
27329 37475 
27345 14586 
27355 19795 
27360 2687 
27368 12963 
27369 33334 38034 
27394 21520 
27402 31713 
27403 21364 
27413 21130 
27416 38637 
27417 32093 39502 38528 
27422 1484 
27423 6575 5767 
27424 2526 1831 
27433 18425 
27438 8036 15575 
27448 28990 32297 36247 
27455 4774 
27458 29119 
27467 1855 
27477 21912 
27481 22442 
27497 29624 
27514 40741 
27530 18809 22261 
27532 5079 
27541 24771 
27544 5560 
27553 422 
27558 21038 
27559 8367 
27561 4907 
27568 27094 
27569 17405 
27573 23697 
27576 20646 
27577 25675 
27578 21590 
27580 14633 
27583 25679 
27589 37357 
27592 30759 
27594 33475 10472 
27595 12597 
27599 25035 
27614 2365 
27615 5720 
27620 2007 32625 
27626 34856 22939 
27630 29357 
27631 40413 
27639 4646 
27640 8273 
27641 36824 
27660 14934 
27664 35637 
27667 7963 
27674 24952 28627 
27677 32893 
27680 18753 
27682 18767 15389 
27684 541 
27687 15658 
27707 5598 
27727 25522 
27733 12727 
27736 11599 
27737 5639 
27738 23341 23926 
27742 40819 
27750 16465 
27751 40584 3619 29408 3635 33028 3657 
27753 8586 35001 
27760 22350 
27765 18599 
27798 32080 
27802 22146 
27811 38453 
27812 22594 24440 
27818 16649 
27822 9270 
27824 4673 
27851 5615 
27854 22413 
27859 4833 290 10233 
27871 2773 
27875 303 
27882 20744 
27884 25028 
27885 12471 
27902 22432 
27904 5161 
27905 2635 
27916 15112 2525 
27922 37941 
27928 905 
27934 32924 14128 
27943 1529 
27953 3092 
27954 8352 
27957 5009 
27959 20114 
27967 1128 
27972 3946 
27975 27447 
27976 20032 
27991 39911 
27992 29843 
28010 5523 
28021 21775 
28025 518 
28029 21480 
28034 24115 
28043 26816 
28047 5284 
28056 26110 
28070 4445 34131 
28071 6037 
28074 33477 
28075 401 
28076 12485 
28092 1407 
28093 5272 
28096 6227 
28097 30148 
28098 16118 
28101 24545 
28113 27307 40843 
28119 12675 
28120 40765 
28123 1845 
28128 26884 20286 
28139 40065 
28150 718 
28156 9987 
28166 30187 
28194 30173 
28199 29894 
28213 5172 5475 
28215 4542 
28216 5430 
28223 8052 
28226 9566 
28230 4767 
28231 2895 
28238 1538 8266 
28241 31443 
28250 24179 
28254 35095 
28255 25617 
28259 24114 
28261 24757 
28263 11710 
28274 33118 
28283 11659 
28284 34469 
28301 27472 
28316 283 
28333 29349 
28337 40004 
28339 31278 
28354 5801 
28361 10288 
28375 16181 
28385 38951 
28390 23715 
28391 26633 
28394 23108 
28404 30222 
28422 11983 
28427 10628 
28428 6176 
28435 14637 
28447 6285 
28449 2991 
28465 24473 
28471 38486 
28474 25649 
28497 11221 
28498 40071 
28499 39928 
28504 8262 
28511 12856 
28514 23328 
28524 2292 
28526 13605 
28531 34103 
28555 20699 
28559 28809 
28560 21948 
28567 32288 6751 
28577 16371 
28583 38993 
28585 12391 
28595 10554 
28597 31768 8770 18663 
28609 9808 
28620 40179 
28626 10476 24923 
28638 23586 
28641 38390 
28647 21913 
28650 33433 
28659 5054 
28665 23504 
28674 6181 
28688 18873 
28698 27649 
28712 29799 
28713 19188 
28716 7082 
28733 1131 
28734 1633 
28737 34793 
28744 28742 
28749 3566 
28757 8778 
28766 24965 
28789 25096 
28792 37311 
28795 17484 
28796 11016 
28799 36087 
28806 39247 
28813 19653 
28820 15199 
28821 39928 
28825 766 
28830 204 
28847 40453 40158 
28851 24617 
28852 22436 
28855 37305 
28884 34479 
28885 40977 
28888 18532 
28902 3059 
28920 26339 
28939 22214 
28948 8611 
28952 397 
28958 3626 
28963 24180 
28973 1492 
28991 37423 39236 19030 
29003 30253 
29027 23027 
29030 10215 
29032 1268 
29037 36887 
29041 35036 
29056 38562 8794 
29067 39851 
29069 22918 34280 
29095 24979 
29110 1128 
29114 23944 
29122 8366 
29124 3911 
29140 27315 36315 
29143 23612 
29154 14463 
29160 7398 
29167 3019 
29171 6353 
29176 23884 
29189 16904 
29221 13 
29252 37920 
29253 9769 
29260 6798 
29263 1526 
29270 18118 
29275 37161 
29288 39651 
29297 18883 
29299 26204 
29309 28834 
29319 34951 
29334 32823 
29340 22957 40975 
29359 1498 
29360 3803 26007 3569 8435 8479 30917 5277 1023 
29365 34643 
29375 21536 
29384 33561 
29387 32485 
29390 21892 
29393 15104 
29400 19245 
29402 26031 
29407 40259 
29410 39374 
29430 22226 
29439 26340 
29443 1227 
29444 10414 
29451 6980 
29472 25000 
29486 32946 
29493 6057 
29505 34968 
29508 28807 
29510 5478 
29530 32979 
29550 40518 
29559 4200 
29568 27573 
29571 14491 
29575 2510 805 
29586 30436 
29590 309 
29594 25209 
29599 12369 
29614 23697 
29625 4888 
29626 20002 
29627 459 
29631 23374 
29633 9441 
29645 12277 
29650 37519 
29651 21695 
29665 1811 
29666 18615 1326 
29672 27063 
29691 5405 
29694 18762 
29705 23216 
29714 40223 14620 
29721 25445 
29727 25605 
29734 33696 
29737 24231 
29743 21909 22923 
29752 13822 
29758 14100 
29770 17039 
29774 3810 
29775 18878 
29786 35022 
29791 5430 
29798 2255 
29800 194 
29814 16729 
29824 27148 
29830 32587 
29845 27502 
29846 1843 2635 
29849 18757 
