3 263 
5 453 382 495 
8 886 
9 1065 1037 
10 1133 1253 
13 1581 
15 293 1719 1067 
18 2178 
19 2341 
20 2384 
26 2739 2817 
29 537 
35 805 
37 3423 
40 3584 
42 3670 3720 
45 1846 3861 4178 2034 
48 4273 4257 4294 4254 
53 198 4462 
59 3421 
63 4712 3264 
64 4959 4926 
70 5072 
71 5086 
72 5131 
84 5418 
89 1336 
91 5834 
92 5868 5918 575 
93 1421 
94 543 
101 6125 
103 3629 1235 2179 
104 332 6263 
109 6460 6493 
111 548 6588 6632 5062 
121 6841 601 
122 1352 
123 6928 
124 6983 2289 
125 7064 
128 6650 7200 
138 545 71 7516 
140 6012 
143 1538 
145 7893 
146 7789 
152 7998 
153 466 
158 8091 8 
161 8192 
163 1232 8230 
167 4131 
169 6021 
171 8799 8582 8588 8725 
172 1508 
176 8880 6593 
180 8981 4432 
184 9136 
187 650 9335 
194 9471 
197 9528 
200 1560 
202 1664 536 
203 9732 
204 9761 
211 4827 9967 
214 6482 
217 10231 
218 7911 
219 197 
220 2406 
221 6446 
227 8906 4680 
230 10783 
232 5828 
239 10897 10224 
241 267 11069 7432 2971 
244 6627 178 1610 
246 5538 
247 10723 11321 
251 10900 
254 3995 
262 10390 
264 11733 
265 7936 
267 10941 
272 1726 
274 1292 
275 11939 
277 12027 
281 12124 
282 12175 
284 12197 
287 911 
289 4171 
319 12614 
323 12692 12684 
329 12951 
340 11267 13071 
341 2525 
347 13185 
353 473 
358 13423 3898 
360 461 
361 6425 
364 9369 13582 
383 2339 
385 13859 
392 13964 10049 
393 14014 
396 1614 1198 14257 14286 
399 14332 
404 14428 14405 
408 131 14495 
412 14589 
423 12583 14731 
429 2903 
430 14785 
432 6365 
435 14932 14905 
437 6784 
438 4040 
447 598 11556 10441 
450 1026 
453 203 
458 13213 
459 1735 
463 5604 
464 587 
470 15377 
473 15410 296 4837 
479 13571 13166 8252 
486 9163 
488 15578 
490 3860 1933 
496 14667 
497 15739 671 
500 15889 15905 
517 5413 
521 16119 
534 16246 
535 11808 
537 3975 
539 12173 
544 13146 1702 
547 461 2659 13444 
548 16666 
549 16698 
555 16789 
558 16870 6785 
565 12797 
567 16932 
571 13137 8771 2362 
574 7357 
578 8380 189 17170 
580 17215 
589 8391 7046 3820 
610 10768 
611 11238 
622 718 
624 16384 
626 17724 
627 3849 
633 17818 
637 3129 
646 3147 17969 
647 3014 
652 3806 
657 3266 18154 394 
672 5502 
680 12825 18288 
684 18347 7276 
686 4207 545 
687 18401 189 
691 11493 
703 4906 
704 18486 
708 18520 
712 10411 12111 
716 18616 10667 
721 18648 6576 5767 
725 4019 
728 18746 
741 18825 
742 1023 
743 6306 
750 15497 
751 10163 10117 10832 11311 
752 5700 
754 2078 316 18949 
777 3598 
778 1508 4037 
782 10547 1332 
786 19167 
787 17499 
790 3833 
801 8554 
805 2094 
810 807 
816 10731 5457 
824 19471 1538 690 
828 6797 
836 19588 
840 1292 
853 19711 8985 
857 1128 
862 822 
863 12800 
864 3094 
866 292 769 
869 13473 19966 19931 
870 3453 
877 208 
878 1473 
882 3352 
886 6813 
887 11880 
896 2525 
901 5277 
903 12663 10838 16475 2589 
905 11951 
909 20363 
923 19262 17031 
930 322 
935 6631 
940 6791 2662 1811 7713 
942 17649 12260 8257 
950 20685 
958 17565 11424 
970 12725 935 6478 18696 
971 545 
981 20988 
991 21040 9145 
992 21059 
1000 1357 
1003 21206 
1010 13262 
1019 10551 
1020 2363 
1029 21320 
1040 21416 
1051 14781 
1055 609 
1056 21659 
1062 20727 
1064 7464 
1070 21817 
1072 21845 
1073 10903 
1075 10322 
1094 1168 
1097 22146 
1105 7947 
1109 6226 456 
1111 7404 
1117 2259 8749 
1120 22355 5305 
1122 21859 
1123 22417 
1127 22685 
1130 14130 
1133 2525 
1134 10807 
1140 21227 
1142 4183 653 
1146 9390 
1148 21467 
1154 2337 
1156 20769 9756 
1160 21909 
1165 13166 4253 
1174 22364 
1189 17752 
1194 491 
1202 23416 
1211 23491 
1222 5536 
1232 5439 23640 
1237 17018 
1240 23750 
1242 23777 23779 
1250 23824 
1261 12771 
1262 4589 13333 6542 
1267 2137 1441 
1269 16416 
1276 22051 24027 
1283 24268 24173 
1285 24320 
1292 3211 
1293 892 
1296 23455 
1304 22513 
1305 22513 
1309 2453 
1311 24454 23854 
1312 21535 
1318 24633 22427 24705 24235 
1321 10241 
1334 22909 
1352 1638 25221 8687 
1353 23709 
1356 10575 5528 761 
1369 1871 
1378 25446 25443 
1380 14665 
1382 3280 
1385 7457 8799 
1390 25526 
1393 25581 25545 
1411 11891 
1412 15104 
1423 942 
1431 5344 
1445 15924 7602 
1454 21696 21933 
1456 22426 
1465 25615 
1475 17313 
1480 21497 
1485 26242 
1500 13213 
1506 21926 
1512 22646 23527 
1520 1504 6081 
1525 718 
1533 2880 16921 
1537 13265 
1538 25331 
1545 16124 26657 
1555 26764 
1556 5910 
1566 7084 5659 3682 
1570 21581 
1572 26838 
1585 7062 
1595 21912 
1596 22497 
1597 8440 
1600 23517 22526 
1618 27128 
1621 27146 
1624 8424 
1631 794 
1636 16529 
1638 8505 255 
1652 19309 
1653 27492 
1657 23012 
1672 25608 27659 
1675 16682 
1682 19189 
1695 9545 
1700 12877 
1702 1356 
1706 8645 
1711 20744 
1716 4687 
1735 27998 
1740 15280 
1745 23618 
1752 1855 
1754 15082 8252 
1756 7368 
1758 28102 
1767 2460 
1769 4763 
1770 7289 
1771 3956 894 
1774 21169 
1784 6393 2077 3739 
1790 23157 24219 28269 
1791 28296 
1794 19153 
1801 12613 
1802 642 
1809 7332 
1810 3188 
1812 28393 
1817 5478 
1818 21192 
1820 22903 
1828 9495 
1839 20809 
1843 1042 
1847 18291 
1855 21312 
1860 16948 
1861 8390 
1889 28725 
1898 5860 
1903 21181 
1904 26027 
1907 4704 
1909 319 28928 6455 
1910 2301 
1917 7084 
1921 967 
1938 21176 
1941 29072 
1949 4471 
1957 29155 7126 
1960 23710 26500 29194 29200 
1973 2467 
1977 2332 3402 
1978 21118 
1990 22199 
1997 26105 
1999 20249 25843 
2006 14866 17973 
2009 180 
2012 296 
2017 12700 
2019 25422 
2045 16173 
2052 678 
2058 15659 
2062 4200 
2070 28159 23612 29732 29746 
2078 22905 
2082 5602 
2099 142 
2101 5763 5396 
2103 29913 
2110 9423 
2111 25335 24968 
2113 7713 10837 10902 
2114 19896 10477 
2116 2225 8400 
2120 30083 
2125 765 13928 5618 
2129 4309 
2139 30119 8912 
2140 30148 
2142 5438 
2148 30194 
2156 20718 
2161 30308 
2170 542 1941 
2178 3264 2973 2942 
2184 23124 3571 
2186 30365 
2197 3261 
2201 6892 
2202 11906 
2209 8013 6207 
2216 21737 
2222 7339 
2225 26230 
2230 321 
2237 19161 5117 
2241 15884 
2251 7649 30547 28464 
2262 13007 
2266 8858 
2273 3263 1443 
2286 4401 
2311 321 19833 4558 
2312 29612 
2321 1439 
2325 3322 
2332 5075 12149 7367 
2351 495 
2360 23777 
2370 1029 
2379 21722 
2385 13934 
2387 30977 
2396 7919 
2400 25226 2540 3191 
2401 4082 
2402 9862 
2404 31012 
2405 31020 
2408 31048 
2412 29536 
2423 160 
2434 31215 
2435 24140 
2442 8336 
2444 23606 
2445 2031 
2473 4515 
2475 31399 
2480 3288 
2481 14529 
2482 21472 
2493 2956 
2496 2882 
2513 22460 
2520 22596 
2526 28817 
2531 987 
2536 18965 2198 6236 
2538 8544 
2540 12410 
2557 714 
2569 20415 
2571 25693 
2579 4037 
2587 20984 
2589 16512 
2591 27418 
2594 29076 28723 
2611 29096 
2627 4527 
2641 2947 
2642 198 412 
2657 25227 
2668 23019 
2685 16498 6063 
2689 1995 
2694 1023 
2698 17780 
2701 11473 
2734 2732 
2735 17962 
2744 23249 
2764 14215 208 26277 
2771 536 
2774 7840 
2780 22441 
2784 20538 
2786 10514 32267 
2788 19301 
2797 23059 
2807 162 
2812 439 
2813 12936 
2815 13252 
2822 13751 
2823 2019 
2825 4800 1911 14966 
2834 27549 
2839 2305 
2850 11672 
2851 32472 
2854 31401 
2855 22426 
2857 29897 
2872 4616 
2873 32538 5152 
2887 12113 
2896 13565 17146 
2905 5430 
2912 1356 
2917 7920 
2919 908 
2935 11556 
2961 22963 
2962 7588 
2970 32809 
2973 5140 4327 
2976 3530 
2979 1837 
2993 870 
2994 2136 
3007 7163 
3016 953 
3020 8266 
3024 15230 
3027 11443 1926 590 
3037 22464 
3038 23019 
3042 28022 
3044 5195 
3047 7347 2466 
3054 17412 5450 
3056 18554 33009 
3068 20060 
3083 1287 
3084 4959 
3091 19723 
3092 3296 
3093 23263 
3095 18285 
3108 19727 
3111 5438 
3116 22669 22651 
3129 4735 2573 
3136 24573 
3145 559 
3146 30910 30885 
3148 8503 
3150 4048 20143 12623 
3152 18527 
3162 821 
3170 24431 33419 24299 24052 
3177 5558 
3179 25261 
3184 33453 
3190 25039 
3195 16118 
3204 19488 
3206 15072 
3211 763 
3222 9749 
3231 33585 
3232 23293 
3235 29780 
3241 33597 
3258 11106 
3263 21092 
3273 620 
3287 12241 9755 
3311 30256 
3330 31081 
3334 5084 16251 
3338 2841 
3339 21116 
3345 33824 
3356 23759 
3358 25578 
3362 1437 
3369 30751 
3372 20067 
3376 4214 
3377 830 
3389 1227 
3390 4289 
3405 187 
3410 1488 
3418 21177 
3420 21886 
3421 619 
3423 10661 
3433 10870 23140 
3445 32891 
3446 3101 13915 
3450 22401 
3452 13801 
3474 30853 
3489 29122 
3490 10367 15409 
3503 4782 
3507 3492 
3509 675 
3510 17513 
3526 25314 24977 
3537 5328 
3551 20390 
3561 8155 
3564 34233 22302 
3575 9932 
3578 21278 
3582 15076 
3589 29414 
3595 373 
3597 3955 28921 
3600 29472 
3602 1595 
3607 19859 20428 
3610 8366 
3618 16889 4657 
3629 22718 26077 
3634 22633 
3638 1625 
3639 34432 
3641 29989 
3644 3625 
3646 22471 
3650 2077 
3656 28179 
3668 6383 
3673 10429 
3675 6406 
3676 5221 14714 
3684 8203 
3685 28649 12225 
3695 16104 28483 1821 
3702 26291 
3704 28266 
3705 16163 
3708 22892 31240 
3709 22278 
3721 4342 
3731 12111 
3732 11608 
3738 4878 
3739 9726 
3756 6830 6805 8786 2347 2889 
3759 17860 
3760 3801 11837 
3769 24436 24060 
3771 34716 
3779 26463 
3781 12328 
3782 545 
3786 21521 
3796 16145 
3798 16265 
3805 1863 
3807 9572 
3811 33463 
3829 2213 
3832 7427 
3836 5741 
3844 13095 
3850 4101 
3855 9314 1772 
3861 30425 
3865 23721 
3867 33408 
3870 32508 3266 
3877 4519 
3883 25351 
3896 205 
3897 30854 
3916 31909 
3920 6541 
3922 6155 
3930 19599 
3936 35006 35000 
3941 11850 
3949 35038 
3953 15932 5370 
3955 9292 
3981 30612 
3982 529 
3987 21859 
4006 3034 
4007 22831 
4023 35120 
4028 8686 
4033 23794 
4038 8829 
4046 978 
4056 17514 3202 23826 30569 
4066 30568 
4087 27755 22897 17484 
4097 1650 
4104 5660 13117 
4112 3105 
4123 4964 
4136 7059 
4146 3800 
4160 2635 
4163 24564 
4164 19281 35333 35323 35328 
4170 5887 
4174 24428 
4181 2141 
4194 35412 7384 
4196 6129 
4197 1933 
4203 2337 
4213 14366 
4221 35443 
4230 2674 
4246 11789 
4247 28523 
4248 8846 
4260 4126 917 35503 
4288 13124 
4294 14607 
4307 3956 
4312 26048 
4313 16440 
4315 26376 
4318 29004 35578 33382 
4334 25886 
4347 1441 
4356 317 
4362 19950 
4365 22334 
4368 6482 
4403 13839 
4416 29908 
4421 30935 
4430 13617 
4437 15889 
4438 35746 
4450 2595 9142 
4468 27672 
4469 19657 
4474 31893 
4477 35804 26590 
4488 22754 
4494 27908 
4499 24543 
4502 15555 
4506 2908 
4508 5756 6257 
4511 20605 
4520 25411 
4524 842 
4533 24070 
4535 1388 1383 
4537 13112 
4560 1111 
4575 4294 
4579 13462 
4586 12605 
4591 5131 
4599 4785 
4617 12838 
4628 8000 
4631 3387 35996 1816 
4634 1996 
4638 27489 
4642 2745 36024 
4651 31686 
4657 30700 
4661 18033 
4665 6029 
4674 13242 
4692 4194 
4725 14969 
4726 12012 
4744 34584 
4753 3223 
4767 34088 
4769 20187 
4786 2576 
4795 5003 
4800 5352 5801 
4804 1513 
4817 17527 
4823 2933 
4834 28434 
4841 24940 
4845 12030 2279 
4846 2737 21745 2807 
4847 8612 
4848 6993 
4864 34578 
4881 29459 
4883 17050 
4886 14463 
4905 2637 
4930 8610 
4941 1251 
4942 498 
4947 31868 14314 4623 
4976 23265 
4981 18937 
5000 12404 3604 
5008 15464 17943 4186 16610 
5009 27696 
5021 3614 
5058 21128 
5062 26192 
5064 33901 4409 422 
5065 520 
5080 3231 
5087 893 
5095 28491 
5096 1169 
5097 9595 
5103 21980 19921 
5108 34895 
5109 15910 
5120 2406 
5126 13021 
5127 22008 
5130 23097 
5142 21909 
5162 2900 
5171 30240 
5179 2337 
5185 27701 
5193 804 
5208 36674 
5222 5112 
5223 13599 
5251 15503 
5262 15518 
5273 31973 4003 
5282 835 13127 6570 
5306 21150 
5309 15296 
5310 2692 
5313 22862 
5327 27697 
5330 6055 
5342 21085 
5346 307 
5363 14869 10485 
5391 24353 3782 
5396 27025 1853 
5402 6412 
5404 36858 
5406 23348 
5409 25080 
5411 24543 
5414 8843 
5436 8728 
5451 266 
5452 1986 6676 
5455 1237 
5456 1214 
5464 2441 
5465 5277 17781 9426 142 
5480 29283 
5491 3574 
5501 23154 
5504 20241 
5517 18636 
5521 26261 21671 
5523 24006 
5529 9793 
5531 1430 
5536 29211 
5539 1416 
5540 4959 
5556 22660 
5557 3591 
5568 25557 25259 
5573 9773 
5574 12027 
5580 18900 
5593 11973 
5604 9800 
5606 7940 
5607 21903 
5613 714 2533 
5623 30160 
5627 3191 
5638 8869 
5656 37131 
5662 4310 
5699 31045 21100 
5701 2437 
5710 6767 
5716 29616 
5719 18056 
5724 22723 30282 
5734 24490 
5739 8034 
5751 30783 
5752 8674 
5768 23238 
5779 27974 
5781 27041 21181 
5784 11529 15089 
5788 29676 
5792 19926 
5795 3411 
5796 7961 
5798 31660 
5807 37241 
5814 22442 
5815 18368 36990 
5816 23895 
5821 24430 
5836 34743 
5866 19774 
5867 19880 
5871 5857 
5878 37308 
5892 1210 8320 
5896 8014 
5906 18669 
5914 32408 
5923 20023 
5925 12198 
5926 23926 
5929 22653 
5933 25604 
5941 23512 
5944 21909 
5955 27303 
5969 6482 2635 
5981 2445 
5985 14938 
5986 28353 
5996 2701 
6002 10416 23826 2366 1735 3851 1949 14004 150 
6009 19193 
6012 23771 
6020 2364 
6022 22880 
6023 23717 
6026 6457 
6030 14538 
6037 19942 
6042 12726 605 6694 
6047 2465 
6060 36270 
6064 9838 
6071 1956 
6101 9882 
6102 1262 
6103 2654 
6112 12084 
6118 34878 
6131 37554 
6134 37558 
6140 25107 
6146 10519 
6148 37559 
6153 12399 
6175 1078 
6181 5176 4273 
6189 5429 
6203 15806 
6205 23232 24740 
6214 7998 
6222 19523 
6228 25266 
6234 16987 
6236 15775 
6240 6029 
6249 720 
6250 8952 
6251 37635 
6254 4798 
6258 7408 
6264 12889 20652 
6265 37642 24923 4244 
6283 24870 
6296 22652 
6300 14062 32323 19538 
6315 22299 
6325 11240 
6335 36749 801 
6336 31627 
6342 22362 24684 
6367 35176 
6372 32558 
6398 10091 
6408 31055 
6423 18929 
6425 3515 6900 
6430 34136 
6431 15622 
6438 2491 
6445 37805 
6446 20354 
6471 8727 
6481 11203 
6483 20601 
6489 17727 
6503 21695 
6505 1051 
6522 8495 
6525 16865 6764 
6527 37861 3106 
6535 8260 
6536 19694 
6546 35957 
6557 34743 
6569 23922 
6570 15700 
6584 17628 
6589 25189 
6590 8905 
6604 6610 
6615 3191 
6623 18467 
6644 8914 8911 
6649 10530 
6680 23365 
6687 30027 
6698 18775 
6703 28423 
6721 1020 22870 
6726 369 
6730 6984 
6749 21660 2434 
6751 29509 
6780 38049 
6783 25988 
6788 2968 8014 6687 12335 
6792 23597 
6793 23573 
6807 8117 
6813 36615 38087 23860 
6840 15135 
6843 3409 22797 
6845 1937 
6849 1479 7397 7398 
6852 33367 
6873 887 
6887 31 
6902 32252 
6917 22637 
6918 6879 
6921 10826 
6937 21955 
6938 22550 
6940 24965 
6944 32544 
6945 14845 2116 2472 
6947 33719 
6951 38193 
6953 25588 
6958 27903 
6962 6088 
6963 22380 22919 
6965 15820 
6968 33079 
6970 18028 
6972 1493 
6974 3407 
6984 11 
6989 36106 
6992 12341 
7002 27197 
7003 12012 
7006 4194 
7025 15166 
7028 23530 27942 
7050 24147 
7059 35391 
7060 23643 
7065 12627 1292 
7070 1021 
7081 35083 
7082 25268 28203 
7094 23532 
7095 5930 
7103 1209 4466 
7113 718 2263 186 11155 
7115 6395 
7118 587 
7131 1515 
7134 26143 11472 
7163 18494 
7164 25527 
7177 2127 12171 
7190 28929 
7218 1543 
7223 13983 
7232 22194 
7245 20121 
7249 5546 
7253 38455 
7279 358 
7291 23533 
7295 17217 
7299 38510 
7306 14205 
7308 35301 
7312 34396 
7315 2963 
7323 1027 
7327 18333 
7328 24888 
7337 21760 
7342 1837 
7348 28800 23108 
7356 24897 
7362 36777 
7364 4419 
7368 38560 
7388 5440 5635 
7391 6625 
7405 38587 32297 13003 
7422 4536 
7434 184 
7445 7308 
7461 292 
7480 27993 
7494 8332 
7499 27113 
7506 13266 
7513 27998 
7524 1022 
7529 2903 
7534 2344 
7539 13524 
7564 27051 
7576 27494 
7592 22530 
7595 4649 1476 7357 6576 36351 
7609 2266 
7613 16956 
7616 1755 
7622 809 
7629 11770 
7630 9314 
7635 22553 
7645 35714 
7658 21126 
7660 25877 
7678 25528 
7691 10827 
7692 11754 
7697 15782 
7698 3133 
7706 13969 
7732 4122 
7736 10734 23625 
7737 38825 
7739 24229 31062 
7743 4819 
7749 24075 
7751 2651 
7756 36970 29118 
7762 35 
7767 9235 
7770 12907 
7772 9597 
7786 14868 
7800 24089 
7811 29213 
7818 1853 2263 
7819 1611 
7856 16129 
7861 6751 
7866 9909 
7867 14722 
7875 5075 
7881 29801 
7884 23869 
7885 14329 
7895 22364 
7903 4592 
7909 13186 
7919 26550 
7922 28343 32320 
7934 20074 
7951 23397 
7955 30589 
7966 22383 
7969 20724 
7982 4271 
7983 14039 
8002 1706 
8013 2381 
8017 27964 
8027 20744 
8028 35020 34943 773 
8033 25116 
8045 26150 
8055 14132 
8056 18356 
8065 5027 
8073 29292 
8099 27474 
8109 10803 
8118 22535 
8158 1834 
8164 8409 
8169 5535 
8182 28746 
8191 7467 
8196 17407 
8197 22413 
8198 21536 
8211 12122 
8214 12607 
8216 199 
8219 4676 
8234 3012 
8248 4224 
8256 30509 2006 
8268 28990 
8284 26306 
8288 17573 
8289 23293 
8306 8711 
8311 501 
8328 18754 
8339 2351 
8358 305 
8367 648 30335 
8371 363 
8380 4079 
8395 21151 
8420 51 32367 
8422 13241 14001 
8465 180 331 6278 
8470 16131 
8474 35024 
8482 10368 
8487 29107 
8504 29341 
8506 22373 
8510 9156 
8514 15022 
8515 3752 
8518 8720 
8529 30667 
8533 246 
8535 9515 
8541 32363 
8552 15127 
8608 11631 
8613 513 23370 
8617 10091 
8618 103 
8624 21563 
8634 192 
8635 22490 
8652 39257 
8654 26121 
8656 7865 
8657 2256 
8660 29006 
8661 5827 
8672 32342 
8682 553 
8693 24156 
8698 16019 
8701 29180 12192 
8705 8145 
8710 26721 
8740 32257 
8744 10054 
8754 36575 
8757 1165 
8760 15374 
8768 31356 
8770 4890 
8775 12778 
8798 9775 
8801 5151 
8803 22408 
8805 37963 
8808 1443 
8816 1236 
8820 962 1113 25407 
8825 15122 
8827 1500 
8841 839 
8842 33519 
8843 2085 6206 1443 
8855 1438 
8857 34680 
8875 14289 
8898 30609 
8904 25771 
8918 3231 
8920 10826 
8923 16180 
8924 686 
8925 12655 
8926 33013 
8927 31604 
8941 5006 
8955 27232 
8958 30417 
8959 4571 
8983 35474 
8993 4341 
9002 24384 
9011 847 
9035 9736 
9038 3192 
9045 39426 
9052 9213 
9060 649 
9074 29507 22990 
9089 11253 
9092 4990 
9106 3950 
9110 9989 
9113 15463 
9116 28687 25052 
9120 24179 
9122 7828 
9126 318 
9129 26602 
9133 32305 
9143 24315 
9146 12953 
9148 8942 
9155 18235 
9158 5249 19177 
9163 1264 
9169 20416 
9171 2097 
9172 160 
9188 39296 
9192 21936 
9195 24079 22504 
9205 5650 
9208 27907 
9238 11220 
9242 318 
9249 9225 
9267 39007 
9275 25864 3591 
9300 26121 
9306 4108 24711 
9307 20814 
9326 38817 
9339 21673 
9358 155 
9359 30005 
9361 36668 
9372 25915 
9373 13017 
9378 33853 
9383 24960 
9386 13481 
9389 37427 
9390 1061 
9392 38392 
9397 6589 
9409 38714 
9426 22541 
9429 330 
9435 23765 
9443 11963 
9448 10484 24860 
9455 4633 8699 
9486 30896 
9496 12732 
9507 5652 
9509 2112 
9513 1513 
9518 780 
9529 22193 
9531 29350 
9533 12303 
9535 28167 
9549 1538 
9552 23439 
9562 23697 
9567 32859 
9568 6321 
9592 21105 
9609 34018 
9610 31583 
9617 1918 12564 
9618 36937 
9626 21986 
9629 33139 
9635 19535 19544 
9642 17240 
9661 20756 
9670 19007 
9683 33723 
9687 23314 
9700 7452 
9701 11144 447 
9708 31728 
9710 33991 
9712 2492 
9727 5778 
9733 7302 
9734 10787 
9738 19334 
9742 12601 
9743 5129 
9749 17567 
9758 20508 
9775 21166 
9782 13308 35225 
9784 3762 
9794 10877 
9802 5534 
9804 30745 
9811 3263 
9817 3102 
9818 404 
9831 17227 
9835 24125 
9841 826 
9849 814 
9863 28488 
9867 34648 39040 
9868 21986 
9872 25151 
9874 27602 
9882 26217 
9891 3261 
9899 27588 21917 
9913 35647 
9926 13531 
9938 30673 
9940 25676 
9945 27946 
9958 7350 
10006 27163 
10008 15430 
10017 14840 
10024 1834 
10027 21201 
10029 4321 
10037 3231 
10046 1720 
10048 39763 21893 
10051 36317 
10052 29136 
10076 22522 
10077 38790 
10096 4526 
10115 18148 
10116 8554 
10135 25607 
10159 529 
10160 19555 
10161 38971 
10166 39509 
10170 194 
10173 11231 
10181 1628 
10183 4003 
10185 15052 
10206 26348 29796 
10216 192 
10226 4523 
10236 7115 
10240 13479 
10243 13333 
10245 10001 
10246 17521 
10247 3206 
10275 11730 32789 
10281 35659 
10286 697 
10325 5563 
10326 23366 
10330 550 
10339 14275 
10357 36101 250 
10375 11172 
10381 29650 
10389 258 
10391 35124 
10410 4629 
10411 5988 
10415 1380 
10433 1165 22217 
10435 805 
10447 36034 
10467 9747 
10468 11784 8905 
10486 398 765 
10499 18864 
10509 13383 
10512 37103 
10513 30850 
10518 23902 
10528 28644 
10554 22211 
10562 2525 
10564 822 11435 
10568 13492 
10593 23309 
10596 31848 
10598 28504 
10600 16735 
10608 8584 
10609 1070 
10618 797 316 
10621 1806 
10643 628 
10647 24111 
10648 35040 
10650 4344 
10651 15249 
10657 7709 
10660 12172 
10662 3616 
10663 23495 
10670 2099 
10674 32927 
10683 13212 
10692 6406 
10695 12318 
10697 529 
10710 13701 
10747 13160 370 
10763 5751 
10764 5144 
10765 7050 
10768 4656 
10771 921 
10781 39252 
10784 18485 
10791 9862 5776 
10799 5114 
10807 7329 
10809 15344 
10819 12897 
10820 17131 
10839 3071 
10856 14875 
10857 6674 
10863 29134 
10869 160 
10876 1424 
10898 35674 
10902 302 
10903 19498 
10905 980 
10929 12306 
10932 33961 
10940 208 
10953 5251 
10957 1569 
10961 397 
10966 297 
10967 28548 
10990 31996 
11012 28369 
11015 2115 
11019 30830 
11022 537 
11026 16336 
11027 32612 
11028 11922 
11035 7431 
11039 8761 
11041 11308 
11042 19202 
11043 13846 9775 
11052 6446 
11074 27351 
11097 34144 
11098 38545 23885 23214 
11108 8868 
11118 23025 
11127 2337 
11128 9623 
11129 26307 
11132 208 
11138 1780 
11142 784 
11144 14185 
11150 28036 
11156 1788 
11170 2000 
11181 2097 5791 
11185 21541 
11188 11923 
11191 33296 
11198 478 
11201 6546 
11208 9782 22824 
11220 1577 
11229 290 
11230 699 
11242 16795 
11243 3821 
11246 9211 7371 
11247 29835 
11254 2900 
11268 3168 
11269 3035 
11283 4684 
11291 203 
11293 552 187 1466 29283 
11296 9449 
11309 5111 19058 
11331 1613 
11332 1590 
11334 571 
11343 3755 
11345 196 
11347 34954 
11364 12605 
11371 11166 
11373 11853 
11375 1601 
11377 1019 12301 
11380 1780 
11391 9212 
11392 5226 
11405 7096 
11406 5144 
11424 550 
11437 16383 
11458 26642 
11472 1437 3026 
11485 3475 
11486 229 
11506 29816 
11512 13349 
11525 15162 
11526 36921 
11541 16265 
11546 2102 33608 
11556 15177 
11566 12144 
11577 302 369 
11596 802 307 
11607 23753 
11616 11048 
11618 454 
11637 4623 
11640 410 
11643 25438 8317 
11652 4493 
11653 160 
11657 7487 
11659 1051 
11666 2018 
11680 8389 
11685 12354 
11692 40064 
11694 3266 
11696 189 
11711 35498 
11728 1790 
11729 6375 
11737 2016 
11744 11141 
11746 3266 
11759 160 
11762 406 
11765 24955 
11771 4301 
11772 24766 
11774 28173 
11792 7824 
11799 5017 
11800 458 
11809 19507 
11811 8906 
11813 20203 
11827 307 
11844 12142 
11850 34732 
11852 35834 
11860 1811 
11881 28340 
11904 6265 23370 
11912 23297 
11913 22850 
11916 27054 
11920 25528 
11926 14625 
11958 2249 
11961 5928 
11966 283 
11981 19700 
11984 18717 
12011 29224 
12028 940 
12030 3367 
12041 6126 
12046 9997 6539 
12057 15758 
12063 18398 
12090 34819 15034 
12109 24078 
12114 34860 
12119 37373 
12121 34066 
12139 39412 
12181 31516 
12193 35142 
12195 571 
12197 31975 
12203 2511 
12204 4655 
12205 1352 8387 
12207 168 
12218 32664 
12225 14323 
12234 8328 
12235 12624 
12247 13010 
12253 27880 
12264 31932 
12272 34668 
12285 2249 
12289 13657 
12292 11293 
12298 5113 29711 
12302 25218 
12331 3071 
12337 16530 
12347 837 
12370 5421 
12371 3739 
12377 3476 
12410 16422 
12418 26828 
12424 6641 
12433 829 
12434 3810 
12451 40193 
12455 13441 
12465 34418 
12474 370 
12477 12315 
12488 2873 
12500 33318 
12517 1236 
12531 1553 
12533 12301 
12537 18281 
12538 15343 
12547 2725 
12552 13323 
12559 10035 
12565 22562 
12567 26394 
12577 24311 36866 
12589 18947 
12597 2193 
12604 3192 4892 
12605 34553 
12638 1638 
12641 3871 
12650 8939 
12656 10256 
12666 14142 
12696 6917 
12701 16498 
12726 12759 
12732 6636 
12733 1890 
12743 307 
12761 25018 
12766 12190 
12774 20543 
12807 21003 
12813 3177 33026 
12814 11631 
12827 1392 
12830 25628 8305 
12842 19117 
12851 14269 
12864 40262 
12879 16444 
12907 1594 
12921 38131 
12922 22008 
12931 18558 
12938 22718 
12946 24686 
12949 17805 
12954 22720 
12968 25141 
12970 15329 
12984 13682 
12989 10040 
12990 21440 
13001 26270 
13011 14778 
13012 11373 
13020 15676 
13036 852 
13042 33239 
13048 3342 
13098 18826 
13099 458 
13100 27350 
13107 28570 
13108 3945 
13120 9390 
13130 292 
13138 18243 
13160 28054 
13162 36229 
13174 16389 3133 
13189 180 
13192 23901 
13200 11665 
13203 2464 1473 
13220 5793 
13222 6793 29545 
13228 13910 32219 
13231 3795 
13249 2263 
13255 35790 
13257 23920 
13259 21350 
13264 29363 
13282 34936 
13310 19134 
13343 14395 
13348 8605 
13360 10035 
13370 35915 
13374 19647 
13377 6735 
13378 18478 
13383 1546 
13387 14918 
13397 29109 
13424 29189 29363 
13429 16116 
13436 1843 
13458 3047 
13462 5829 
13468 37888 
13475 36271 
13488 39152 
13490 21954 
13505 19509 
13509 3231 
13515 15141 5114 
13516 21001 
13542 33993 
13563 5378 
13566 9619 
13581 5276 
13586 270 
13588 29883 
13597 29741 
13617 132 
13626 36407 
13636 3840 
13638 7204 
13653 1292 
13658 2662 
13668 8337 
13674 35468 
13682 4175 
13684 24691 
13689 24427 
13715 8293 
13733 7988 
13748 19840 
13752 2343 
13769 13915 
13772 5300 
13774 6991 
13778 8699 
13784 29499 
13793 22614 
13796 16996 
13807 35428 
13809 2318 437 451 
13811 28859 
13812 8308 
13819 3672 
13824 15790 
13825 35152 25607 
13828 26925 
13834 30846 11894 
13860 23480 
13861 38009 382 
13868 3092 
13877 10053 3549 
13885 6546 
13891 33892 
13893 14483 
13912 36245 
13924 1650 
13926 1537 
13946 32866 
13951 7892 
13952 21948 
13958 628 
13965 27207 
13974 8476 
13978 31830 
13979 4787 
13982 39565 
14012 26939 
14016 5604 
14021 22061 3748 
14030 25738 29526 
14039 29109 
14078 25557 
14081 31971 
14082 255 12854 39607 
14091 26820 
14117 16309 
14129 10733 
14132 8414 
14134 875 
14137 23517 
14139 26455 
14141 31441 
14146 8150 
14158 27709 
14160 36339 
14173 40486 
14190 622 
14210 27776 
14214 7827 
14227 33036 1128 
14238 40492 
14239 22370 
14244 24565 
14254 5173 
14269 37849 20438 
14298 19488 
14308 28631 
14309 34095 
14319 30606 
14322 12320 
14329 8674 
14340 10725 
14341 28492 
14350 17631 
14355 22454 25250 
14396 22962 
14398 16252 
14399 1965 3976 1065 
14403 10678 
14405 3899 
14413 31368 
14414 4994 
14417 20466 
14428 17606 
14436 1625 
14472 30326 28177 27286 
14484 26845 
14496 28105 
14508 32435 
14517 11401 
14523 2315 
14536 243 
14542 26282 
14545 12323 15120 
14546 29734 
14550 16288 
14556 22607 22725 
14558 31015 
14564 33280 
14568 8286 
14585 4792 
14586 2337 39645 
14587 16871 
14592 33642 
14603 15098 34501 242 
14606 25563 
14608 37899 36152 
14626 6921 
14628 13915 
14631 34495 
14636 26049 29173 
14639 1382 
14649 8393 
14653 5726 37160 3342 
14655 1282 1791 
14720 2816 
14742 28333 
14746 39315 
14752 21165 
14754 25077 
14769 26288 
14770 24067 
14775 19288 
14781 13512 
14786 20528 3049 
14806 32337 
14815 677 
14827 25529 
14840 9914 
14846 11843 
14851 360 
14852 162 
14902 6624 
14910 20745 
14918 19687 
14921 36212 
14927 1352 
14928 12960 
14938 27296 
14940 38224 
14943 3786 
14953 29938 
14973 36273 
14978 3875 
14981 27803 
14991 40283 
15006 22966 
15012 3577 
15019 23640 
15027 18732 
15036 24808 
15057 26681 
15058 1961 
15065 13481 
15074 26635 
15097 13914 
15114 36488 
15122 37583 
15145 36173 
15154 38717 
15155 20428 
15169 34402 
15186 39145 
15187 38278 486 
15195 29755 
15200 1477 12377 
15208 32032 
15209 5459 160 18824 
15211 11819 10912 2436 
15232 31970 
15250 766 
15255 565 
15265 23416 17713 
15274 24229 
15284 18150 
15287 21943 
15310 24946 
15311 11141 
15313 38294 
15333 9610 
15338 1163 1288 
15339 36742 
15343 13548 
15347 17249 
15355 18703 594 
15378 18251 
15427 28216 
15444 22278 
15455 12144 
15470 822 
15472 18983 
15479 23586 
15480 10957 
15485 4873 
15489 13279 
15495 2053 
15496 24474 
15505 8937 
15515 5893 
15521 30232 
15525 29173 
15544 5778 
15551 6076 
15575 15712 
15601 40590 
15611 17342 
15616 23103 
15619 34584 
15640 5515 
15649 4477 
15650 13643 
15653 16437 
15661 22669 
15669 22363 
15670 32721 25074 
15676 36172 
15683 37481 
15698 3773 
15710 33638 
15711 36348 
15720 32535 
15723 14464 
15731 14478 
15765 26956 
15767 22618 
15771 3254 
15778 22057 
15780 9036 
15784 1594 
15788 8674 24321 
15796 30113 
15804 20792 
15809 1369 
15829 22785 
15832 25327 
15838 37160 39517 
15863 7041 
15911 5145 
15929 24175 
15951 7114 
15952 25041 
15970 15346 
15972 10787 
15981 21885 
15984 11857 
15996 3945 
16007 23505 
16011 24631 
16017 13125 
16019 15811 
16028 3103 
16029 22364 
16043 19727 
16050 33421 
16053 17922 
16057 10676 
16077 197 
16092 23384 
16117 5429 
16119 3075 
16120 8648 2251 13127 
16122 1998 
16131 7524 19189 
16136 28431 
16141 28643 
16144 3941 
16147 9630 
16156 3160 
16160 1652 
16169 24649 
16180 8838 26181 
16198 1310 
16199 25304 
16206 21326 20531 
16212 2019 
16236 11513 
16244 15028 
16246 29876 
16255 27166 32478 
16264 37668 
16282 22363 
16306 1530 
16307 19427 
16317 19371 
16327 36509 
16333 26824 
16346 38830 
16350 23348 
16359 16704 
16373 32138 
16374 21122 
16393 37205 
16419 7859 
16443 33881 
16449 26203 
16451 2363 478 
16457 25518 
16467 15829 
16481 36657 
16483 17386 
16486 34840 
16500 34735 39038 
16535 38369 
16554 23297 
16558 35891 
16568 5379 7364 
16577 17189 
16584 32824 
16588 16937 
16610 30453 
16619 34755 27510 
16654 3786 
16675 21597 
16687 3084 
16694 2938 
16695 29958 
16699 25116 21610 
16712 37446 
16720 16265 
16727 13656 
16729 908 
16738 9778 
16754 24185 
16759 22618 
16770 33166 37121 
16786 11662 
16790 21898 
16807 1336 
16819 30917 
16825 12124 
16842 23397 
16844 25709 32302 
16871 22380 
16886 9907 
16894 4583 1832 
16905 5607 
16906 14637 
16908 1805 
16916 837 7988 
16919 9255 
16929 10897 
16931 4624 
16939 22285 
16952 26225 
16973 1513 
16988 628 
17006 39507 
17013 34883 
17015 33264 
17016 17673 
17038 8014 
17068 3602 
17069 16854 
17095 16255 
17107 23330 
17111 5942 
17118 7070 
17141 40016 
17151 942 
17156 13147 
17157 21743 
17177 35067 
17179 5512 
17192 23549 
17196 1391 
17210 26197 
17217 1875 
17226 13980 
17245 6515 
17246 907 
17254 36 
17258 32698 
17298 37744 
17309 40353 
17311 26399 
17319 30461 
17322 39997 29749 
17327 17639 
17332 39045 
17337 9471 
17348 28073 
17357 11113 9528 
17372 4824 
17376 5038 
17377 34075 26851 
17383 20686 
17398 22397 
17402 27170 
17409 2479 
17428 21211 
17432 1197 
17433 2713 
17447 15556 
17448 2461 
17466 7461 
17467 31723 
17475 4994 
17481 29741 
17485 20046 
17488 32773 
17497 4610 14129 38115 6381 5763 549 
17513 6038 
17522 21755 
17525 17321 25366 
17531 37831 
17532 24054 
17536 283 
17552 23106 
17558 18012 
17562 10810 18278 
17570 9924 
17571 21913 
17573 34142 
17576 26321 
17581 26832 
17632 10615 
17643 4810 
17651 722 
17655 27271 
17665 837 
17666 31964 1503 
17670 27535 
17673 22905 
17677 39920 
17684 8783 
17689 18271 
17690 34553 
17700 24409 23685 
17703 33740 
17725 6980 
17732 1933 
17745 685 15783 29 
17748 30260 
17782 24865 
17788 19071 
17789 28050 
17792 31182 
17810 24089 
17812 25514 
17821 21950 
17837 36713 
17838 23297 
17846 30093 
17847 15146 
17859 18878 
17868 6687 
17886 16968 
17898 23533 
17908 23297 
17917 310 
17922 23717 
17925 39423 
17938 16165 
17941 10840 
17970 37754 
17975 21195 
18000 6138 6595 
18005 22879 
18008 26031 
18031 31405 
18034 1169 
18041 3147 
18043 870 
18049 34318 
18055 35121 
18069 38553 16031 
18071 32520 
18075 27642 
18082 36154 
18084 2637 
18093 4036 
18103 267 22038 9980 
18112 2656 
18123 23106 
18134 26077 
18141 28436 
18150 38442 
18157 12433 
18165 1843 
18189 8565 
18192 37993 
18198 7417 
18205 26254 
18210 13143 13903 
18214 20816 
18219 29328 
18222 31448 
18224 26678 
18233 39053 
18244 3071 291 
18251 8507 
18253 28018 
18280 22446 
18289 18116 
18303 26535 
18327 24732 
18335 20744 
18338 23715 33775 
18340 20305 
18349 18936 
18356 303 
18389 39901 
18390 36925 
18402 8402 774 
18412 22562 
18414 4643 17349 
18415 8868 
18446 7906 
18449 1515 
18456 24230 
18471 34615 
18484 5439 
18485 1500 
18515 17465 
18519 8826 22341 
18556 2299 
18571 5142 
18575 24472 23683 
18594 3070 
18596 11702 
18606 40564 
18613 16785 
18632 31315 
18636 5274 
18639 4736 2802 31833 
18641 13266 
18643 30278 
18666 15791 
18673 2976 
18677 32524 
18682 1799 1820 
18689 22883 
18700 24564 
18703 10479 
18715 8150 
18716 19539 37950 
18718 40449 446 
18719 9868 
18727 38075 
18742 8195 
18744 18909 
18749 4809 
18760 1371 
18778 4914 
18781 9262 
18809 36164 
18820 30960 
18821 26497 
18823 24707 
18836 37019 
18841 10830 
18843 18888 
18848 2352 
18855 4328 
18883 38096 24264 
18884 20825 
18885 24535 
18887 29541 
18892 31532 
18903 1437 
18911 13655 
18917 26909 
18920 39200 
18923 5290 
18927 38018 
18949 9183 
18962 27628 
18964 3130 
18974 26275 4906 
18992 21692 31958 
18993 31109 
19001 24236 
19008 29931 
19012 346 3445 
19019 33582 
19021 18689 
19022 15078 
19024 2474 
19028 26818 
19039 1306 
19061 1506 
19113 2626 
19121 33069 
19134 18113 
19151 31951 
19156 33317 
19172 22814 
19173 35779 
19183 11978 
19198 11717 
19200 3248 
19213 22081 
19225 12893 
19233 630 
19244 15095 
19247 32773 
19250 16121 
19258 1504 
19275 2539 
19295 18878 
19302 12504 20615 19286 5690 
19303 16963 
19308 24252 22466 
19321 12387 
19331 34372 
19336 15068 19839 2727 4003 
19340 25080 
19346 6466 3307 
19349 30603 
19356 15031 
19362 37524 
19366 23623 
19367 1919 4560 1833 
19390 22125 22918 21174 
19394 23719 
19404 13272 
19405 14624 
19412 40662 
19421 5743 
19433 20712 
19434 2345 
19469 27350 
19509 10833 
19511 31390 
19530 20035 
19531 22652 
19533 3437 
19538 6286 
19546 4938 19195 
19548 20848 
19557 10525 
19571 30749 
19574 8374 
19576 6389 
19596 20681 
19600 28295 
19606 21181 
19611 39276 
19626 9606 
19627 1195 
19629 11811 
19642 767 194 
19649 22346 
19661 8840 
19664 2736 
19674 23028 
19677 24758 
19682 34715 
19684 5699 6347 
19692 2485 13883 
19702 36143 
19704 4430 
19711 11944 
19755 17890 
19764 27656 
19769 26863 
19771 16842 
19785 13139 
19788 3033 
19805 29353 
19809 12365 
19818 29809 
19820 21933 
19821 27947 
19826 7435 
19827 18389 8900 
19828 1795 
19840 27652 
19848 40280 
19873 32333 
19890 24136 
19893 27744 
19896 22162 
19909 35948 
19927 21550 
19933 28062 
19939 40485 
19941 23411 
19943 12791 
19990 16780 
20020 198 
20039 21 
20042 12848 
20047 3627 
20052 17856 
20053 18871 
20061 40027 24049 
20066 5508 
20069 16484 
20071 38921 
20073 15263 
20078 27544 22524 
20086 29619 
20091 36194 21359 
20139 12284 
20142 19793 12399 
20159 7951 
20170 1804 
20191 13858 
20207 24461 36874 
20208 11880 
20212 559 10324 
20239 4726 
20245 39097 
20283 25180 
20285 10225 
20294 22669 
20305 2232 20785 
20308 18486 31665 
20322 22651 
20336 39921 
20360 34262 
20361 9306 
20364 5158 
20368 4435 
20374 2178 
20381 1173 
20382 22902 
20383 3248 
20385 31933 
20388 16252 
20399 4685 
20406 36485 
20410 34973 
20413 16897 
20431 21016 6619 
20443 40030 
20444 2840 
20446 22623 
20464 2971 
20492 22597 
20509 24292 
20521 2252 
20522 19839 
20540 36174 
20542 631 
20559 7300 
20561 12805 
20562 19902 
20579 25528 
20584 24546 
20588 38123 35283 
20589 27288 
20591 35165 
20592 22509 
20604 23241 
20606 38040 
20608 11351 
20652 38345 
20660 4283 
20674 1496 12624 
20686 9778 
20693 9619 
20697 27778 
20698 35901 
20706 2172 
20713 770 
20720 9531 
20723 5759 
20728 11979 
20746 39943 
20753 33569 
20761 5694 
20778 21391 
20797 21331 39873 2819 
20800 28873 35354 
20815 31133 
20819 6372 
20826 33104 
20829 3887 
20852 29953 7652 18905 
20858 17144 
20861 8429 
20862 21963 
20870 23901 
20887 3409 
20939 30628 
20967 826 
20972 244 
20979 3189 32555 
20992 7317 
21000 2460 
21006 32560 
21023 10627 
21046 21196 
21047 30117 
21069 5831 
21089 34762 
21097 4037 
21109 31275 
21129 1297 
21133 33833 
21150 6037 
21159 3258 
21172 19500 
21176 16720 
21177 3496 
21200 20605 
21231 1509 
21236 3736 
21242 14791 
21247 37292 
21259 22250 35513 
21261 910 
21263 21536 
21323 4755 
21326 9029 
21330 774 
21353 21515 
21380 15769 
21386 29773 
21387 12622 
21399 12741 
21403 7992 
21404 5582 
21405 24129 
21416 20584 28725 
21422 11027 
21430 40506 
21435 38497 
21436 22536 
21437 28259 
21446 10883 
21464 30870 
21469 17220 7594 
21475 3615 
21492 1368 
21495 991 
21532 37616 
21542 9482 
21545 2461 
21549 27076 
21552 15351 
21566 1168 
21569 17354 
21577 20117 
21578 30097 
21581 4905 
21582 12957 
21610 21347 
21613 24685 
21615 21520 
21625 21614 
21658 12266 
21702 29026 
21713 17858 
21716 5770 
21722 13822 
21726 15813 
21731 19807 
21739 34038 
21751 3278 
21755 176 
21771 22776 
21787 26688 
21820 11126 
21837 11234 
21849 10779 
21850 16793 
21851 38993 
21857 8802 
21869 416 
21891 12563 
21893 24637 
21903 189 
21924 4308 
21932 35754 
21942 4774 
21943 39088 
21944 37120 
21962 22798 
21965 34695 
21978 23869 22414 
21986 5548 
21994 38456 
21997 10554 
22010 3154 
22025 27049 
22028 25651 
22035 34554 
22041 31554 
22045 10905 
22060 28303 
22066 24185 
22067 40088 
22075 1617 
22079 1031 
22086 334 
22087 12170 
22090 27461 
22131 33392 
22138 36728 
22151 21190 
22158 14378 
22160 3809 
22163 13071 
22178 24664 
22191 27169 
22231 17507 
22237 18630 
22258 1629 
22265 36161 
22268 31798 
22289 33651 
22291 7365 
22299 31970 
22307 35979 
22317 18592 
22321 1610 
22325 38476 
22372 22591 
22374 22597 
22379 23902 
22393 36321 
22412 28013 
22429 2345 
22431 644 
22434 32937 
22441 14664 
22447 3012 
22459 8672 
22460 18406 
22465 1034 
22478 6316 
22498 21493 
22507 31796 
22516 25275 
22532 32740 
22539 34749 
22553 15414 
22557 8653 
22558 36220 
22566 22672 
22569 21342 
22570 29008 
22599 10364 
22609 18198 5758 
22633 18573 
22643 38653 
22653 32518 
22657 31209 
22679 24276 
22686 3683 
22695 19192 
22703 32370 
22707 37549 
22716 24462 
22717 26842 
22722 25247 
22741 22459 
22766 10209 
22774 3037 
22775 13993 
22781 21232 
22782 681 
22784 11679 
22787 27644 
22794 21950 
22808 22875 
22818 482 
22849 283 
22851 5910 
22868 13827 
22870 12951 
22891 27262 
22893 27843 
22911 10435 
22913 30841 
22920 1638 
22951 34095 
22966 1020 
22974 30432 
22984 39378 
23004 5237 
23019 1302 
23042 21644 
23049 19430 
23066 25426 
23067 22018 
23079 12098 
23080 19853 
23109 11886 
23118 6719 
23124 8494 
23127 21667 
23131 7060 
23157 543 
23169 30662 
23181 8849 
23185 38248 
23220 18081 
23230 27686 
23233 13915 
23234 5421 
23238 26201 
23252 39982 
23256 17578 
23298 194 
23305 6904 
23333 20679 
23339 28219 
23344 22715 
23348 5852 
23351 31706 
23361 17953 
23376 12867 
23386 1755 
23412 26415 
23414 40296 
23423 35651 
23434 17012 
23435 29250 
23437 21933 
23450 24689 32469 
23474 29136 
23483 17961 
23511 3793 
23517 22472 
23523 28706 
23537 27357 
23558 23297 
23569 4609 
23572 5418 
23573 4893 
23584 39670 
23594 26471 
23619 22572 
23637 835 
23642 37743 
23646 22714 24948 
23653 8543 
23659 27108 
23670 3107 
23678 33831 
23688 593 
23690 559 
23692 20024 
23709 38175 
23721 17970 
23723 39089 
23726 40588 
23727 3601 25663 
23738 38405 
23745 978 
23748 23192 21912 
23754 3598 
23755 8806 
23760 11647 
23767 11943 
23791 33647 
23795 36152 
23796 37115 
23799 21154 
23803 39810 
23815 40203 
23817 31773 36117 
23851 31488 
23876 1545 
23877 14572 
23879 29873 
23897 36174 
23935 34829 
23977 27296 
23980 26596 
23981 23697 
23997 3245 
23998 30253 
24002 18621 
24006 5386 
24014 21856 
24019 9604 
24028 39160 
24034 1955 160 
24037 16386 
24039 5482 
24045 18558 
24055 3621 
24064 33512 
24086 3523 
24130 27705 
24146 28059 
24167 978 
24175 1128 
24226 7365 
24230 2252 
24236 2520 33283 
24239 5488 
24261 34779 
24264 8610 
24269 25521 
24297 6060 
24302 24350 
24321 24814 
24354 3261 
24356 7135 
24363 563 
24379 28344 
24396 25077 
24397 21375 
24400 29733 
24409 12653 
24420 344 37783 
24447 18918 
24463 33742 
24470 14905 
24474 29832 
24492 24417 
24508 23198 
24513 28997 
24518 25439 
24553 23297 
24556 27064 29854 
24558 10805 
24566 33514 
24571 30904 
24595 6178 
24599 722 
24602 33012 
24631 21364 
24632 25699 
24639 29855 
24642 40100 
24643 23294 
24654 22894 
24655 13365 
24668 11629 
24687 827 
24698 4702 
24701 33508 
24703 934 18332 
24723 25006 
24724 34720 
24726 23027 
24733 24419 
24745 6081 
24749 9763 
24779 33013 
24786 32025 
24840 21182 
24845 15102 
24853 32884 
24864 22990 
24873 5172 
24874 1638 
24919 28399 
24932 40103 
24933 35675 
24938 33902 
24951 6121 
24957 559 
24962 4785 
24969 18594 
24992 3363 
25002 26111 
25007 36487 
25024 15421 
25031 3577 
25035 3231 2334 
25063 1146 
25070 21016 
25081 25684 
25090 16681 
25094 374 8601 
25107 21913 
25135 23682 
25145 26688 
25153 11800 
25171 31404 
25174 20126 
25181 38501 
25183 19106 
25188 30369 
25196 12648 
25199 29132 
25204 8894 
25206 4622 
25209 28452 
25222 34127 
25224 32394 
25228 24518 
25246 17899 
25254 3607 
25260 6746 
25276 19138 
25282 2178 
25296 26607 
25298 22603 
25311 15597 
25315 39540 
25351 19054 
25356 36661 
25368 5038 35457 4963 
25369 34354 
25377 32921 5416 
25378 20058 
25381 16968 
25387 39986 
25417 35575 
25433 1031 
25439 25933 
25445 17406 
25473 2137 
25504 23884 28783 
25505 22943 
25509 1264 
25540 5778 1302 
25549 33472 
25579 3810 
25587 674 
25607 37190 
25615 28687 
25640 37562 
25651 165 
25667 31180 6980 
25669 27429 
25690 31248 
25706 3038 
25709 10707 
25727 4556 
25741 31463 
25753 21912 
25769 20253 
25789 14753 
25791 10053 
25802 7522 
25821 38613 
25822 18947 
25831 15823 
25835 35000 
25836 23503 
25845 24394 
25863 34317 
25868 19223 40915 
25870 369 
25874 559 
25877 26020 
25879 11595 
25887 25607 
25896 40530 
25903 29305 
25906 29134 
25920 32261 
25921 1408 
25930 12893 
25939 33090 
25950 296 
25956 546 
25968 2263 
25994 33209 
25999 132 
26018 30247 
26021 26164 
26023 15380 
26026 31534 
26036 17868 
26039 33139 
26041 20526 
26053 11956 
26055 16960 
26080 30702 
26092 40785 
26096 18588 
26099 32473 
26113 36715 
26116 2860 
26127 15330 
26130 30666 
26135 40834 
26147 4690 
26156 1209 
26162 4640 
26173 24765 
26180 14391 
26185 35707 
26193 5008 
26195 33052 
26197 40 
26217 15016 
26234 16803 
26247 3187 
26280 18746 
26294 14065 
26295 11228 
26311 32439 
26316 559 
26318 19428 
26327 38888 
26328 22630 
26334 40896 
26347 14760 
26371 10204 
26372 31858 
26385 2525 
26404 24739 
26417 21115 
26423 1067 
26424 38618 
26454 837 
26464 1023 263 
26488 36317 
26511 28768 
26519 3085 
26527 22364 
26550 10210 
26553 12265 
26554 37841 
26575 9588 
26581 504 15614 
26623 13923 
26628 7859 2086 8906 6859 
26633 30454 
26642 21430 
26653 18024 
26658 13283 
26670 4570 
26674 19605 
26675 310 
26691 24555 
26700 40362 
26730 28468 
26735 7217 
26758 1023 
26764 5615 
26766 5100 
26768 23436 
26787 7456 
26796 39993 
26803 6607 
26819 40516 
26827 8385 
26840 34133 4395 39960 14813 
26859 6178 
26861 22846 
26877 2041 
26887 25653 
26893 32802 28294 
26907 6695 
26923 8266 
26936 4760 
26939 5735 
26968 10133 
26980 1601 
26985 26446 
26992 12111 
27006 21472 
27010 837 
27011 22990 
27067 31045 
27070 13979 
27074 30745 8785 
27081 25260 
27124 36075 
27152 12320 
27157 30199 
27165 8828 
27172 28848 
27244 21830 
27275 29551 
27287 26942 
27299 39647 5408 
27315 27532 29003 
27329 25831 
27340 11983 
27342 28453 
27346 16602 
27349 32834 
27355 20670 
27367 14441 
27378 12612 
27387 3607 
27389 7998 
27414 23502 
27424 300 
27426 23815 
27427 20280 
27438 3627 
27463 33681 
27510 5094 
27518 19653 
27524 22667 
27526 27447 
27534 22491 
27541 4575 
27562 29659 
27563 24078 22632 
27578 21169 
27586 33431 
27589 39988 
27615 25419 
27625 28213 
27633 22524 
27643 36958 
27644 18384 12394 
27652 1277 
27664 12552 
27689 33924 
27698 21913 
27702 40053 
27708 2337 
27720 21856 25277 
27736 14229 
27737 38639 
27738 36801 
27745 10812 
27747 15230 
27750 14119 
27751 18326 3666 
27758 7797 
27764 4888 
27779 7475 
27790 24100 
27792 26395 
27846 6276 
27850 5512 
27875 12271 
27885 12509 
27900 31118 
27950 5751 
27985 15768 
27988 33783 
28013 5274 
28018 6210 
28031 40355 
28040 24185 
28042 20727 
28043 2511 
28046 21918 
28095 10472 
28113 37176 
28117 27296 
28159 34086 
28180 8778 
28190 39124 
28203 6170 
28206 7907 
28217 1589 
28229 36186 
28236 26831 
28237 10844 
28246 29071 
28263 24771 
28266 22387 
28285 4203 
28291 3472 
28298 40802 
28309 30240 
28320 15421 
28329 3048 
28370 15464 
28385 35564 24409 
28390 33210 
28394 39760 
28407 6702 
28425 9271 
28456 20697 
28465 29734 
28491 24065 
28492 23193 
28528 23343 
28533 27616 
28536 22397 
28562 718 
28567 2637 
28601 13076 
28626 512 
28644 33162 
28650 40653 
28659 12896 
28677 8288 5376 
28685 11373 
28697 40765 
28698 36885 
28706 29761 
28707 22592 
28728 39020 
28737 10779 24791 
28753 3044 309 
28757 34653 
28772 5519 
28821 5012 
28841 1509 
28867 16076 
28884 13139 
28909 534 
28910 4622 
28922 10880 
28923 26657 
28976 28473 
28986 6747 827 
28988 30137 
28989 36794 29415 
28991 39239 4918 
29020 24770 
29029 27898 
29069 33575 
29093 31959 
29117 5670 
29122 32426 
29129 14235 
29130 3261 
29144 21172 
29147 29234 
29188 28476 
29193 14453 
29200 21913 
29220 26979 
29228 34084 
29262 6142 
29296 6252 
29310 5726 
29360 12495 22858 5180 1492 
29361 10797 
29368 6920 6178 
29374 13558 12073 35427 
29392 13221 
29416 30882 
29444 5343 
29488 23557 23564 
29502 23715 
29514 23037 
29518 34550 
29519 7389 
29520 35008 13668 
29542 152 
29605 32991 
29614 4202 
29627 22752 
29643 24796 
29662 6624 
29664 34280 
29666 1149 
29741 40938 
29768 24314 
29774 722 
29793 13609 
29818 11629 
29827 5224 
29837 6778 
29856 3199 
