0 71 39 
2 235 
5 470 
8 876 
9 1037 1090 
10 1294 1159 1253 
11 1401 1380 
13 1597 1554 1568 1590 1582 
15 1037 1785 1867 
16 2100 1957 1878 2149 
18 2199 
19 2257 2263 1380 
20 2263 2382 
21 2487 
22 1380 
24 1380 
26 2879 2794 2872 
27 2955 2960 2382 
28 2960 
29 3040 3073 
31 3129 2382 
38 3469 3501 
40 3551 
41 3615 
45 4004 1037 3873 1878 1867 2382 4089 4170 
48 4289 
51 4370 1380 
55 4534 1785 1554 1582 
57 2263 4570 
58 2263 4370 
63 2960 4745 
68 5045 
71 2872 5098 
74 5171 5193 
77 3551 
79 5310 1380 
84 3040 3073 5385 
85 5495 
89 235 1159 
91 5789 5840 
92 5927 5860 
95 6055 
100 6124 
102 6169 
103 6246 
104 6361 5840 1401 
105 6388 1554 
110 2382 
111 4570 6628 5789 5310 
113 4289 6694 
118 5045 6754 
121 4289 
122 6874 
123 3469 
124 6938 
125 7003 
127 1294 7110 
128 7150 
137 1294 
138 7505 71 
139 7551 7544 
140 7610 
142 7748 3615 
143 7765 
144 7828 
146 7765 
152 8012 
157 6938 
158 71 
160 8165 
161 8193 
163 7551 1253 
170 8545 8522 
171 2257 6938 8774 8675 4570 6628 1785 1554 1568 1380 
176 1582 
177 2263 
182 9113 5840 3501 1401 1380 
184 9149 5840 9171 
187 3873 876 
189 2263 4570 9358 
190 9403 
194 9481 
197 9507 9521 
199 9601 
200 9608 
202 1597 
203 4170 
204 9790 
205 9608 1582 
208 2263 
209 4370 
214 10016 
216 10088 
217 10228 10262 10257 10125 1785 10252 10173 10240 10184 10277 10177 
218 2263 
219 2263 5385 3469 9608 10252 1582 
220 3615 
222 9608 10486 
227 10641 39 
228 1380 
229 10741 10184 
234 10184 
238 5310 
239 10173 
240 10955 
241 71 11024 3551 1380 
242 11085 
243 3129 11104 
244 2257 4570 9403 470 1380 
247 10173 
250 11363 
251 10173 
252 10173 
254 1037 2960 9481 11535 
260 11657 
261 39 
262 2263 11707 1582 
264 1253 
265 4289 
266 1878 
275 7003 
276 12003 3551 
277 12030 7505 3551 
281 12105 
282 2263 
289 12213 
296 2263 4570 12315 
297 470 
302 3551 
304 12406 
308 2263 1582 
310 3551 
313 12510 
315 2149 
316 1037 12566 470 
323 1878 
326 12815 4170 
330 2960 6754 
334 1554 
342 13094 
346 8774 
348 2960 12406 
349 10955 
350 3501 
352 13282 
353 13318 13337 4570 11363 
357 2960 
358 13439 13449 1867 
359 1582 
360 13477 
361 5840 13532 
363 7505 13547 13563 3551 
364 13563 
365 2263 13606 
370 13679 
372 6055 
373 11024 
375 4289 
378 13563 
382 2263 13834 4289 
384 11657 
385 13860 
387 4570 13915 13908 
390 10125 
394 14091 
396 3073 2263 8675 3469 14273 
408 1380 
410 3040 14521 1568 
416 14615 
417 4289 6694 
419 14665 
422 11657 12213 470 
426 14758 14753 
430 3873 1785 12406 13563 470 
432 5171 1597 14836 9171 
434 10486 
435 235 14906 14091 
439 4289 470 
440 3073 
441 12406 
445 11657 1867 
447 15084 1878 
450 15164 
451 1582 
452 10741 10173 10184 
458 15232 876 
459 1957 
464 3873 
465 15336 
470 2263 1582 6246 1159 
473 2263 15418 
476 15441 15439 
479 2100 15460 1867 
480 15480 
481 3873 
485 1878 
486 6055 
488 15577 
490 1867 
491 15679 
492 3873 
493 14615 
497 15746 
498 15783 15854 
499 15870 
500 6388 
502 2263 15439 14521 
503 15947 1380 
504 1582 
508 12213 2382 
516 2263 4570 
522 16147 
523 4289 
524 16147 
525 470 
526 2382 
533 12105 
534 3615 16245 
536 16336 
537 11657 2794 16361 
540 15336 
544 16486 1294 15232 6628 1785 5840 1582 2149 
546 3073 876 16545 
547 3129 11104 
548 12105 5045 16652 
549 16688 16703 39 
550 16725 16721 
551 2257 2263 4570 16745 13908 
553 7748 15480 16760 
555 13547 
558 5045 16652 
565 12815 
570 1582 
571 8774 13915 
574 8774 13915 
578 11707 
586 9403 17254 
587 9403 
589 8545 1554 11085 17313 1582 
592 10955 
599 17461 14753 
605 876 
606 1785 
610 10741 
611 10741 10173 
614 11085 
616 16760 
617 13915 
622 1878 4745 
624 8522 
626 17717 
627 6694 4089 
633 5495 17856 
637 3129 
639 2263 2100 13834 4570 
641 17930 17920 1867 
642 17934 
643 1878 
646 4004 
647 13282 
649 13860 
652 18128 
653 4289 
657 9608 5789 3501 12315 
662 5789 
677 6169 
681 10955 
686 5860 
687 2263 3469 
688 8165 
690 2794 
691 18425 
693 13915 
696 6124 3551 
698 470 
703 18475 
704 18481 1090 
705 18503 
708 9790 
712 18572 
714 3501 
715 18603 
716 18615 
718 13860 
721 2257 2263 8774 13337 13908 
722 4289 
724 16361 11104 
727 18712 
728 18733 15418 18758 10277 13915 
743 1294 1401 18854 
751 10741 10173 10184 
752 1294 
754 2263 1785 
755 18959 
759 10173 
762 11535 
764 1253 
768 4289 
770 2263 12003 15418 
773 1037 
777 16688 
778 13477 
782 2263 8522 
783 19150 
787 19192 7610 19274 1090 10088 
801 2199 
806 10486 
810 3469 13915 
812 9608 
818 3873 3129 
819 19441 
823 10125 
824 19470 1878 11104 
826 10173 
829 8522 
830 19513 
831 18603 3551 
836 3501 15947 
840 1785 1253 
845 8012 16688 
850 3551 
852 2100 
853 15746 4289 3551 
856 19733 4745 
860 10184 10177 
863 3073 2263 19783 8675 3469 
866 2879 19835 16760 11707 1582 
869 10486 
871 13834 
874 2100 
883 16336 
886 11707 1582 
891 2382 
897 6694 18603 
898 470 
901 13915 
903 9608 5789 5840 1401 1380 
905 3129 
907 20332 
910 20365 
914 13477 
918 17934 
923 19192 7610 19274 3551 
924 4289 
928 470 
930 20529 
933 5860 
935 9608 1554 1568 1582 
936 1401 
940 15336 
942 1582 4089 
943 16760 
946 6055 12815 
948 10125 
952 3040 8774 6628 10262 1554 1582 
955 20731 
957 10125 10184 
958 10173 
964 2263 
967 2960 1554 
970 4004 6694 
973 10228 18733 18572 
975 3501 
981 5171 1253 
986 14836 
991 5840 
992 16486 13915 470 
993 21082 
995 10125 
998 21158 
1000 9171 
1001 4289 
1002 18572 
1004 18758 19733 
1007 10173 
1009 7748 15480 16245 
1011 10125 
1014 2872 
1025 14836 
1028 21312 13860 
1031 21158 
1034 12815 
1037 21393 
1038 18758 
1040 17717 
1051 21312 39 15854 13860 
1056 71 20332 11024 
1061 18503 13282 
1068 2382 
1070 21790 
1071 4289 
1084 11535 
1085 10016 1957 15679 21961 
1087 8545 
1089 10125 10184 
1093 11657 
1094 22072 22095 22055 1253 
1098 22210 22167 
1104 18959 
1109 1253 
1110 2263 4570 
1111 19192 22298 
1118 22342 
1121 22361 
1123 22433 16688 22361 15854 
1127 22685 
1132 21158 
1137 16721 
1146 22820 
1160 22921 
1164 19192 7610 3551 
1165 470 
1169 11657 
1180 3551 
1182 2872 
1183 19470 
1185 7748 15480 
1190 22921 
1191 22298 
1193 23345 
1194 10486 2199 
1196 6694 1867 
1200 8012 
1205 15164 
1206 23433 
1210 10125 
1211 3040 23486 4289 14273 
1217 23548 
1219 1878 
1237 13318 23735 
1238 1597 
1239 4289 
1240 9403 
1250 23828 1037 1957 3129 1867 
1251 19470 1878 
1254 23842 
1258 23857 23880 22921 
1259 22921 
1262 2263 4289 14521 5840 9521 1401 
1263 13860 
1264 4570 13915 
1265 23991 
1267 9608 1582 
1275 12406 6694 16760 
1279 22433 24053 
1283 24122 24275 24230 
1284 24318 
1287 2263 
1294 18425 
1295 2872 
1305 22921 
1311 22361 
1312 24569 22361 24275 
1313 23548 
1318 24606 22361 
1321 3040 3073 2257 3615 2263 
1323 10486 
1324 24905 
1326 3469 
1331 10486 
1332 18733 
1333 24970 
1336 22361 24230 24993 
1338 23857 22361 
1340 25114 
1341 25141 24905 
1342 21312 
1344 22361 22921 
1346 13860 
1352 6628 15441 23842 5840 1401 1253 
1354 24318 22361 24230 
1355 24122 22361 
1357 24230 
1358 13860 
1362 25352 
1364 21158 
1368 13449 
1370 1294 3501 
1373 21082 
1380 14665 
1383 11707 
1384 25498 
1388 2382 
1393 22361 24230 22921 
1395 21312 13860 
1397 15439 
1401 39 
1402 25676 
1410 24569 22361 
1411 25793 3551 
1412 3873 4170 
1416 13834 
1422 15870 
1431 25891 
1434 1582 
1435 10177 
1446 25999 
1447 11657 
1448 10088 3551 
1451 26056 
1454 22361 26073 
1455 24230 22921 
1460 18959 
1461 26124 26128 
1465 21312 
1469 10486 
1475 17313 
1480 39 
1488 13860 
1493 10125 1253 
1500 4289 26278 
1502 22685 26290 
1506 26345 
1509 24230 
1512 26464 22361 
1515 19441 8522 
1516 26516 
1521 2263 26533 13477 
1522 3469 
1525 13532 
1532 11363 
1535 17313 
1538 22361 
1540 13860 
1543 26647 
1545 16147 
1549 26533 
1550 10173 10177 
1558 26124 
1559 1878 
1564 11535 
1566 1294 22095 
1572 22921 
1575 22921 
1580 26869 
1583 26887 
1590 13547 
1592 10486 
1594 12213 
1599 22361 
1600 27059 22921 
1603 27076 26128 
1604 13860 
1606 24318 
1617 27121 27122 
1619 24053 
1622 27163 
1626 27195 
1627 22433 26128 27216 22921 
1631 7551 
1632 24122 
1635 27339 
1636 2263 
1638 25999 26533 5927 5860 
1642 1554 15947 
1653 24230 
1655 27525 24230 
1659 24275 
1660 1582 
1661 27569 
1662 26056 
1666 22921 
1667 10486 
1671 11535 
1673 27672 
1676 10486 
1679 3469 
1682 10088 22298 
1684 24318 27737 
1690 4289 
1692 10125 10177 
1698 2382 
1699 8522 
1704 2955 
1706 5385 27827 14521 2149 
1707 16361 2382 
1710 26345 
1713 22921 
1722 27903 
1723 27913 
1727 27948 22921 
1729 26345 
1735 24230 
1737 10486 
1738 28011 
1742 22921 
1745 21158 
1747 27216 
1752 2263 4570 
1753 13679 
1758 16760 
1760 4289 
1767 13679 
1768 15870 
1771 4004 
1787 28236 
1790 22361 28278 
1791 28299 28296 
1793 28309 
1797 22433 
1798 1582 
1811 22095 
1812 23486 
1813 28401 
1814 9149 5193 1582 23991 1380 
1815 2382 
1817 10125 10177 
1819 16760 
1836 1294 6246 
1842 24905 
1843 19274 1090 
1847 19733 
1848 26533 
1852 28296 22921 
1855 21312 15854 
1865 4570 
1866 14091 10955 
1868 12003 
1871 22361 
1874 12213 
1877 27737 
1879 28685 
1884 27737 
1887 22361 
1892 28759 
1894 27525 26647 
1896 22361 
1898 15460 14091 5860 
1899 6388 
1900 28866 
1904 1582 
1909 7551 9608 
1913 4289 
1914 1582 
1915 6055 
1921 2382 
1922 5098 
1924 6694 
1930 24122 
1934 24053 
1935 22361 
1940 24230 22921 
1941 10184 
1942 3615 
1949 9149 23842 5840 
1950 1582 
1951 4004 
1954 13908 
1955 4170 
1959 22361 
1969 2263 15418 13915 
1970 2263 8675 4570 6628 
1973 3040 
1977 1867 
1978 21158 22921 
1982 26124 
1987 29350 
1991 22361 
1994 13915 
1996 29370 
1999 13679 
2002 1037 
2006 12105 5045 
2012 4289 
2013 9403 
2014 1878 
2022 21312 29449 
2030 27903 
2031 29526 29525 
2042 29567 22361 
2043 1380 
2044 2960 
2045 16147 29621 
2059 27195 
2062 19441 18758 13282 10955 4745 
2065 12566 
2070 29731 20731 
2074 29526 
2076 24053 
2078 29806 22361 24230 22921 
2079 26464 22433 24053 
2084 29526 
2089 22167 
2101 3040 27827 1590 
2103 10016 1090 15679 4170 
2104 8774 10277 
2107 10184 
2109 15084 
2113 10177 
2114 10486 30051 
2116 7544 27827 30064 20529 1253 
2125 2257 
2127 11657 2955 12406 
2130 12566 
2138 6055 
2139 10641 15783 
2140 19441 8522 
2148 30216 29731 22167 
2152 27216 
2153 30278 
2154 27827 13915 
2169 27076 
2174 12815 
2177 12406 16245 
2178 12003 2382 1582 
2179 24318 
2188 27903 
2196 1582 
2201 2199 
2206 4170 
2213 27076 
2216 10486 
2219 1582 
2221 26290 
2226 6388 
2228 2257 
2230 30051 1582 
2234 30503 
2237 28759 
2252 8774 2149 
2262 21312 13860 
2268 26464 
2271 5840 1401 
2275 1878 
2277 12566 
2278 11085 
2283 30648 
2295 30673 
2298 19192 
2301 470 
2303 22361 
2310 27569 
2311 2257 
2317 4289 
2318 23828 
2319 4289 
2322 2263 8675 
2332 3040 4289 
2337 2382 
2345 30827 
2347 26887 
2350 9790 
2351 10486 
2353 27195 
2359 8545 
2360 27827 
2365 1878 
2366 2382 
2368 16760 
2370 1785 12406 
2371 22685 
2375 22921 
2378 26290 
2380 30954 5860 
2382 17934 2879 5098 11707 
2384 30974 
2386 23433 
2392 9481 
2394 2382 
2396 4289 
2400 15441 1253 
2401 3873 12406 30995 
2405 3040 2257 5385 3469 9608 31014 
2407 2263 
2408 31047 
2410 22361 
2415 24318 31079 
2416 31111 22361 
2423 4289 
2424 23345 22921 
2425 21158 
2436 10486 30051 
2438 22685 
2445 2382 
2448 1294 
2449 13477 31260 
2450 1253 
2453 14521 
2455 27569 22921 
2461 22361 
2464 22361 
2465 21158 
2469 16545 
2473 5193 1597 5840 23991 
2477 1582 
2484 3873 
2493 1090 
2495 4289 
2507 15870 
2509 3873 
2512 16725 
2515 22685 
2526 29350 
2530 6938 13915 23735 
2531 10016 
2535 11104 
2536 22095 28866 27339 
2539 71 
2540 12566 31619 
2541 2382 
2548 26533 5860 
2553 11085 
2555 2263 15418 
2556 4570 
2558 3129 
2560 17254 
2563 25891 
2565 29621 
2566 22921 
2568 31688 20731 
2571 22361 22921 
2577 27737 
2579 4004 
2580 22685 
2584 39 
2585 13282 
2589 14273 
2591 2263 4570 9608 1590 18572 13915 13908 
2595 10173 
2602 8522 
2617 9403 
2626 17313 
2627 22072 
2640 8675 
2642 1785 
2644 3040 2263 
2654 26869 
2655 21158 
2660 8774 13915 3551 
2664 6694 10240 
2665 29621 21312 
2666 22433 
2668 24122 31953 22361 24230 22921 
2670 1878 
2673 14521 
2675 31974 
2680 5193 
2686 5171 
2687 3615 
2688 6055 1878 21961 
2691 14836 
2695 876 1582 
2696 18128 28759 
2701 8522 
2716 3501 
2722 27948 22361 
2724 1878 
2725 18959 
2731 16760 
2737 1582 
2746 10486 
2753 4289 
2758 4289 
2759 6055 32193 
2762 2263 13908 
2763 22095 
2764 2263 
2771 8774 8675 15418 1785 23735 
2772 14753 
2774 2960 
2776 2382 
2777 30995 
2779 23345 
2781 24230 
2788 18712 19192 10088 3551 
2790 24606 32279 
2791 4004 19470 18758 876 
2792 22361 24230 
2795 6628 
2797 15439 
2805 18733 4570 
2807 10486 25793 
2808 15441 
2814 26887 
2815 20365 
2816 6694 
2825 23828 12003 7110 16245 470 16652 
2829 39 
2830 3615 
2833 18425 
2834 24318 22921 
2835 18128 
2836 1253 
2839 2263 1785 14273 1582 
2840 2382 
2846 6694 
2849 71 7003 
2850 21312 
2851 24230 
2855 25676 
2856 27569 
2857 29350 
2869 29449 
2871 32528 
2873 7150 
2876 22433 24230 
2879 17461 
2883 27195 17856 
2884 22433 28296 
2894 4289 
2896 27195 
2902 18758 
2904 4289 
2911 6055 
2912 6055 
2919 30051 
2928 11657 2382 
2930 32659 
2931 12105 18475 
2932 19513 
2935 4170 
2939 3873 
2941 2382 
2946 29621 
2955 27076 
2958 32749 
2960 4289 
2962 4289 
2964 22921 
2965 29621 11085 
2967 22361 
2980 3873 1090 
2981 3873 
2982 22361 
2991 22433 14615 27059 22921 
2992 18481 
2993 16361 
2994 3073 
2998 16725 
2999 3129 
3005 14906 
3007 29449 
3011 2263 
3012 32911 
3019 32914 
3024 3040 28401 
3026 10173 
3027 3873 31974 9481 15870 
3028 7505 
3030 16245 
3032 22055 17717 1582 
3037 32966 22921 
3038 22433 
3045 27059 
3047 2257 1582 13915 
3051 4289 25793 
3057 1785 
3058 24318 
3063 1878 
3068 4289 
3071 10125 
3072 4289 
3073 22820 
3080 2263 8675 15418 32914 
3083 9113 
3089 32528 
3093 7748 33064 
3107 16725 
3112 3469 
3113 26128 
3115 30051 28309 
3122 4170 
3127 26516 
3134 32528 
3136 33307 
3137 22921 
3138 3615 15480 30648 16245 
3145 15232 
3150 7505 2955 4289 13282 
3153 6874 
3158 2263 
3163 7748 3615 
3164 5385 
3165 2263 
3170 33420 27163 26887 
3171 8012 
3173 15854 
3188 26290 
3195 33479 
3198 30995 
3200 21790 
3204 17920 
3211 3073 2100 
3216 71 
3217 22095 
3224 17930 
3225 17856 
3227 4289 
3237 26128 
3240 4289 
3241 24606 27737 
3244 4289 
3260 22433 24993 
3263 33645 
3273 14906 
3275 22820 
3278 19470 
3280 26887 
3291 18603 
3298 470 
3300 16486 
3304 4289 
3314 23345 
3317 1582 
3319 4004 
3321 15854 
3325 4289 1582 
3330 27163 
3331 33785 
3333 4289 
3334 5098 
3338 18475 21961 33803 
3342 4289 
3347 19441 
3349 4289 
3350 6938 4570 
3355 2955 
3358 27948 
3361 25793 
3364 22167 
3371 21082 
3377 32193 
3379 3501 
3380 31014 
3384 20332 
3387 13915 
3390 4289 
3401 8165 
3404 10125 
3407 12105 16652 
3412 5385 
3415 28759 
3432 29370 
3434 29449 
3440 3873 
3445 1568 1582 
3446 13563 13915 
3448 4289 
3452 27827 
3454 5860 
3456 34065 
3460 27569 
3465 1582 
3466 15336 
3470 23880 
3474 25498 13449 
3478 20529 
3482 3551 
3489 3551 
3490 1380 
3491 7748 
3496 2263 
3498 1597 15947 
3500 3040 
3501 34137 
3503 13449 
3506 26869 
3507 9113 9521 
3509 1957 
3510 6694 18603 
3513 6055 19441 
3517 22433 
3524 31953 
3525 27076 
3526 24318 
3527 24122 24275 24230 
3528 27076 
3530 22921 
3531 30216 24905 
3533 9507 
3536 33307 32279 
3538 3469 
3541 22921 
3548 10173 
3551 1590 
3553 13532 
3559 14906 
3561 2263 
3567 33803 
3568 24606 
3584 24606 
3585 9521 28011 28309 
3595 5860 
3597 1878 
3599 1590 
3603 17254 
3609 10173 
3615 13449 
3618 3040 3469 6628 1582 
3629 33307 22361 
3630 27076 
3634 28278 
3639 22921 
3650 3040 2263 13834 8675 
3654 27827 
3664 3551 
3668 23486 2263 19835 13679 10277 13908 
3669 22095 
3673 7748 
3678 10486 
3679 19513 
3681 4289 
3685 2382 
3687 25498 
3691 15460 
3695 1867 
3696 16721 
3701 22433 27076 
3704 29525 34551 
3709 22361 
3710 16147 
3711 22361 
3717 5860 
3724 8522 
3725 18425 
3726 34610 
3737 3501 
3739 4170 
3742 22921 
3744 1785 11024 
3745 5860 
3747 1878 
3749 11085 
3756 3073 8675 6628 1785 11707 1582 2149 
3759 12003 
3764 24230 
3765 24318 34700 
3769 30278 22361 
3772 16725 
3782 2100 13449 28401 
3783 22921 
3791 4170 
3793 34757 
3801 27737 
3803 2382 
3814 7505 
3820 5495 
3821 33479 
3822 22361 
3825 25498 
3827 4289 
3835 5495 
3836 16760 71 
3837 1878 
3840 7150 
3843 21790 
3850 23828 1957 
3857 33064 
3858 3501 
3862 27948 22361 22921 
3864 3129 
3865 27059 34856 
3868 16725 
3869 32914 13915 
3873 26887 
3888 10125 
3889 22921 
3897 6055 19441 15439 28401 17717 
3900 22361 28278 
3901 16486 4289 
3905 2263 1294 4370 1785 
3906 1878 
3910 18425 
3912 19733 
3916 2794 6694 
3920 5840 
3925 19513 
3928 9403 
3932 1294 
3936 10262 15441 
3938 27195 
3940 16486 1582 
3941 17461 10240 
3945 10125 
3948 4570 
3956 26290 
3961 18959 
3963 24606 
3980 27121 
3982 2263 
3983 12105 
3985 10125 
3991 28296 
3992 7828 4745 
3994 30051 
3996 16760 
3997 22361 24230 
3998 9481 
3999 17313 
4002 3501 
4004 24606 
4011 10228 2263 13915 
4015 4289 
4023 9113 
4025 19470 
4026 14273 
4028 4570 18572 13915 
4036 12003 
4038 4570 1582 
4045 8545 
4050 20365 
4051 27059 
4054 22361 
4056 11657 1957 
4058 24122 
4066 16725 
4068 22361 
4075 5860 
4079 26290 
4080 22433 
4094 17313 
4104 1294 30064 1159 
4110 13915 
4112 16486 
4116 3615 13439 
4117 3501 1253 
4119 14758 
4125 17934 
4133 1590 
4154 16147 
4156 24230 
4163 22361 
4164 19192 6124 10088 18854 3551 
4166 22921 
4167 16703 
4168 30648 10486 25793 
4170 22921 
4173 1785 
4174 22921 
4175 15746 
4179 8522 17717 
4181 2263 15418 35374 
4183 35383 
4196 19835 
4199 4170 
4202 12030 1037 
4203 2955 19733 
4204 3615 
4208 12213 
4212 14906 14091 
4213 17934 
4221 5385 6388 10486 30051 11707 12315 2149 
4223 11104 
4225 22433 
4232 16486 3873 
4235 4289 
4237 7505 
4246 1090 13449 2960 
4254 22433 23880 22921 
4255 26647 
4259 2257 
4260 6124 6361 3551 
4263 30954 
4267 18425 10125 
4271 14091 
4272 2100 
4273 3501 
4274 8193 
4275 35524 
4280 4089 
4282 4289 
4283 23345 
4286 2263 15441 18615 
4288 3073 13834 
4289 12406 
4292 19513 
4293 12213 470 
4296 17856 
4297 4289 
4301 8522 
4307 18603 
4309 12406 
4310 30278 
4312 27569 
4322 10125 1253 
4333 10486 
4335 31111 
4340 22685 26887 
4341 27076 
4342 18615 
4352 35633 
4356 10257 14521 
4359 4289 
4363 28011 
4370 3551 
4372 5927 14091 
4374 7610 
4383 9403 
4391 22361 24230 22921 
4392 29731 
4394 29526 
4407 22921 
4408 35712 
4424 11104 
4429 15870 
4433 17313 
4434 23548 
4436 21790 
4439 1253 
4440 16336 
4442 23433 
4443 2382 
4458 9521 16760 1380 
4459 13915 
4460 10184 
4463 3469 
4466 26124 
4468 27672 
4472 22361 23345 
4477 35801 26887 
4480 19513 
4486 18959 16688 
4487 2263 
4494 16147 
4495 2794 
4498 12105 18475 
4500 28236 26887 
4501 18712 
4508 9149 9608 5789 1785 
4509 13282 
4510 13439 
4514 7610 
4522 13282 
4533 27216 
4535 1380 
4549 18854 
4559 1090 
4561 2487 9113 
4562 17930 
4566 30954 
4573 28299 
4581 30278 
4582 27076 
4586 4289 
4588 28011 
4591 10177 
4592 28866 
4595 30673 28296 
4599 26869 
4607 5098 
4609 35977 
4611 1878 
4615 1037 3873 
4620 4289 
4623 5860 
4624 26124 
4630 27121 
4631 30648 
4634 1878 15870 
4636 24318 
4642 33803 
4644 12406 2382 
4662 27076 
4665 13915 
4668 33064 
4673 27059 22361 24230 24053 
4674 36055 19441 10955 
4677 8522 
4681 13449 
4682 8522 
4684 24569 
4685 13915 
4695 26124 
4698 23345 
4705 13606 14273 
4706 26290 
4708 23548 
4716 4004 
4717 4289 
4724 27195 
4728 13282 
4731 2263 
4735 16336 
4738 33420 
4741 15577 
4744 16147 
4751 30954 
4753 13532 
4759 8522 
4762 26533 13477 11085 31260 
4763 10125 
4772 2487 1253 
4779 22361 
4780 22361 36198 
4782 22361 
4789 3551 
4795 4570 9358 
4806 14758 
4817 17313 
4821 9790 
4824 3469 6388 
4826 19441 6754 13563 
4827 15336 
4828 6938 16745 
4829 10641 15854 
4838 2382 
4843 5193 5840 
4845 12030 1037 9481 11535 
4847 5385 1590 14273 13915 
4848 18712 36270 
4849 2263 
4850 2382 
4851 28401 
4862 28309 
4867 26124 1785 
4869 3469 
4877 24275 
4882 2263 
4889 2263 
4897 18712 
4903 18475 5860 
4914 19441 
4916 6694 
4917 25141 
4921 10486 
4930 2263 8675 4570 
4937 36388 
4938 22921 
4942 10486 
4945 36404 
4952 22433 
4958 29621 
4963 36422 
4964 5171 
4966 9403 
4975 10125 10177 
4979 22433 
4982 36444 
4989 1090 
4991 1253 
4992 4004 
4994 32528 
5000 34610 
5001 2263 4570 
5007 9171 
5008 9481 1878 
5009 10486 30051 
5012 4570 
5020 31974 
5021 7748 3615 6055 
5037 18959 
5040 3551 
5044 10125 10741 
5047 26290 
5052 4289 
5058 24230 
5064 5840 21961 1380 
5066 11363 
5067 16725 
5081 26516 
5083 32279 
5084 14665 
5091 13477 
5099 6754 
5108 17461 
5119 2382 
5133 36055 5860 17856 
5137 27076 
5139 22685 
5143 27903 
5150 26887 
5155 19192 
5158 8774 
5162 15084 4289 
5167 9507 
5168 22433 
5171 26124 27076 
5179 8522 
5191 25498 
5193 7551 1554 13094 11707 
5204 14091 
5208 19783 
5220 17254 
5224 14665 
5237 7505 
5239 3501 1380 
5240 8522 
5242 1294 
5251 1159 
5254 15232 1597 5789 23991 
5255 19470 
5257 1878 
5259 18475 
5263 13915 
5265 24569 
5268 15336 
5269 10486 
5270 27121 
5274 20365 
5277 4289 
5283 17930 
5285 20365 
5287 35524 
5292 15870 
5297 36756 24230 
5298 22433 
5301 3073 
5312 36779 
5320 7748 
5330 6055 
5331 22095 
5332 36798 
5336 4289 5860 
5338 1037 
5344 10016 
5345 13563 
5346 2257 1582 
5363 10486 
5366 30995 
5371 1294 1597 
5372 4570 
5377 9171 
5380 6388 
5381 16486 3469 
5384 14665 36832 
5387 1582 13915 
5391 36845 
5395 33064 
5396 17930 16361 12566 1878 10955 
5398 2263 
5399 19733 
5403 31974 
5409 24569 32966 24230 
5413 26345 
5415 36891 
5421 23345 
5423 470 
5428 5860 
5435 7748 
5436 8675 13915 
5439 4289 
5442 23828 
5451 15577 16336 1380 
5452 11104 
5455 3501 
5459 19783 
5460 22433 22921 
5464 5927 
5465 15783 35801 26887 3551 
5473 1294 
5475 5045 
5480 29370 
5483 24318 22433 31953 
5487 22685 
5496 4289 
5504 12105 
5509 12105 
5511 7748 
5516 2263 3469 
5517 21393 
5519 36976 
5521 15164 
5523 2263 
5537 3040 1380 
5542 2487 
5545 6055 28401 
5546 13439 
5549 17934 
5553 29525 
5560 24230 
5563 10486 
5565 30673 
5568 24318 24122 27076 27163 22361 
5569 27076 
5572 28236 
5573 9790 
5579 7610 
5581 29370 
5585 16486 
5599 22361 24230 
5607 26056 
5610 3551 
5613 7748 3615 
5615 7765 
5616 1568 
5626 4534 
5634 17313 
5642 22210 
5653 22433 
5656 1568 
5664 11657 470 
5666 31260 
5672 29621 34610 
5707 15164 
5708 11707 
5714 4004 
5722 10486 
5726 30827 
5732 26128 
5746 28011 
5748 16725 
5754 13318 2263 15418 32914 1582 13915 
5762 20332 
5774 12003 
5775 1597 
5781 27076 26128 
5782 26290 
5784 12213 
5794 4289 
5796 3129 470 
5807 11657 
5809 26647 
5811 24606 
5812 22361 28278 
5814 22921 
5817 29621 
5821 28296 
5830 22921 
5839 15746 
5847 9358 
5851 21790 
5863 12815 
5868 31953 24230 
5870 9608 
5891 1294 22342 
5896 12003 12406 
5901 37326 
5904 25352 
5905 26533 
5906 6938 2263 
5907 1294 6169 
5908 3129 
5909 19733 8522 
5914 6055 20365 
5916 6694 
5919 13547 
5925 4289 
5926 27076 
5933 22921 
5936 36388 34065 26345 36198 3551 
5938 24230 
5945 33307 
5950 1582 
5958 13547 
5963 12105 
5969 26516 
5970 1380 
5971 15460 
5974 10486 
5978 22433 30278 
5992 4170 
5996 2955 2382 470 
5999 13318 
6002 10016 1957 13449 876 30995 15679 11104 
6008 19192 
6009 19192 
6014 22820 
6015 27121 
6017 12003 6055 
6019 16361 
6022 22361 
6023 24318 
6026 6055 
6035 19470 
6037 37453 
6042 16361 6694 
6053 27525 
6060 36270 
6067 32749 
6072 24606 
6079 5860 
6080 1380 
6083 18481 12003 36976 4170 
6087 2487 22055 
6090 31111 
6097 12315 
6102 17461 5840 
6110 3469 
6112 17934 25498 
6120 27076 
6126 29525 
6128 31079 
6133 18959 
6148 4570 
6154 33785 
6163 4289 
6166 5840 
6171 29449 
6176 2263 
6181 26533 
6186 37602 
6188 12003 
6193 6694 
6194 6694 10955 
6196 7748 16245 
6205 27948 27163 22361 
6213 2263 
6214 26887 
6226 5927 14091 
6231 32279 
6235 470 11104 
6240 13915 
6242 3615 
6244 10277 
6245 4570 1568 
6246 13563 
6250 27339 1159 
6263 21158 
6264 23828 
6265 37602 
6269 71 
6272 1582 
6273 2960 
6274 4289 5860 
6281 37453 
6282 19470 
6283 5860 
6284 2263 32914 
6288 15854 
6301 5385 
6303 35633 21961 
6309 5860 18854 3551 
6314 26869 
6319 16147 
6323 24318 22361 
6328 12213 16361 
6329 15854 
6331 5171 4289 
6333 2263 9113 
6338 4289 
6340 4289 
6341 15577 
6342 24122 22361 24230 
6343 21790 
6344 1785 
6346 2263 32914 
6348 19192 3551 
6349 15746 
6356 1582 
6360 13439 1878 
6365 37745 33420 
6367 29525 
6370 27737 
6372 22433 32966 30278 22361 
6374 33420 
6376 4289 
6377 2487 
6387 22921 
6397 6124 
6399 21312 13860 
6403 4004 
6412 3469 
6420 5927 
6424 2263 
6425 3501 
6438 1878 
6460 33307 
6462 28296 
6464 34700 
6471 13318 
6476 12406 
6491 12030 
6492 10088 3551 
6505 11657 6694 
6513 9521 
6525 29449 16652 
6527 2257 
6528 15418 
6536 17717 10955 12815 
6538 1878 
6541 18503 
6545 8774 
6549 2960 
6550 6754 
6554 30278 
6557 22210 
6558 13860 
6579 1294 4289 
6583 1878 
6585 14753 
6587 33307 22361 
6588 24318 
6601 30648 
6602 20529 
6603 27195 
6604 2263 
6609 37951 
6623 2100 30503 
6626 22433 26128 
6627 10173 
6635 10486 30051 
6640 17856 
6644 29621 39 
6648 22361 
6653 6938 
6654 10240 
6657 1294 
6658 28011 
6659 22095 15947 1253 
6666 4570 13679 10955 
6669 13915 
6676 9521 
6681 23345 
6692 10955 
6698 3073 2263 4570 27827 37998 13915 
6708 22361 
6719 19192 
6721 5171 33803 
6722 4289 38018 
6730 4289 
6737 26887 
6739 24275 24230 
6742 20731 
6754 16486 
6758 2263 
6763 10173 
6774 36976 
6786 27121 35977 27122 
6788 37453 18603 
6789 3040 4570 1590 
6792 3615 
6802 12566 
6805 25114 
6809 24275 
6812 38084 
6813 22921 
6814 24606 
6820 26887 
6821 24606 
6827 22361 
6831 39 
6848 35633 
6849 3040 2263 8774 13337 8675 9608 14521 6388 
6853 14091 
6854 10955 
6856 1294 
6863 15870 
6864 13915 
6866 32911 
6868 19441 
6874 5495 
6877 22361 
6884 12003 
6897 10955 
6899 8012 
6903 470 
6907 9790 
6917 27076 28278 
6923 16336 17717 
6935 36055 
6936 17934 
6946 22433 
6949 27059 
6950 22685 
6957 22361 
6958 27903 
6962 30648 
6964 38228 
6965 18959 
6966 13477 
6977 26464 
6982 27737 
6989 26869 30503 4745 
6991 14091 5860 
6992 2794 
6998 27339 
7003 6361 
7007 37951 
7008 3469 
7013 1294 1253 
7028 22433 22921 
7031 34065 
7032 34137 
7033 26887 
7037 27076 
7043 33307 
7054 22433 
7069 71 
7070 34137 14521 
7073 36270 
7076 12406 
7080 13915 
7081 4745 
7083 2263 
7086 26887 
7091 25352 
7094 22361 
7103 15084 1878 71 2382 
7113 2263 
7114 28296 
7120 10173 
7130 4289 
7140 27076 
7149 29525 
7150 27737 
7151 28296 
7163 2872 36404 
7166 29567 27569 
7168 22433 
7173 4170 
7174 4289 
7179 10955 
7188 13449 470 
7192 2382 
7194 25793 
7203 7748 3615 4745 
7204 7150 
7214 16652 
7225 4289 
7226 3469 
7227 1294 23842 
7235 38439 
7239 13477 
7245 18758 
7248 2100 
7249 25999 
7255 8522 
7259 28296 
7261 29525 
7263 31079 
7266 22433 22361 27216 
7271 37951 
7275 27672 38501 
7286 15232 
7299 31111 
7301 2263 
7305 8522 
7307 8522 
7326 2382 
7328 26124 23345 
7329 4570 
7330 12105 5045 
7344 3615 
7348 27076 34551 
7356 33307 22361 
7359 5860 
7371 16745 13915 
7374 31111 
7380 3469 
7382 5045 
7384 2879 
7385 19513 
7387 8522 
7388 23486 3469 1590 3551 
7391 13834 
7392 26278 
7395 1878 
7398 17461 30648 14753 
7401 23880 22361 
7406 30278 
7411 24318 
7419 29526 
7420 30216 31688 24905 
7422 9149 
7425 5840 
7429 14615 
7434 14091 
7448 4289 
7449 1878 
7452 27121 
7453 2263 13337 
7457 31619 21961 
7461 16486 
7464 18425 
7471 37745 
7474 24122 24606 28296 
7477 15854 
7489 8774 1590 13915 
7491 3615 
7492 12105 28401 
7499 32279 
7500 5171 
7502 33420 
7506 28299 
7507 10486 
7508 33420 
7509 3615 
7511 2263 
7513 33420 
7524 34137 
7525 4289 
7529 2263 
7531 17313 
7533 2257 38675 
7534 3040 1294 3469 4370 
7535 71 11024 
7536 3615 
7537 7150 
7538 4089 
7539 5193 23842 5840 1401 
7542 4570 
7555 5840 
7572 26124 
7574 23486 
7576 22361 
7584 26887 
7590 10228 
7595 15232 8675 6628 1554 
7596 8522 
7599 8522 
7601 26345 
7602 36270 
7603 21961 
7605 1582 
7609 31014 
7610 1597 
7615 3551 
7620 38738 21790 
7621 2149 
7622 2263 4570 15418 37998 
7626 12406 
7628 22433 
7633 22167 22921 
7634 38745 
7635 22361 22921 
7640 27195 
7646 26124 
7651 20731 
7657 10486 
7663 31953 
7666 36404 
7670 22361 
7675 33307 22361 
7686 2263 
7690 1253 
7693 13439 
7697 25141 11104 
7698 5385 
7710 14665 
7719 26056 
7720 26128 
7722 24230 
7723 29526 
7727 8774 31014 
7736 9507 
7738 22433 
7739 36798 24230 
7744 27122 
7748 25793 
7752 29806 22921 
7756 3615 1294 3469 4570 11363 5840 1380 
7757 17254 
7761 22167 24230 
7762 34610 
7763 470 
7780 6874 
7784 19733 
7786 28309 
7800 24230 
7803 26887 
7816 15854 
7817 7110 
7818 6938 2263 
7826 1590 
7845 38228 
7846 18603 
7869 38881 
7875 22298 
7876 18758 
7878 2382 
7883 31111 27163 
7890 4289 
7893 22361 
7896 22361 
7903 1380 
7907 3469 
7908 4289 
7914 36270 
7928 11657 
7936 35524 
7939 36055 
7945 22167 
7946 33420 26124 
7950 22921 
7951 24230 
7955 38745 
7957 31111 
7966 24318 22361 24230 22921 
7967 24569 
7969 24905 
7975 4570 
7978 1785 
7979 2382 
7993 12510 8545 1582 
8000 3469 
8013 37326 
8015 4289 
8023 7551 
8025 22210 
8028 12003 6628 30995 14273 
8031 5860 
8035 1582 
8045 30673 
8047 29525 
8049 23433 
8058 9358 
8059 4289 
8064 35633 
8065 35633 
8067 38981 
8070 38745 
8071 15783 
8074 22921 
8085 38998 
8089 4370 1582 
8090 9403 
8091 26124 
8093 8012 
8095 29731 
8099 10641 39 
8106 24230 27216 
8116 3551 
8131 22433 
8132 26345 
8133 29526 
8138 12406 
8140 39034 
8147 28401 
8160 29567 27163 
8170 25891 
8185 16147 
8187 26647 
8189 23345 
8190 3615 
8191 3615 6055 33064 
8197 22433 
8198 23345 
8203 26647 39064 
8211 12105 
8217 5789 
8222 5193 
8225 28759 
8229 11657 23548 36404 470 
8231 36891 
8233 19441 
8235 22921 
8247 4370 
8262 1037 32659 
8264 13915 
8265 2879 
8273 19733 
8282 22433 27216 
8288 19513 16688 
8298 2263 1597 
8301 25114 
8304 4289 
8308 11707 15947 1380 
8311 10486 
8318 10955 
8319 29526 
8322 22433 25676 22361 
8328 10262 
8329 36422 3501 
8333 1294 
8340 4289 1582 
8341 34610 39 
8345 3615 
8357 3615 
8358 12003 13606 14273 10240 
8359 10252 
8363 17920 
8370 22095 
8374 14758 
8377 1294 1253 
8380 23828 
8384 8522 
8389 30673 38084 
8410 37326 
8412 1253 
8414 17313 
8418 10486 
8422 36055 8522 
8447 19513 
8448 26124 
8449 38998 
8450 24606 
8455 36832 
8458 16725 16721 
8460 14521 
8461 3469 
8465 1785 3501 1401 23991 
8472 24230 
8477 4289 
8480 13679 13915 
8491 22921 
8495 22361 28278 
8510 23991 
8514 3469 1590 
8515 1294 36832 
8518 2263 4570 
8522 13860 
8524 15232 
8526 3501 
8528 26278 
8537 1253 
8540 2263 4570 13915 
8547 13834 
8550 14273 
8552 7748 37326 1867 
8561 33785 
8566 36756 
8574 28299 
8575 27948 22361 
8576 26345 
8582 1878 
8583 4289 
8586 1253 
8593 39220 
8602 4570 1582 
8606 10955 
8607 15232 4570 
8613 37951 37602 14758 3551 
8618 7748 
8628 34137 18603 
8629 5098 
8634 15854 
8635 24318 
8640 24230 
8645 1159 
8654 26647 
8657 2263 4570 13915 
8660 26124 
8661 9171 
8665 18758 
8667 10240 
8674 1597 
8691 10955 
8693 28299 
8697 22685 
8698 34610 16703 15854 
8705 38018 
8712 14091 
8715 38084 
8717 32749 22167 
8733 24970 
8734 27339 
8739 23345 
8742 7748 
8749 27076 27216 
8756 16486 4570 
8759 3615 
8760 5385 
8763 35633 
8764 12105 
8768 1380 
8773 3615 
8781 7748 33064 
8784 34700 38084 
8787 23857 
8788 30673 
8803 24230 
8807 9171 
8808 2263 15084 1785 1582 
8815 6628 
8816 13915 
8819 12815 
8820 18733 1554 4170 1380 
8824 3551 
8825 17930 32659 2960 
8835 10486 30051 
8837 4289 
8843 2263 2100 3469 1568 
8845 38738 21082 
8849 10173 
8850 2263 
8852 2263 16486 
8853 14521 
8855 3469 11707 
8858 27948 22921 
8859 3615 
8866 14906 
8869 15232 25498 4570 
8872 3040 2257 2263 
8875 9608 
8876 25498 
8877 31974 
8879 27076 
8884 22433 
8885 24053 
8893 16147 
8898 4289 
8900 22433 
8902 1878 
8908 13915 
8916 2960 
8917 2960 
8918 26887 
8928 2382 
8940 3501 
8941 3040 2263 13834 6628 10257 
8952 22361 24230 
8955 27076 
8959 8774 
8961 28299 
8962 24970 30278 
8964 23345 
8965 22361 
8973 36388 34065 
8974 30673 
8977 22072 
8983 12105 1867 
8986 21158 
8989 25498 
8992 13439 
8994 18425 
8999 1294 3501 
9000 10177 
9008 7150 
9017 31688 24230 
9021 24318 
9027 27076 28685 
9034 28299 
9040 4289 
9043 26124 
9047 4289 
9052 28401 
9060 7828 
9068 15854 
9069 5840 
9070 39430 
9078 15232 
9081 27913 
9083 24275 
9084 13318 2263 
9098 31688 
9109 3040 4570 
9112 1090 12406 
9113 15870 
9118 24230 
9120 23345 
9122 7828 
9123 26290 
9129 24230 
9132 3073 1582 13915 
9135 3469 
9138 36404 
9139 1785 1590 
9142 2199 
9145 19441 
9146 3615 
9155 10173 
9158 17856 
9159 4289 
9162 4170 
9165 30503 18475 
9171 15084 3873 13915 
9178 26124 
9187 1785 
9188 27076 27737 
9192 24569 22921 
9196 21158 
9199 22072 5860 1253 
9207 39 
9208 22167 
9209 22433 
9215 9608 13915 
9218 2263 1582 
9220 27569 
9221 26869 
9233 1785 
9239 32659 
9246 22072 
9247 25498 
9253 10240 
9256 7003 
9258 10955 
9267 39220 25114 29526 34551 
9296 7544 
9301 1380 
9304 38745 
9305 4289 
9309 21790 
9316 15947 
9320 13282 10486 
9323 38745 
9324 4289 
9326 23345 
9344 3615 
9350 31260 
9363 15164 
9370 31688 
9372 38228 
9378 27569 
9389 6124 
9391 29621 
9395 4289 
9396 4570 27827 23735 
9398 12315 
9399 19733 
9400 16336 8522 
9409 38745 
9415 36404 
9418 15232 
9428 2263 37998 
9432 21158 35712 
9433 37602 
9446 1590 14273 
9450 5860 
9452 3501 
9455 13606 1582 
9463 235 22095 
9464 22298 
9469 13915 
9474 19783 
9477 22921 
9481 24318 
9498 470 
9507 3040 10257 1785 14521 1554 5860 1582 2149 
9509 23735 
9515 7748 
9516 6938 
9521 21082 
9528 27569 
9529 30673 
9531 24970 22361 39586 29350 
9533 2263 4570 13915 
9536 34551 
9542 38675 1253 
9549 14091 
9550 27076 
9553 3469 13915 
9562 13477 
9591 18758 
9593 9149 
9595 29526 22921 
9600 29806 22361 
9610 13679 
9612 2263 
9616 22361 
9617 1957 13449 2960 2382 
9622 4570 13679 
9626 36444 
9635 30974 
9647 4534 
9648 35633 
9657 3615 
9665 12003 
9668 26056 
9676 470 
9680 28236 
9682 27569 
9687 2263 
9688 32749 
9693 18959 
9695 10252 
9700 4004 16361 
9702 24905 
9706 21158 
9710 19513 
9714 3873 
9717 29526 
9724 31014 
9726 10486 
9727 9608 13915 
9731 25352 
9732 16486 
9739 2879 
9742 27195 
9755 12030 
9756 8165 
9757 9608 1582 
9760 29567 
9768 24318 
9770 24230 
9771 11085 
9772 26887 
9779 4289 
9781 15441 
9784 14273 
9786 14091 
9791 2263 
9794 30278 
9795 1785 
9800 9790 
9804 15232 
9807 16486 
9816 25676 
9817 3073 
9818 35383 
9823 3615 
9825 2263 3469 26278 
9840 22167 
9846 8774 
9848 22921 
9866 4570 
9867 13915 
9870 30216 
9883 5171 32528 4289 1878 
9885 20365 
9886 1590 
9888 2263 15418 13915 
9893 2263 3551 
9902 32911 
9906 13477 
9909 3615 
9911 34137 
9913 23486 9358 
9914 12815 3551 
9919 7748 33064 
9920 5840 
9926 4370 22072 5840 2149 
9936 38439 
9938 30673 38084 
9939 30954 
9940 25676 
9945 24230 39718 
9958 13834 13915 
9959 38745 
9960 27216 
9962 18128 
9970 16361 
9975 12406 
9983 1582 
9984 28401 
9987 3615 
9989 2382 
9998 15854 
9999 22361 31079 
10001 24569 
10005 22095 
10006 27163 
10010 13915 
10012 34137 
10015 29350 
10019 29526 
10034 2960 
10042 12406 30995 1582 18603 
10048 24606 
10051 32749 9601 
10052 34757 
10054 39771 
10062 1785 
10067 5860 
10069 22433 32279 22921 
10086 13915 
10088 3551 
10092 15783 
10103 22095 
10108 10955 
10109 30954 
10116 14836 
10118 1957 7110 
10121 1253 
10123 7828 
10126 26887 
10129 34610 
10131 1582 
10132 29567 
10135 22361 
10137 27163 
10138 22361 
10146 24993 
10147 21158 
10160 2100 25498 1785 14273 1582 
10162 22433 
10166 36422 3501 
10172 25498 
10175 13477 
10176 28866 
10177 1380 
10181 15439 
10183 1037 
10186 1253 
10191 5098 
10196 14091 
10197 13547 
10199 26647 
10206 27076 
10208 39808 
10211 39430 
10218 14091 
10221 30974 
10223 22210 
10225 30278 22361 
10236 10228 
10243 1785 
10245 6874 7544 
10246 8522 
10257 4289 25352 11104 
10259 16688 
10262 38228 
10266 10240 
10267 3501 
10273 3551 
10277 2263 13915 
10278 2263 13915 
10280 2263 
10281 15336 5171 17856 
10282 7150 
10283 10228 
10284 3873 
10286 1037 11535 26887 
10287 1590 
10297 39034 
10302 34610 
10305 15783 
10311 23345 
10323 2382 
10339 8774 10252 
10346 22433 
10347 30064 
10349 22820 
10351 29449 
10352 1568 
10353 27525 26128 
10357 18128 
10365 32749 24905 39830 
10370 24606 29567 22361 24230 
10372 13282 
10374 22072 
10375 2263 
10377 15441 10257 15947 
10389 17856 
10390 5385 
10394 4370 
10397 36388 24275 22921 
10400 18572 
10404 32528 
10409 15746 
10410 3469 
10412 39841 
10414 2263 31014 
10415 1380 
10422 2263 
10432 1582 
10436 27076 
10437 39843 
10445 8012 
10448 22361 
10460 17313 
10463 4570 
10467 17856 
10468 15084 23735 
10469 3873 
10473 19783 
10479 15679 
10486 1582 
10491 4570 15947 
10492 3501 
10500 5840 
10501 17856 
10502 12105 
10505 1785 
10510 19513 
10518 30278 
10521 38998 
10531 4289 
10533 5860 
10534 5927 30503 18615 
10537 24569 22361 29350 
10540 27195 
10543 21790 37453 
10545 13860 
10551 10252 
10554 21158 
10562 1878 
10565 10088 
10568 32528 
10570 5045 
10573 5171 
10576 1582 
10596 36270 
10598 31688 29526 
10602 2382 
10603 27076 
10613 21158 
10629 1582 
10636 14665 14091 
10648 25999 32528 
10649 235 
10650 1878 
10660 2263 4570 26278 
10663 13915 
10669 18603 
10670 5385 3469 23735 
10674 39841 
10676 19513 
10680 35633 
10681 15441 
10683 13915 
10693 4570 13915 
10694 1582 
10695 2263 20332 
10696 31974 3129 
10698 9481 
10715 27216 
10719 13860 
10723 32911 
10737 3615 
10738 2100 
10739 22095 
10742 34137 
10747 3469 1785 
10751 1785 
10755 30278 
10757 27121 
10759 5385 6169 
10774 19470 6694 
10776 4570 12315 
10794 23991 
10799 9790 
10804 21312 
10805 4289 
10812 6938 1582 
10821 10486 1582 
10829 2382 
10831 1582 
10839 3040 
10842 16545 
10845 2263 8774 4570 
10847 16760 
10857 3129 
10863 26647 
10866 25676 
10876 4289 
10879 25676 39586 
10884 4289 
10885 7610 30648 3551 
10890 4289 
10899 11707 
10903 7110 
10906 1590 
10916 2263 4570 13915 
10928 15084 
10929 3469 
10932 3040 
10936 3501 
10942 19274 
10947 12315 
10960 1590 
10970 14665 
10974 26290 
10991 3615 15480 
10992 38439 
11009 15084 
11015 1785 
11016 1568 
11017 18712 
11018 13606 
11019 1582 
11020 13094 
11026 16336 
11041 8165 1582 
11043 7505 
11050 38881 39034 
11052 38675 
11054 4289 
11068 36404 
11074 2263 8774 31014 1590 
11087 1582 
11090 31014 
11092 15232 
11094 1785 
11098 24122 29350 
11112 1785 
11114 27525 
11117 14906 
11118 27076 24230 
11125 39997 24230 
11126 22820 20529 
11127 31619 
11135 1582 
11139 1785 
11153 31079 
11167 6388 
11175 13563 
11176 3615 26869 
11180 22433 
11186 22095 3501 
11187 2263 8774 1568 
11198 1785 10240 
11199 13915 
11200 1582 
11203 2263 
11238 4289 
11245 2960 37326 
11246 9608 16745 
11251 4570 
11252 21158 
11254 13563 
11265 15084 
11274 3040 3469 
11277 13606 
11285 1590 10240 
11291 1582 
11293 3040 3073 3469 9608 10252 9521 30064 1582 
11298 1785 
11311 15084 1582 
11312 15418 1785 
11313 6938 13915 
11318 4289 
11326 10240 
11332 1590 
11340 470 
11343 7551 26887 
11345 1582 
11347 23433 
11349 26533 
11352 4004 
11363 2257 
11365 1785 1582 
11367 10257 19835 1785 1590 
11369 13282 
11370 28299 26056 
11371 10257 
11374 1582 
11375 40029 
11377 2263 18128 
11378 1582 
11379 10240 
11380 1785 
11381 29449 
11382 28759 
11389 2263 
11391 1582 
11393 4289 
11394 13915 
11402 32659 
11408 13915 
11415 3040 3073 
11419 13915 
11421 876 1582 
11427 8522 
11428 31974 
11443 36832 
11445 4570 
11450 24122 
11456 34065 
11463 3551 
11465 2382 
11479 7544 22072 15947 
11487 1785 
11491 1785 
11495 1785 1582 
11496 16545 
11498 21158 29731 
11499 2263 
11505 1582 
11517 30954 
11523 13532 
11524 2263 32914 
11528 13563 
11531 3040 470 
11534 31688 
11536 3469 13915 2149 
11542 15232 
11546 15084 9608 1785 10240 1582 
11547 22095 
11563 1785 
11567 3501 
11571 7505 1878 
11578 3129 
11584 18481 
11588 3469 13915 
11591 1785 
11607 5927 14091 
11609 13318 13915 
11610 1785 
11612 27827 
11617 2263 
11619 14273 
11623 1582 
11624 36832 
11625 2100 
11633 14273 
11640 2263 
11643 31974 
11651 2149 
11652 3501 
11658 12315 
11660 1785 
11689 8774 
11690 10173 
11692 40064 
11695 15746 
11698 13563 
11704 10240 
11712 8774 
11714 30216 
11716 16725 
11717 39843 
11720 2263 
11725 18854 
11728 1785 
11740 24053 
11741 2257 12315 
11748 29806 
11749 3040 2257 8774 
11750 2149 
11751 13563 
11753 3615 
11756 23486 
11760 30974 
11765 13547 18733 20529 
11768 3040 
11771 13563 7765 470 
11780 3615 
11782 2263 13915 13908 
11783 27122 
11792 15460 
11793 1785 
11794 5385 13915 
11800 2263 
11804 2263 4570 
11805 21790 
11812 1867 
11816 31260 
11824 12003 
11828 25498 
11831 30974 
11833 3551 
11843 29370 
11845 13834 
11851 22095 
11875 12003 1582 1380 
11881 33645 21790 
11886 14521 
11892 23548 470 
11898 1568 
11900 8522 10955 
11904 10486 
11907 27076 36891 
11911 28236 
11915 26124 
11927 35383 
11935 4289 
11937 32659 
11939 40029 
11940 1590 
11955 2263 4570 
11961 5927 
11964 24318 24230 
11969 5385 
11988 15418 
11990 2263 4570 
11992 10262 
11993 36422 
11995 3129 
11997 30648 
12001 3040 
12021 19470 
12022 9608 1582 
12023 3469 
12024 14665 17313 
12025 4370 
12027 15418 
12030 16361 
12035 876 
12036 2263 13563 
12038 13563 31014 
12047 4370 
12054 13915 
12058 16486 
12061 14521 
12071 1582 
12082 17920 
12090 31047 
12099 2960 
12109 24569 
12114 27903 25114 
12119 36198 24230 
12123 5860 
12137 21393 
12144 22095 
12145 24122 27216 
12146 16760 
12160 13477 
12163 35374 
12166 3469 
12167 6361 1878 1590 
12169 8193 
12174 2263 
12176 25352 
12180 26887 
12183 1253 
12197 6694 
12210 8522 10955 
12226 13915 
12227 3615 
12228 7505 
12231 3469 
12232 13915 
12234 3615 
12246 29731 
12248 31111 
12255 22433 
12256 25141 34700 
12260 6388 
12261 2263 
12263 3469 4570 
12272 1582 
12274 21312 
12277 28685 
12286 4004 
12303 18615 
12304 23735 
12311 1380 
12312 12030 
12316 19733 
12320 26887 
12322 10486 
12329 12105 
12331 4570 
12333 10955 
12337 4289 
12364 2263 13915 
12366 1590 
12368 18615 13532 18854 3551 1380 
12377 7544 3501 
12381 4289 
12383 3469 
12389 2794 470 
12393 2960 
12396 15746 
12397 4289 
12405 4570 
12407 22361 
12426 1380 
12427 27076 
12434 17461 
12435 13915 
12439 3551 
12441 38998 
12455 40029 
12458 34137 
12460 7748 3615 
12461 1380 
12462 40196 
12466 22361 
12472 1597 
12475 16336 
12477 12315 
12478 5789 5840 
12479 27122 
12481 23828 2382 
12482 3501 
12483 13915 
12485 34137 
12488 5098 
12489 15577 
12511 7551 
12518 2263 
12520 39034 
12527 18615 
12532 27195 
12534 26869 
12537 3469 
12538 19783 17856 
12541 1590 
12547 2263 10252 
12549 8774 38881 3469 6388 
12556 2263 13834 
12557 21790 21082 31047 
12558 32193 
12559 12406 
12560 22820 
12563 25141 
12566 22921 
12567 29526 
12573 20731 
12583 4570 
12584 12105 
12589 25141 
12599 1568 
12608 27122 
12613 40220 
12615 3073 
12625 15418 
12631 30827 
12633 7748 
12644 34610 
12649 3469 
12656 235 5385 3469 10257 1554 1590 
12662 2263 
12665 4570 
12667 14615 
12668 13915 
12671 10955 
12675 4370 
12676 4570 
12678 10486 
12683 30648 
12689 33479 
12691 14836 
12696 22342 
12698 25999 
12701 3040 3073 2263 9608 19835 1590 13915 
12704 16545 
12709 15746 
12728 4570 
12732 3040 
12733 4004 
12743 8774 
12749 27076 
12750 32911 
12762 22921 
12764 25141 
12772 29567 
12781 6055 
12783 10486 
12784 30995 
12785 15746 
12786 3873 
12799 2263 
12816 38745 
12822 4289 
12825 4570 
12826 32749 31688 
12827 1401 
12830 1878 
12834 23345 
12838 13094 
12842 22685 
12846 1878 
12860 17313 
12869 6694 
12871 28866 15947 
12873 13915 
12875 4745 
12876 4289 
12882 36270 
12884 21082 
12885 1878 
12893 10277 
12894 3551 
12897 8522 
12902 13915 
12905 5927 
12907 3040 
12908 31619 
12912 3615 
12917 32528 
12926 26533 
12938 24230 24053 
12940 26887 
12945 13860 
12947 24230 
12951 38018 
12968 25141 
12969 10184 
12970 32193 
12971 31260 
12973 7551 1878 
12977 17313 
12986 17461 
12987 6938 4570 
12988 3615 
12998 33064 
13000 2263 
13004 16652 
13007 14615 
13012 2263 10486 
13014 10277 
13017 10486 
13019 3469 
13041 18475 
13054 33479 12003 36976 
13056 8522 
13061 21158 
13062 24905 
13073 24606 
13078 21158 
13087 18128 
13095 3073 8675 11707 1582 13915 1380 
13106 40304 
13107 3551 
13108 4289 6694 
13112 35633 
13115 10177 
13117 2382 
13119 9113 
13121 7150 
13126 10486 
13130 3040 
13145 8522 
13149 18733 
13151 28759 
13160 25114 
13163 22921 
13169 26128 
13174 32914 
13177 5860 1582 10277 
13179 16725 
13196 39843 
13208 33785 
13211 24318 
13214 25141 
13227 30503 
13228 13337 4570 4370 4289 6388 9521 13915 
13239 18854 
13242 876 
13249 2263 
13250 14521 
13253 13439 
13257 31688 30673 
13261 14615 
13275 18959 
13276 20332 
13294 2382 
13296 22167 
13300 7544 15947 
13304 9171 
13308 4745 
13309 26887 
13314 13915 
13315 26887 
13336 18959 
13351 37951 
13357 18733 4570 
13359 3615 
13365 470 
13368 3615 
13373 30216 
13374 1878 
13375 36832 
13382 39843 
13394 27948 
13421 39808 
13422 27076 22361 
13423 38439 40220 
13424 22433 22921 
13425 9608 19835 40375 
13426 27076 
13441 10184 
13446 1568 
13448 39430 15783 
13452 4570 
13454 4570 
13462 5840 
13467 3469 35383 
13471 35801 26887 
13472 25891 
13480 26533 
13497 4170 
13501 8522 
13502 4289 
13503 26869 
13505 8522 
13509 27195 
13510 3040 1554 
13512 33064 
13517 37326 
13522 24606 
13528 40385 
13535 29350 26128 
13556 21158 27913 
13560 17313 
13578 2263 8774 4570 11363 11707 
13586 15746 
13597 30216 
13603 2257 
13608 22095 
13612 24122 36756 22361 26345 36891 
13617 3073 2263 1590 
13619 2263 
13622 13915 
13628 3615 
13629 1294 
13642 2955 
13646 23548 
13661 6694 
13663 10955 
13668 12406 
13671 25676 
13684 25676 
13685 29567 
13692 27076 36756 
13693 34856 
13697 24318 
13698 22433 
13704 40420 
13708 1380 
13712 24606 
13720 10486 30051 
13728 2263 3469 37998 
13736 4570 
13739 27195 
13740 19192 
13742 1582 
13751 22921 
13753 4289 
13767 2794 
13769 13915 
13774 3615 
13777 8522 
13779 20529 
13788 14665 
13793 26887 
13796 26278 13915 
13798 1380 
13800 29370 
13801 470 
13809 2263 4570 
13812 2794 
13815 10177 
13816 4004 
13820 22433 
13824 39430 
13831 8012 15854 
13840 25352 
13846 2382 
13850 15441 
13854 2263 
13856 31260 
13861 2487 30064 3551 1253 22298 
13863 2263 
13871 39830 
13876 13094 
13878 15947 
13900 32911 
13906 13860 
13907 3469 
13911 29449 
13940 15854 
13949 4289 
13954 3615 
13965 27076 
13966 13915 
13971 14521 40029 13915 
13979 19783 4745 
13981 8012 
13988 21961 
13991 13908 
13996 37951 
14003 14665 21790 
14006 6124 
14009 19783 
14012 10486 
14021 2487 
14030 29526 
14032 26124 
14035 40385 
14044 37745 
14053 4289 
14063 3501 
14064 25676 
14066 31619 
14068 26345 
14075 13915 
14077 12315 
14078 24122 
14081 2263 13915 
14082 19274 12566 13449 
14083 39 
14091 3501 
14097 26290 
14100 27827 
14101 3501 
14103 19513 
14105 27122 
14107 235 16486 
14111 5860 
14112 16545 
14115 4289 30503 
14122 4170 
14124 15460 
14127 13915 
14132 12105 
14137 22361 
14142 32659 
14146 39771 
14157 24318 
14159 27059 29567 
14161 27076 40196 
14166 27948 29567 
14168 27195 
14171 8522 
14173 28685 29525 
14174 15746 
14183 22685 
14188 21158 
14191 14615 
14196 12815 
14197 6055 
14198 6754 
14199 19513 
14202 1380 
14206 35633 
14207 4289 
14209 2257 
14212 22361 
14214 19733 
14224 25352 
14227 1380 
14233 2263 
14236 19783 
14245 38228 
14254 1878 
14261 10486 
14268 2263 37998 
14275 23880 
14285 3469 
14290 36388 
14297 22361 
14300 27913 
14302 3501 
14303 6874 
14304 15746 
14306 22433 24053 
14309 28866 
14314 15746 
14322 2263 
14326 6055 
14329 4570 
14333 16486 
14339 15232 
14346 39430 
14350 18959 
14355 24970 29567 22921 
14359 27737 
14366 27076 
14367 1401 
14371 4289 
14380 1878 
14385 12003 
14389 36845 
14392 9507 
14399 1878 2382 18603 
14403 15439 
14406 22361 
14409 28685 
14414 15577 5171 
14429 13318 15746 2263 8774 13915 
14432 3615 
14433 7748 
14437 3615 
14444 1294 
14451 5860 
14453 38018 
14457 24606 
14461 26345 
14464 29567 
14472 24122 
14474 39830 
14475 21158 
14478 22298 
14486 2263 
14489 34065 25676 22361 9601 
14492 13915 
14499 29806 31079 
14510 30974 
14511 40521 
14522 32911 
14523 3469 
14528 40304 
14543 25891 
14545 9521 
14546 23345 
14556 34065 25676 22361 
14557 1294 6055 
14558 3040 
14564 4170 
14573 25999 
14574 17930 12566 
14581 2263 
14592 36444 21790 
14596 38675 
14601 22361 
14603 16760 5860 
14606 24230 
14607 26887 
14619 3551 
14623 38228 
14628 13915 
14631 39034 
14639 3501 1380 
14640 7748 
14642 8165 22072 30064 
14647 10173 
14654 20332 
14655 2257 37602 3469 5171 10262 4289 9521 
14658 14665 
14659 1590 
14672 26647 
14674 1878 
14680 29621 
14691 1380 
14708 22433 
14718 15577 
14727 8522 
14732 3501 
14742 22361 
14744 31260 
14756 36798 
14770 34700 
14772 14665 
14780 4089 
14786 14521 
14792 14091 
14801 9358 
14802 5840 
14804 4289 
14815 3873 37326 18603 
14816 22361 
14818 36798 
14825 36891 
14828 21158 
14829 22433 
14833 24970 
14834 5171 
14836 22361 22921 
14837 20332 
14841 5310 
14844 27913 
14848 10177 
14849 26887 
14850 17313 
14853 22685 
14858 24606 
14859 2382 
14860 3615 
14861 3073 
14865 14615 
14866 17313 
14867 876 1878 11535 
14869 40304 
14872 4745 
14880 27122 11085 
14889 470 
14891 18603 
14897 25498 
14901 3469 1590 
14902 16486 
14904 4289 7003 
14906 14665 
14914 27076 
14916 3469 
14920 27076 22361 
14925 2263 6388 
14938 24318 27216 
14949 21158 
14957 30278 
14965 22298 
14966 12105 
14967 39841 
14972 9608 
14973 3615 28401 
14978 12566 470 
14990 7150 
14992 28299 
15006 36756 
15010 24318 
15014 1380 
15016 15418 
15017 30673 
15024 22433 
15025 29567 
15026 15854 26887 
15027 18733 
15028 40420 
15030 4289 36404 
15031 31014 
15036 10486 
15047 6055 
15065 4570 1582 
15075 3551 
15077 19192 
15083 40375 
15086 3469 
15092 27121 
15096 4570 
15099 16486 1590 
15100 13860 
15111 2263 4570 13915 
15116 28685 
15120 22685 
15121 26128 
15122 24569 
15129 27569 
15135 22167 
15142 39220 
15148 26647 
15157 25999 37453 
15158 32914 
15159 33785 
15161 34610 
15162 1380 
15163 29567 33307 
15165 26124 
15172 3469 4570 
15183 13477 
15186 29567 25676 
15189 2263 
15193 27569 
15196 15441 
15199 4370 22095 
15200 1554 
15204 8012 
15211 10173 10184 5860 
15212 13915 
15216 19441 10955 
15224 40220 
15225 3615 1253 
15230 10125 
15237 4570 
15243 12406 
15244 31619 
15250 2263 3469 38675 
15253 36055 8522 
15265 6754 
15270 27076 
15278 1294 
15281 39841 
15282 22433 22921 
15284 18425 
15287 24318 30278 
15294 4289 
15298 7505 
15309 35633 
15311 1957 
15315 3615 15480 
15316 12510 
15323 9507 27121 
15329 3073 
15333 8774 
15338 9171 
15340 23345 
15346 23345 
15347 2263 35977 
15353 31974 
15355 3129 
15356 24230 
15359 22685 
15364 22361 
15366 30278 27076 
15371 2263 
15377 22361 
15382 3551 
15397 5045 
15409 35633 
15416 36444 
15437 39830 
15447 22361 
15454 6694 
15456 24606 38228 39830 
15460 9403 
15461 13834 
15465 13547 
15475 24606 
15478 15441 
15481 13915 
15485 5045 
15489 3615 
15491 4570 
15492 7551 
15496 38998 
15497 27163 
15499 1090 2382 
15505 10486 
15507 39220 30673 29525 
15509 22685 
15512 27076 
15516 22361 
15524 26516 
15527 3469 
15531 12003 9790 
15537 18959 
15546 8522 
15547 4570 
15576 13860 
15578 21312 
15579 25999 
15581 32279 
15584 22433 
15587 22361 
15590 33307 22361 24230 
15591 21158 
15601 23345 
15610 10486 
15612 24230 
15613 22433 
15616 21158 
15622 7610 
15625 12105 16652 
15632 22433 
15647 15480 16245 
15648 4570 
15667 30673 
15694 9171 
15696 38439 
15706 19470 
15717 2263 
15721 7748 
15724 15441 
15725 13318 2263 4570 1590 13915 
15728 13915 
15729 27827 
15733 1294 10486 
15740 7505 
15742 3551 
15745 3551 40521 
15746 235 9113 
15750 39997 
15773 27737 
15776 22361 
15778 22055 
15781 27076 
15784 4570 
15798 8522 
15809 1380 
15818 39843 16336 
15819 1878 
15820 22433 
15829 3073 12315 
15838 31047 
15851 21961 
15867 7150 
15872 7150 3615 
15877 24318 
15879 3073 
15881 22361 
15883 23880 
15886 22685 
15887 40196 22921 
15891 26887 
15902 14758 
15903 4570 13915 
15911 4570 
15929 36756 
15931 7748 17930 
15937 9507 
15940 3551 
15946 21961 17856 
15948 29526 
15959 34551 
15960 470 
15962 39843 
15964 38745 
15966 26887 
15971 7828 
15972 10177 
15976 11085 
15981 22361 
15982 16703 
15983 4004 
15987 2263 8774 
15991 30648 
16010 22361 
16016 27737 
16017 15783 
16028 3040 11363 
16029 32279 
16035 15783 
16040 24569 30278 26056 
16048 22361 
16050 22433 
16053 3873 1957 
16054 33645 
16056 37602 
16057 35374 
16059 15441 29370 
16061 2263 4570 11707 13915 
16070 4570 
16071 18475 15679 17717 
16079 16721 
16085 2257 3469 
16091 34610 
16098 16725 
16106 10486 
16108 40196 
16112 4570 
16120 2263 
16131 71 
16135 15441 
16139 30648 
16140 22820 
16145 21158 
16146 10486 
16150 10486 
16152 3469 
16157 4289 
16160 1957 
16163 470 
16173 29806 
16180 26516 
16195 21158 
16199 32966 
16206 22685 
16210 22210 
16215 18854 
16226 2257 9608 
16234 18128 
16244 19441 
16247 38675 
16252 13282 
16255 31688 
16260 17930 
16262 3615 
16267 25676 
16277 22361 
16285 12030 
16286 22361 
16287 12315 
16289 30648 
16299 4289 27122 
16300 30954 
16302 15164 
16303 27216 
16313 4004 
16322 2263 13915 
16325 23548 
16326 1253 
16329 1878 11085 
16338 22685 
16341 39064 
16350 39718 
16369 39841 
16372 4570 
16375 15854 
16376 28309 
16377 13834 
16380 1380 
16384 12003 
16390 4570 
16391 4570 
16399 2382 
16401 8774 
16406 8522 
16412 13547 
16416 3615 
16420 40304 
16427 13915 
16450 8522 
16458 29621 
16461 24970 
16466 20332 
16467 8012 15783 
16471 16721 
16483 37453 
16486 27076 
16487 9601 
16488 16361 
16496 3040 
16498 36422 
16499 30648 
16502 1582 
16511 13282 
16512 6388 
16519 2382 
16523 6055 
16527 27076 
16530 22685 
16532 24569 27569 
16534 16147 
16536 32279 22921 
16538 13282 12815 
16543 4289 30648 
16557 9521 
16558 30278 
16560 27525 
16564 5495 
16565 27569 
16566 23828 
16568 13606 
16570 10088 
16571 10641 
16573 11104 
16575 7110 
16583 18503 
16585 12213 
16586 876 
16587 1294 
16594 18959 
16603 29567 22361 
16609 14615 40304 
16624 6246 
16629 27076 
16646 3040 2263 9608 13915 
16651 15746 3551 
16652 28401 
16653 1597 
16656 3615 33064 
16658 3615 
16662 31619 
16679 9601 
16686 39220 
16687 16486 
16689 24970 
16690 8774 
16692 22361 
16697 22433 
16712 25676 24053 
16722 10252 
16727 1294 19150 10184 
16731 32914 
16734 4289 
16737 22095 22055 
16740 14521 
16741 18503 
16749 24993 
16755 22361 
16757 30278 
16759 38228 
16760 29806 
16762 4289 
16764 3615 
16772 38439 
16777 17717 
16790 27076 
16809 7110 
16812 22433 
16816 6874 
16817 2263 
16825 19783 6055 
16833 13439 
16852 26124 
16857 35633 
16861 31688 34856 
16862 16725 
16867 27076 
16868 15783 
16870 39220 
16873 30974 
16890 7765 
16892 5840 
16894 3469 13679 18572 
16900 27672 
16902 14615 
16908 22072 35374 
16912 3551 
16917 40220 
16919 15441 
16929 19150 
16931 13834 
16935 2263 8675 
16939 4170 
16941 4570 
16946 1294 
16965 27076 22361 
16969 21082 
16971 39430 
16978 6754 4745 
16979 17856 
16980 7828 
16986 30278 
16992 20529 
16993 24970 22433 24053 
16995 26345 
17000 27121 27122 
17028 5193 
17032 28011 8545 
17039 15947 
17040 11024 
17046 12213 
17052 31953 32279 
17056 22921 
17058 31688 
17062 26464 
17064 30278 24275 
17067 22361 
17071 25999 
17075 36891 
17079 38228 
17091 2263 
17100 15746 
17101 2382 
17102 9481 
17103 3615 
17104 2263 
17108 33064 15480 16245 
17110 4289 
17119 27076 26128 
17123 25676 
17125 24905 
17130 34551 
17131 3073 
17136 24318 22361 
17137 5171 
17151 4289 
17156 4570 
17157 5495 35633 
17158 16486 
17163 39830 
17173 30278 
17181 40220 
17192 27195 
17194 10486 
17199 10184 
17206 4289 
17207 37602 
17208 3469 
17213 14906 
17217 2794 
17229 30278 
17236 22433 
17239 23345 
17240 24318 34856 28278 
17244 36055 
17256 2263 
17258 35977 9403 
17272 8193 
17274 9403 
17277 31014 
17283 32911 
17286 3129 
17289 36404 
17298 29525 
17299 31688 22167 
17304 22433 
17305 13915 
17308 36845 
17310 28236 
17321 24122 
17322 39997 
17324 30216 
17327 29621 39 
17330 15746 
17332 39830 
17336 24970 
17340 2263 8675 9608 10257 6388 
17349 22342 
17358 5860 
17359 29449 
17360 5927 
17368 235 
17375 30278 27076 
17386 27163 24230 
17389 34065 22361 
17396 14615 40304 
17397 30278 
17409 3501 
17413 24970 
17421 6938 
17431 13915 
17432 3501 
17435 31014 
17439 25352 
17441 15441 
17444 2263 15418 
17449 2263 4570 13915 
17452 10177 
17455 1294 
17463 23433 
17474 39997 
17475 15783 
17482 22685 26290 
17485 4289 
17487 3551 
17493 24318 
17495 2263 13915 
17497 3469 14521 6388 1554 18854 3551 
17503 40220 
17510 26124 
17511 3501 12815 
17517 25676 
17523 9403 
17529 30064 
17531 25352 10486 30051 
17532 27076 24230 
17533 9608 
17534 21082 
17535 6055 
17546 4089 
17550 13915 
17553 2382 
17555 30051 
17556 12815 
17557 30503 
17558 18603 
17559 8774 
17560 2382 
17562 23842 1401 
17566 10016 
17568 17717 
17571 22361 28278 
17572 15679 
17574 2382 
17577 38439 
17578 27076 
17588 16688 
17611 13915 
17614 13915 
17615 35524 
17617 2199 
17627 24122 34856 22361 
17641 3551 
17642 16361 
17644 3551 
17652 39220 9601 
17660 27059 24230 
17662 9149 
17665 19783 
17666 11085 3551 
17671 30673 
17673 22361 
17676 6388 
17684 32914 
17686 4170 
17689 22095 9113 
17690 29806 34551 
17691 15783 
17695 28278 
17699 20731 
17700 33420 
17711 31953 
17712 39 
17717 9403 
17725 4570 
17726 9521 
17727 16652 
17730 30648 
17745 15783 15854 1380 
17756 13606 
17757 24970 
17759 23828 
17762 21158 
17767 18603 
17778 16486 
17782 10486 
17787 40385 35712 
17792 19513 
17801 26887 
17805 29621 16703 
17806 21312 
17811 29525 
17813 27216 
17819 27195 
17820 19783 
17825 40420 
17827 27195 
17840 17856 
17847 18128 18503 13282 3551 
17848 3873 
17859 4289 11024 
17860 23433 
17862 2263 10277 
17866 8522 
17869 8522 
17873 35374 
17877 4570 
17879 3469 
17881 27195 
17888 22921 
17890 26124 
17891 36756 
17894 28685 
17904 29350 
17906 39843 
17913 1590 
17919 22921 
17925 3129 
17926 27076 
17927 31688 
17928 10016 
17930 28236 
17934 3469 
17946 1253 
17947 3551 
17954 14665 
17963 39997 
17964 39830 
17966 26887 
17967 22361 
17973 17920 
17977 37602 
17982 17934 15783 
17989 5098 
17991 38675 
17993 4289 
17994 4570 
18000 3615 
18002 13477 
18014 13318 15232 4570 
18017 12105 
18020 11024 
18030 1590 
18035 12105 
18054 16725 
18066 17856 
18068 7551 
18071 39220 
18081 30216 39771 
18096 12406 1878 
18099 15232 13915 
18103 6055 30064 
18106 16760 
18108 9113 
18112 18503 
18114 29526 
18116 32966 
18126 29806 
18128 28299 
18133 27216 
18136 27076 
18140 3615 
18143 38745 
18144 17930 
18147 40220 
18149 2149 
18150 3501 
18160 4004 4289 
18169 38981 
18173 27076 
18176 27195 
18188 13915 
18192 27672 
18193 6124 
18196 10486 
18197 5927 14091 
18202 19733 28401 
18205 20529 
18222 3469 
18228 14521 
18233 27903 
18238 27076 
18241 40220 40420 
18245 3615 12105 
18248 27195 
18270 39 
18275 34610 15783 
18280 30278 
18292 33645 
18306 6938 
18315 12213 2382 
18317 39586 24230 27216 22921 
18318 38738 
18323 24230 
18324 30278 
18325 38439 
18326 31688 
18333 22361 
18335 22167 
18336 23857 24970 
18351 3615 
18359 40220 
18360 3615 
18364 12566 
18371 15854 
18374 15418 
18378 14906 
18387 30278 
18399 19274 30648 
18402 3469 
18406 18615 
18416 22433 
18434 35712 
18440 29806 
18447 15577 
18456 24230 
18471 5495 
18479 3615 39 3501 
18482 5860 
18483 4570 13915 
18491 36976 13449 17920 
18499 39843 31953 30278 
18503 24970 9601 
18506 29621 
18508 21158 
18510 33307 
18517 10486 
18523 30051 
18533 13915 
18540 18128 
18551 10228 
18553 11657 16361 470 
18554 14665 
18555 12030 4289 
18556 4570 
18571 18503 15164 
18575 24606 30673 
18577 13860 
18595 23857 
18596 2263 
18604 3073 13915 
18608 6754 
18617 15232 
18625 27569 
18627 29526 
18633 36845 
18639 16336 33803 
18640 23880 
18643 30278 
18645 28759 
18647 27216 
18658 3469 
18659 3501 
18664 39064 
18677 3615 
18682 37326 2382 
18685 8522 
18686 22820 
18689 22921 
18694 39220 
18696 22921 
18698 27076 
18699 22361 
18700 27216 
18703 10486 30051 
18705 4289 
18716 37951 
18718 2263 
18719 14836 
18730 37998 
18738 31688 
18742 14665 
18755 29370 
18759 14091 
18760 1380 
18763 3551 
18766 40521 
18779 15336 
18781 2960 
18782 7748 4289 
18787 3551 
18801 23857 
18803 27913 
18808 27076 
18809 26887 
18820 15232 
18825 4570 
18834 3615 
18836 39997 
18839 2263 
18846 28278 
18860 3469 
18861 4289 
18869 2794 
18883 37745 34757 
18884 22685 
18893 18503 
18899 8165 
18910 15746 
18915 4289 
18918 29526 
18921 25999 
18923 1597 
18925 19470 
18927 27913 38018 
18928 12815 
18942 22361 
18966 16486 
18969 2149 
18979 22361 
18981 22342 
18995 16486 
19001 29806 24230 
19006 9403 
19007 2263 13915 
19012 5789 23842 
19013 11657 470 
19015 3615 4289 
19019 22433 
19021 10486 
19025 13860 
19029 19513 
19036 21082 
19039 36422 38675 
19041 3551 
19044 26464 23857 22921 
19060 29449 3551 
19062 8193 
19065 40196 
19070 39 
19078 39 
19080 26124 
19088 26345 
19092 21158 
19094 26056 26128 
19097 35374 
19121 1867 16652 
19133 12566 
19138 9507 
19145 34065 
19157 40420 
19164 3551 
19171 18854 
19194 30278 
19200 25498 
19210 24606 
19213 1380 
19218 9358 
19230 5860 
19233 2382 
19237 5310 
19241 31619 
19245 2263 
19255 40196 
19257 31688 
19261 36388 
19271 7610 
19276 28299 26056 
19291 3040 
19293 23842 
19294 4289 
19298 9171 
19306 3615 
19308 27948 24230 
19311 39997 26073 
19314 22433 
19329 14615 
19333 30216 
19336 22055 40375 33803 3551 
19338 15441 
19346 17920 
19352 4289 
19367 2263 
19368 19513 
19370 2263 
19372 6694 
19378 25891 
19385 13915 
19387 36444 
19388 4004 
19390 22921 
19395 30278 
19401 14521 
19424 16486 
19426 5860 
19432 28401 
19433 39997 31688 24905 
19440 25114 26647 
19442 33307 
19446 3040 
19449 23857 
19463 3615 
19469 13915 
19472 25999 
19475 14091 
19476 33803 
19477 13915 
19482 19513 
19489 12566 
19490 11535 
19499 27076 
19500 22361 
19501 37602 
19508 21158 
19535 33064 
19542 23345 
19543 17254 
19546 3551 
19547 18481 
19548 23433 7765 
19559 27216 
19566 22298 
19568 3551 
19574 15439 
19578 2263 
19579 12105 
19582 1294 
19584 13915 
19599 22921 
19608 39771 
19613 2263 15418 
19616 16745 
19617 27121 27122 
19623 40385 
19624 38501 
19631 27903 
19635 39586 
19638 5171 
19658 1294 
19660 5860 
19666 4289 13915 
19672 30673 29806 9601 
19682 24230 
19692 4570 
19693 8774 9608 37998 
19697 37745 
19700 24569 
19701 39586 
19702 27076 
19704 12510 8545 7003 
19709 25891 
19716 2263 
19717 2263 4570 13915 
19718 15418 
19723 5385 9608 
19725 24230 
19740 13282 
19752 27076 
19757 28278 
19766 4289 
19768 26887 
19771 17856 
19785 1590 
19787 18503 
19795 2382 
19799 29621 
19803 40196 
19805 22210 
19807 22433 
19818 24275 
19827 10641 26887 
19840 27216 
19846 3551 
19851 39220 
19854 27076 
19861 17461 
19864 13532 
19866 14758 
19879 34856 22361 
19880 17930 12566 
19884 30278 
19886 40220 
19897 27076 
19916 26290 
19921 16703 
19931 6694 
19937 27216 
19940 24230 
19941 4089 
19943 33479 31260 
19946 1590 40029 
19953 27339 
19958 4289 
19961 15232 10262 3501 
19970 28236 
19972 2960 
19975 26128 
19977 22433 
19982 18503 
19998 1380 
20005 30051 
20017 31688 
20037 2263 
20039 19513 39 
20040 3615 
20041 2263 
20042 36976 
20052 17856 
20060 26533 
20061 32966 24275 24230 
20063 71 
20066 15418 
20069 2263 
20076 4570 
20089 31111 
20104 26124 
20113 2263 
20114 17856 
20121 33479 
20128 15336 19783 
20130 2263 
20131 18959 
20141 9790 
20142 3551 
20149 2263 
20152 15418 13915 
20154 10228 3615 4534 
20172 3501 
20174 1957 
20176 24230 
20181 27913 26887 
20182 24569 36198 
20186 36845 
20198 27195 
20201 31688 
20210 29525 
20212 2263 15418 13915 
20215 5840 
20217 31953 36798 
20221 10486 
20224 16545 
20231 32966 
20233 31688 
20241 2263 15418 1582 
20244 2263 
20247 15441 28866 
20255 13915 
20257 38501 
20258 15783 
20262 27216 
20264 30673 
20270 31953 26345 
20299 33479 19783 
20305 1554 
20307 4004 
20308 35524 
20310 2263 
20314 5098 
20319 36845 
20325 39843 
20336 12510 
20338 22361 23345 
20339 10955 
20346 14758 
20356 40029 
20357 16760 
20361 35374 
20364 38675 35374 
20373 5310 
20379 33307 
20380 22210 
20382 22361 
20384 21158 
20387 29350 
20389 29621 
20402 15418 
20404 28685 
20412 235 22072 
20421 1582 
20425 4289 
20426 13834 
20427 22095 
20430 16486 
20447 33645 3551 
20448 35633 
20455 26056 
20462 8675 9521 
20465 27827 
20469 3469 4570 15418 10277 13915 
20472 30051 
20473 22685 
20480 6361 
20481 39064 
20492 22433 
20493 13439 2960 
20496 36779 
20515 18603 
20533 5495 
20535 23433 
20538 4004 
20539 40304 
20541 32911 
20546 31079 
20547 30278 
20549 27737 
20550 15783 
20551 27121 
20557 12566 
20558 22921 
20562 37602 23991 
20564 27076 34856 
20567 38501 
20568 31047 
20571 25676 30673 
20584 22921 
20585 6388 
20586 13860 
20592 22433 
20604 27339 
20610 2263 13915 
20612 22095 
20614 2263 
20623 2382 
20624 3501 
20625 10486 
20634 33645 
20643 8012 
20651 36779 
20652 40220 
20668 38439 
20670 13860 
20671 15418 
20675 15854 
20679 34757 
20681 15418 13915 
20687 2794 
20689 13318 
20691 4289 
20693 1568 
20695 9790 
20696 14091 
20701 24318 36779 
20702 27216 
20703 8545 
20706 3501 
20711 1878 
20717 30051 
20723 2263 5840 
20725 12030 30827 
20727 4289 
20737 40385 38084 
20742 17313 
20743 13915 
20747 23433 
20749 19150 
20768 31688 
20769 19470 
20773 10125 
20778 21393 
20782 1253 
20794 22685 
20796 34856 
20804 21082 
20815 26887 
20818 3073 16486 
20819 2263 6124 
20825 27122 
20826 26887 
20829 10016 
20834 13282 
20838 3615 
20844 33803 
20857 26533 
20863 7110 
20865 22685 
20872 1380 
20880 4004 
20888 29525 
20895 19150 
20897 38501 
20900 36198 
20901 2263 
20907 3615 
20912 13834 
20916 28866 
20919 6388 
20926 39830 
20934 470 
20944 21158 
20947 36198 24230 
20958 21158 
20959 25114 
20960 18128 
20977 13834 
20988 33645 
20989 26278 
20990 36444 
20999 40385 32966 
21000 40029 
21013 24230 
21019 28685 
21025 40385 
21026 40420 
21030 6388 
21032 26869 
21036 6388 
21039 17313 
21044 29526 
21055 3501 
21061 15947 
21063 4570 
21067 2263 13908 
21068 17717 
21081 19733 
21085 35374 9358 
21094 18712 15746 2879 18128 
21097 1957 
21098 29731 
21102 10486 
21115 28236 
21120 3615 
21121 31688 
21129 1294 
21136 36976 
21145 15418 
21146 13915 
21150 3551 
21164 876 
21170 12406 
21188 32966 
21190 22685 
21196 3615 
21200 12566 
21206 40064 
21214 27672 
21217 2263 
21218 12003 
21220 16486 
21228 16361 
21233 19274 
21235 22921 
21238 14665 
21245 32914 
21246 15460 
21247 21790 
21252 23486 
21255 5193 
21258 36388 34065 
21265 4570 
21269 27122 
21271 2960 12406 
21274 2960 
21278 4570 
21279 4570 
21282 6388 
21283 6124 
21286 32193 
21297 27913 
21300 4570 
21310 27195 
21315 31688 
21325 39830 
21326 3501 
21328 25676 
21330 12406 
21340 14273 
21342 10177 
21344 9171 
21355 3615 19274 
21358 38439 
21368 30673 
21374 9403 
21379 14615 
21386 22361 
21391 39 
21399 22298 
21404 5860 
21407 19441 
21413 16688 
21414 3615 
21416 19513 
21417 2263 
21422 28401 
21423 2149 
21424 13318 13915 
21425 13860 
21430 36845 
21439 27569 
21454 35374 
21456 13337 
21460 23880 
21473 26516 
21475 3615 13915 
21478 1590 
21481 36422 
21482 27195 
21483 13606 
21484 11707 
21492 1380 
21496 4570 15418 13915 
21497 14091 
21498 2199 
21505 14665 
21528 27216 
21529 24970 
21534 2263 
21535 4289 
21536 24970 
21542 5789 30648 
21543 8774 
21545 13834 13679 
21548 38881 
21549 27076 
21556 10955 
21558 2879 
21561 10486 
21568 15947 
21572 7150 
21583 29567 
21598 3501 
21602 36832 
21608 18503 
21615 27076 23345 
21625 39997 
21627 15746 
21637 3469 
21643 8522 
21652 2382 
21657 2149 
21658 4570 
21662 31260 
21680 6124 
21682 22433 32279 
21699 27076 
21704 22342 14521 
21708 22361 
21711 13915 
21718 12105 
21722 3073 2263 16486 8774 4570 11363 
21741 31014 
21748 39 
21753 39808 
21756 2263 
21757 2263 
21762 2263 3469 13915 
21769 38501 
21773 26464 
21792 1159 
21793 22433 
21803 3615 
21808 24230 
21809 16486 
21813 3615 
21815 13915 
21819 4289 
21821 16545 
21822 21158 
21839 25676 
21840 26345 
21845 19513 
21857 2263 
21867 31014 13915 
21869 1582 
21875 33645 
21876 4289 
21883 38084 
21894 13532 
21905 2263 
21916 1878 
21927 34137 18503 
21942 17856 
21943 38998 
21946 21312 
21950 22361 
21955 36198 
21958 3469 
21960 40220 
21963 27948 
21968 19513 
21971 3615 
21975 15441 
21982 32966 
21984 24053 
21986 19150 
21987 16486 
21994 17856 
22003 3469 
22005 7748 3615 
22008 16760 
22010 35633 
22011 23548 
22015 38738 
22021 36756 
22028 29621 39 
22042 22685 
22053 3501 
22058 26290 
22060 26464 24275 24230 22921 
22075 13606 
22077 16486 9608 
22082 36832 
22087 3469 
22090 8522 
22093 27076 
22098 29621 
22102 28685 
22104 24230 
22105 40521 
22106 22433 24230 
22119 22298 
22123 2263 
22130 22685 
22134 27913 38018 
22152 10177 
22155 9113 
22163 3551 
22175 39 
22183 29806 
22184 22921 
22203 31688 
22208 29526 
22231 8165 1597 32911 
22233 13282 
22247 27076 26128 
22249 7505 
22258 12815 
22261 10955 
22263 17717 
22267 27076 
22268 22361 
22274 21158 
22281 16147 
22282 4289 
22296 23857 29567 
22299 3073 4570 3551 
22303 10125 
22304 2263 12315 13915 
22310 1380 
22315 39586 
22321 31014 
22322 18572 13915 
22328 3615 
22329 12510 
22330 3469 
22332 6246 
22338 6169 
22340 30974 
22359 27076 
22365 3615 
22367 37745 
22370 25676 
22375 22433 33307 
22376 30278 
22380 30278 
22389 22342 
22399 18425 
22412 28011 5860 
22416 2263 
22422 4289 
22450 9403 
22451 10955 
22454 13094 
22456 18712 
22459 4570 
22460 16745 13915 
22489 23828 
22491 33645 
22494 39830 
22500 34065 
22501 3551 
22502 34700 
22512 35977 
22521 12566 
22551 4570 
22557 2263 4570 
22558 2263 3469 16760 
22559 19513 
22564 18758 
22569 27076 29525 
22570 27076 
22575 21158 
22593 39841 
22598 22921 
22599 31014 
22605 17934 33803 
22608 2263 13915 
22613 1590 
22617 6874 
22620 5098 
22623 22055 
22626 2263 
22627 15418 
22637 38439 
22638 35801 
22646 13449 
22654 26124 
22657 38998 
22661 13915 
22673 29525 
22675 32659 
22687 30995 
22693 26533 
22695 19192 
22707 24318 30278 34856 26345 
22714 24606 
22718 22361 
22723 22210 30673 
22732 22361 
22739 21158 
22740 2487 
22744 40064 6169 
22753 6938 
22755 22361 24275 24230 
22768 4570 
22769 33479 
22777 4289 
22778 27216 
22796 24606 
22801 19835 
22802 35383 6124 
22805 30278 
22817 32528 
22819 34757 
22826 14753 
22829 33479 
22840 25676 
22851 5927 14091 
22853 18503 13282 
22855 1590 
22870 18712 15746 7551 
22881 33307 
22883 22921 
22894 38439 
22898 18959 
22916 40375 
22920 1597 22342 22055 
22935 39843 
22944 27913 
22953 1597 
22957 13532 
22958 4289 
22960 5495 
22963 1878 
22978 21158 35712 26887 
22988 24230 
22993 24230 
23008 25793 
23016 2960 
23017 31014 
23018 6055 
23021 13915 
23022 3551 
23030 34757 
23040 19513 
23051 14091 
23053 4289 
23057 33645 
23066 31047 
23072 2263 
23081 36845 
23088 39997 
23089 14615 
23094 22921 
23096 29525 
23098 2257 
23102 8165 
23109 4289 5860 
23117 24230 
23124 31260 
23126 22361 
23127 3073 
23130 13532 
23131 8193 
23140 26516 
23148 15418 
23153 31047 
23156 3873 
23157 31974 3129 
23159 17930 
23168 36444 
23174 40385 38084 
23176 31953 
23192 39 
23195 15783 
23214 6124 
23215 33479 36976 
23220 6124 
23230 19783 
23233 13915 
23237 13449 
23254 9171 
23258 12213 6694 
23263 2263 
23264 30278 
23267 34610 35801 
23272 3615 
23281 30051 
23295 20529 
23297 15418 
23304 13915 
23325 33645 
23329 26073 
23346 24230 
23349 26124 
23350 1159 
23357 39 
23366 24970 
23371 22921 
23383 6124 3551 
23390 3469 
23401 33479 
23403 36845 
23417 26073 
23422 27216 
23425 27121 
23429 22921 
23433 35383 
23434 2263 13915 
23436 15854 
23438 2263 
23443 39430 
23448 2263 
23450 31111 27216 
23452 40029 
23454 22361 
23458 30648 
23470 6055 
23472 13094 
23477 33645 
23480 17930 6055 
23485 7505 
23489 7748 
23492 33645 
23497 19150 
23510 24230 
23515 2487 9358 
23526 27076 
23528 3501 
23532 13094 
23545 28296 
23548 26124 
23549 39843 
23559 21158 
23560 29449 
23562 28236 
23569 13915 
23574 2487 
23577 31047 
23588 3615 
23590 40064 
23602 26073 
23604 14615 
23605 27076 
23619 23857 29567 
23623 4289 
23627 15441 
23634 38881 
23636 2263 4570 
23640 26869 
23642 34137 4289 
23647 3501 
23648 2263 13908 
23653 2263 14521 6388 8545 
23654 10177 
23655 33479 
23659 31953 
23663 36779 
23688 31974 4289 
23700 36779 
23702 30827 
23706 22361 24230 
23711 30278 
23712 21312 13860 
23719 21312 
23724 10228 2263 11363 9358 
23731 33064 
23742 31047 
23748 22361 
23749 15418 
23754 15783 
23755 2263 8774 
23761 1597 
23762 3615 
23763 13915 
23766 35801 
23767 40375 
23772 10252 
23775 3873 
23790 11085 
23791 36444 38738 
23800 14615 
23808 29350 
23825 13915 
23826 30278 
23835 2487 
23838 3469 
23846 19835 
23847 7551 
23851 33645 
23853 27672 
23854 40375 7765 
23856 5495 10955 
23859 19150 
23863 11024 
23869 2263 13915 
23873 6694 
23876 14665 
23880 15336 
23890 36388 
23893 30278 
23903 4289 10741 
23904 3469 
23908 40304 
23918 26073 
23921 26073 
23925 1294 40064 
23950 7150 
23960 5171 
23965 29526 
23977 29526 29350 
23980 35801 
23987 14521 
23988 9403 
23996 39843 
24005 10277 
24006 14521 10252 
24008 3469 
24013 29370 
24023 30648 
24024 31688 
24026 5789 3501 5310 
24036 2263 
24037 13915 
24046 15746 
24047 33064 
24053 3469 
24055 8165 
24060 3615 
24061 2263 13915 
24064 35977 9403 
24086 3501 
24088 14521 
24090 36976 
24097 27948 22361 
24099 22820 
24109 32193 
24110 18712 
24111 71 
24114 27195 
24127 23548 
24134 31619 30503 
24137 25676 
24149 30051 
24153 31688 
24163 27076 
24186 24122 
24188 24606 
24195 10016 
24201 33307 
24203 17717 
24206 14758 
24207 38738 
24208 10228 2263 6388 
24211 18425 
24223 7765 
24224 13915 
24227 13915 
24230 9608 1568 
24232 3040 
24233 6246 
24236 4289 6246 1253 
24244 13915 
24248 27913 13860 
24251 24230 
24262 24970 
24263 2263 10277 
24264 3469 
24265 40304 
24277 30673 
24282 21158 
24286 2263 2487 
24290 16703 
24291 28685 29525 
24293 24318 27059 27216 
24299 3040 1590 
24321 26516 10486 
24324 22921 
24329 2263 13606 
24338 28685 
24341 26345 
24349 3040 4570 
24360 3040 
24361 1401 
24364 18128 
24369 4570 
24370 2955 
24376 16486 
24379 21790 
24380 1867 
24382 26073 
24388 10262 
24390 21158 
24413 4289 
24420 7544 
24429 15947 
24430 39843 
24438 4289 
24445 29567 
24446 15439 
24447 15441 18615 
24452 13915 
24454 22433 
24457 3469 
24458 1294 14836 
24474 16725 
24487 3040 13915 
24488 22210 38084 
24491 30954 
24492 40196 
24494 2263 4570 
24500 24230 
24503 39997 
24507 3469 
24512 22433 24230 
24513 26647 
24521 3469 
24526 12566 
24529 5840 
24534 29526 
24537 29526 
24540 27569 
24546 29806 
24549 14615 
24578 4289 
24583 16721 
24585 27913 
24592 19835 14521 1590 2149 
24595 1294 
24599 13908 
24605 13532 
24606 38881 
24607 33645 
24608 11085 
24615 40420 
24623 34700 
24626 22921 
24628 14615 
24643 31079 
24659 30278 
24661 6938 13915 
24674 2263 
24678 29526 
24689 2960 
24703 32659 
24704 71 
24705 5840 
24709 15783 
24713 4289 30064 
24718 24275 
24722 28685 
24725 16545 
24726 27216 
24731 10125 10173 
24733 29525 
24740 21158 
24752 13834 
24755 26869 
24761 3615 33479 
24763 39771 
24765 39843 26887 
24767 3469 
24768 21158 
24772 13915 
24774 4570 15418 13915 
24783 10486 
24789 38675 
24807 24569 28296 
24819 3551 
24826 22921 
24843 28309 
24845 1957 
24853 20529 
24857 1294 
24872 1590 
24877 29370 
24881 36055 4745 
24897 33645 
24899 21312 
24903 25141 
24911 10486 30051 
24913 4289 
24918 8165 
24921 32279 
24922 23991 
24924 4004 
24925 24230 
24936 27195 
24940 4534 
24943 29567 
24944 10125 
24950 4289 
24951 5171 3551 
24957 4570 13915 
24962 12105 
24971 7765 15164 
24976 16486 
24981 13915 
24988 12510 
24996 3615 
25017 3551 
25020 15418 
25024 15418 1582 20529 
25045 4570 
25061 33064 
25066 12815 
25073 29526 
25080 29806 
25087 26128 
25096 26887 
25098 26290 
25101 3501 
25107 36798 
25108 14665 
25116 13606 37998 
25120 7551 
25124 7748 3615 
25125 13337 
25128 11657 37453 
25140 25676 
25143 22921 
25144 26124 
25169 13439 
25170 10173 
25174 12566 
25181 38501 
25186 20365 
25193 32911 
25194 18603 
25201 32528 
25205 2382 
25213 30278 
25222 30648 2199 
25226 4370 
25228 22921 
25229 27195 
25244 13915 
25246 32914 
25256 40220 
25258 16147 
25265 3073 16725 40375 32911 37453 16721 
25272 13282 
25276 14665 
25284 8545 
25304 39997 
25307 26290 
25308 27059 
25311 4289 
25312 21158 
25316 3615 
25318 3501 
25319 24230 
25328 4289 
25329 9403 
25345 39997 
25347 17313 
25348 13915 
25356 7551 
25357 9608 
25360 30648 
25361 3073 
25363 18128 
25368 6361 10088 3551 
25371 4570 12315 
25377 3073 2263 15232 9608 10257 27827 1590 13915 
25378 27827 13679 
25381 13547 
25387 24318 22921 
25398 39997 27076 
25399 24230 
25432 17856 
25434 4570 
25436 39034 
25439 36198 
25442 20365 
25455 19192 
25465 2263 26278 
25471 25498 
25477 1294 1253 
25478 24275 
25484 38738 
25485 31111 29806 22361 
25491 34065 
25494 37745 
25502 35633 
25507 18733 
25509 9113 
25516 1294 
25523 34856 
25524 13915 
25526 26647 
25530 3551 
25537 18572 
25540 2263 4370 
25542 4289 
25543 14273 
25553 26533 
25562 27121 
25580 31014 
25588 9113 
25594 39843 
25595 1590 
25596 15232 
25598 23486 
25599 7003 
25614 24606 
25623 2263 
25631 27569 
25633 24569 
25641 13915 
25642 3501 
25645 2263 
25647 3501 
25652 2263 
25653 11363 
25667 2263 4570 
25672 1554 
25681 3551 
25685 2263 13834 
25689 38501 
25690 19783 1957 
25708 22361 
25715 12003 
25717 19513 
25725 39220 
25726 37602 
25728 13915 
25731 7765 
25741 40029 
25743 18854 
25748 40220 
25768 4289 
25771 13915 
25772 27059 32279 
25773 4289 
25775 29567 
25777 6388 
25786 4570 
25789 14753 
25791 22298 
25794 15783 
25801 6124 3551 
25804 5193 
25807 5385 
25815 4570 
25816 17313 
25821 21158 
25825 22921 
25831 39 15783 
25833 22210 
25835 3073 
25838 2263 
25845 37951 
25846 14521 
25849 21158 38084 
25850 27121 
25854 24230 
25873 8522 
25881 4289 
25885 18854 3551 
25889 27737 
25892 26647 
25893 27569 22921 
25896 27076 
25899 29567 
25908 1957 
25913 5840 
25914 40304 
25918 17856 
25926 18572 
25929 39718 
25943 7551 
25944 33479 
25958 15418 
25964 4370 
25967 22095 
25968 2263 
25975 38228 
25982 21158 
25983 20731 
25988 9608 
25991 28866 
26004 13915 
26007 39586 
26008 30064 
26016 38675 
26023 1294 
26026 34610 
26029 13915 
26032 27076 26073 40196 
26034 14665 
26036 25498 
26041 12815 
26055 3615 
26094 23345 
26100 2263 13915 
26107 18854 3551 
26111 21158 
26113 10741 
26115 38018 
26127 36976 
26132 22433 36198 
26140 21158 
26147 15783 
26156 31014 
26159 39586 
26160 13282 
26168 17856 
26172 31014 
26173 3615 
26174 17461 
26180 12815 
26190 24318 
26194 21393 
26196 15947 
26197 39 
26200 32966 
26205 13834 
26208 8165 
26215 38439 
26222 22361 
26234 40064 27339 
26238 13915 
26250 25891 6361 
26252 15460 
26256 13915 
26259 17856 
26263 27076 
26264 38084 
26269 36779 
26274 28685 34757 
26275 38981 2960 
26280 1590 
26284 1597 
26290 27076 
26293 29567 
26295 13532 6246 
26310 10173 
26324 22361 
26329 21312 13860 
26332 16147 
26344 22685 
26345 4534 9113 6169 
26352 22921 
26360 4004 
26368 26345 
26370 1294 
26386 2263 22072 22342 1582 
26388 1590 
26395 9608 
26409 36198 
26415 38881 
26423 32659 16336 2960 6754 4745 
26435 21158 
26436 21158 39997 
26442 33479 
26445 29567 
26462 6124 
26464 40064 
26465 9149 
26468 6388 
26471 19274 37326 
26483 4289 
26485 39586 
26488 38998 
26498 33785 
26499 38439 
26519 38675 
26540 3501 
26548 18572 
26550 10741 
26554 12030 
26562 16486 8545 
26576 27569 
26578 15783 
26580 32966 
26581 13547 37602 10486 
26584 22210 
26598 24905 
26608 34551 39718 
26616 27076 
26621 36388 
26623 16486 1590 
26628 2263 10641 13449 4289 39 40375 1582 
26630 3469 
26642 1253 
26643 15947 
26646 7765 
26649 22820 
26658 13282 
26661 25498 
26662 7003 
26670 2263 4570 
26677 28278 
26680 27569 30673 
26682 25999 
26683 22921 
26688 26073 
26695 26533 
26711 30648 
26712 21158 
26735 19513 38881 25498 2872 
26738 4534 
26739 20529 
26746 5840 
26767 18959 
26768 35374 
26780 18481 
26781 3073 
26786 19783 3501 
26787 12105 
26798 40375 
26799 1878 
26800 39841 
26808 29526 
26810 21158 
26812 9507 
26818 22921 
26819 5840 3501 
26821 22361 
26828 34856 
26840 2263 39841 35383 10262 19835 27827 5840 14273 18572 10277 13915 16545 
26842 13860 
26855 12030 
26870 14665 
26877 1878 
26882 26056 
26884 24905 
26887 11535 39 15783 8522 13860 26887 
26902 28685 
26907 26516 25793 
26909 32966 24230 
26915 22685 
26923 7110 
26939 33645 
26943 2382 
26947 24275 
26948 30827 
26958 26124 
26962 28296 
26963 39586 
26976 24275 36779 
26989 23842 
26993 9113 
27003 30954 
27021 28685 
27022 21158 
27029 22685 
27036 24230 
27051 39586 
27055 23991 
27064 6388 
27067 33645 
27080 36845 
27082 24970 
27083 24606 
27084 31047 
27087 32749 
27096 3073 2263 1380 
27102 19513 
27104 22361 
27105 12566 
27117 18959 
27129 39 15783 
27132 10177 
27141 3551 
27142 5789 5310 
27146 15947 
27152 2263 31014 
27153 4570 
27156 5171 
27161 27076 
27163 17717 
27164 27913 
27169 27059 
27172 26887 
27176 22921 
27177 14615 
27181 26124 
27183 16725 
27202 15418 
27216 29567 
27220 14615 
27221 33064 
27222 17313 
27223 16486 
27224 29525 
27237 37602 
27248 17254 
27254 4370 
27263 9403 
27281 10641 24230 
27285 34065 
27287 10486 
27299 4570 1568 11707 
27304 24606 
27312 40064 
27316 35383 
27322 21158 39808 
27327 14665 
27329 22685 
27339 15679 
27346 19470 
27355 17856 
27361 24230 
27362 1582 
27375 17856 
27378 16760 
27383 1037 
27391 36845 
27402 38998 
27408 22361 
27414 27076 
27417 39064 38998 29525 
27428 11085 
27430 26345 
27433 18425 
27436 15746 
27438 9521 
27439 16545 
27444 25498 
27453 3615 
27454 36891 
27461 4570 
27464 71 
27465 23548 
27471 4370 
27480 27076 
27483 22433 
27485 27195 
27490 16760 
27492 27569 
27496 19783 
27501 29806 
27511 38018 
27515 24230 
27523 27076 
27526 36798 
27535 26533 
27538 15679 
27539 13915 
27540 2263 4570 
27541 2263 
27545 2263 
27548 4289 
27550 4289 
27551 3469 
27552 36976 
27557 27913 
27563 22361 
27585 33064 
27588 15418 
27595 12566 
27612 13679 
27615 38738 
27618 71 
27623 28685 
27626 34856 24230 
27637 28685 
27644 4289 
27662 39997 
27664 4570 
27674 2263 
27680 3469 13908 
27686 3073 
27689 17856 
27696 24230 
27708 8522 
27712 15746 
27717 22921 
27728 3615 
27729 2263 1582 
27731 21158 
27737 3469 
27738 27903 39718 
27750 18615 
27751 5840 1159 
27766 37326 
27772 36444 
27777 27076 
27793 27076 
27800 39586 
27808 29621 
27816 1380 
27822 14753 
27826 27913 
27831 22361 
27853 25676 
27854 29567 
27859 13834 28759 11707 1582 
27873 15947 
27878 22361 
27880 39586 
27893 22361 
27907 27195 
27915 4370 
27936 22298 
27939 32914 
27943 8545 
27949 30974 
27951 19274 12566 
27953 3040 
27967 5193 3501 
27969 14521 
27973 29806 
27980 40304 
27985 34610 
27991 30278 
27994 3469 
27999 1582 
28009 31014 
28010 17856 
28017 25676 
28026 30995 11104 
28040 34856 
28042 29526 
28051 40420 
28059 34551 
28061 3469 
28076 5171 
28088 33479 
28089 28309 
28128 35801 26887 
28136 40064 
28153 21158 
28161 28296 
28175 28685 
28185 3615 
28201 2263 
28214 23991 
28227 21158 
28230 16652 
28232 6388 
28243 39064 
28244 24230 
28248 10641 
28255 13860 
28263 3469 9608 
28280 2382 
28284 10486 
28292 14521 
28301 27076 
28304 36198 
28311 22361 
28317 3073 
28321 22361 22921 
28322 40420 
28323 22361 
28343 28759 
28349 7150 
28368 5098 
28385 27525 39064 38998 
28387 22210 
28388 27903 
28411 19783 
28414 31014 
28422 14665 7003 
28435 7828 
28459 4570 
28463 25999 
28468 15854 
28473 26345 
28475 38981 39843 
28480 28685 
28482 22433 
28485 22921 
28487 34757 
28491 22433 
28499 18572 
28504 2263 4289 
28505 39064 
28516 15418 
28519 1590 
28523 6388 
28548 24230 
28553 13915 
28555 1582 
28557 18425 
28559 28685 
28562 30827 
28569 10486 
28577 7828 
28581 39 
28603 1253 
28609 6361 18854 
28626 10486 30051 
28628 37602 10486 
28635 7505 
28648 29526 
28667 3469 
28669 15164 
28677 13477 37453 
28683 7551 
28694 3615 
28733 6169 
28737 18425 
28747 2263 
28749 27195 
28750 18712 
28752 16486 4570 15418 
28765 3615 
28769 27076 
28777 28685 
28783 2263 4570 13915 
28790 22210 
28804 36779 
28856 13282 
28857 39586 
28860 4370 
28871 32911 
28873 24230 
28874 23828 
28881 18854 
28905 13532 
28924 24230 
28929 29567 
28935 3615 
28937 23735 
28940 28685 
28949 22361 
28950 39841 
28955 1597 
28956 25999 
28981 27076 
28989 13449 
28991 37951 
28994 3615 
28999 33645 
29005 2382 
29015 39064 
29031 24122 22361 
29036 18959 
29040 34551 
29043 8522 
29048 17254 
29052 32914 
29057 3615 
29064 17934 
29072 28685 
29078 22921 
29085 33785 
29088 34856 
29090 15947 
29109 27525 
29110 1582 
29116 22210 36891 
29121 4570 
29122 6055 
29128 40064 
29133 22361 
29140 29526 
29162 26124 
29170 16336 
29175 25999 
29179 9113 
29188 30827 
29200 22361 
29201 28685 
29203 27076 
29256 3469 
29264 10177 
29267 9113 
29268 10257 
29272 4570 
29278 24318 
29281 24230 
29285 23345 
29299 7765 
29307 37602 
29332 13679 
29336 10641 
29337 24230 22921 
29338 40420 
29341 31688 
29347 71 
29357 29449 
29360 18128 5171 13282 
29371 13915 
29374 16336 30827 
29379 27672 
29397 2794 
29407 16336 30827 
29442 19783 
29444 4089 
29445 16545 
29475 19835 
29480 25676 
29481 22921 
29498 21158 
29499 38501 
29505 28759 
29521 36779 
29531 20529 
29547 22361 24230 
29552 5860 
29575 19835 
29581 8522 
29597 22361 
29605 26887 
29608 1380 
29643 10486 
29644 2263 
29655 24230 
29664 24569 
29666 15441 18615 1253 
29673 27076 
29681 22361 
29711 4570 
29717 4570 
29729 22361 24230 
29733 24230 
29734 25676 
29738 18128 
29739 15783 
29761 26887 
29768 24606 
29771 4289 
29782 13860 
29788 15783 
29814 16725 
29817 15783 
29845 31111 
