1 165 
5 431 360 389 165 
8 749 883 
9 1096 
10 1300 
11 389 1398 
13 1574 1541 
14 1670 
15 1791 
16 2041 
20 1791 1096 
22 2521 
24 2647 2635 
25 2635 
26 2754 2737 
28 2635 
29 3106 
33 3193 
34 165 
35 1096 
40 3540 
42 1300 
43 3106 
45 4183 2041 1096 
53 389 
54 4490 
55 1791 
63 4874 
64 4931 
65 4993 
76 4490 
84 1791 5428 
86 5565 
88 165 
89 5675 1300 
90 5726 
91 431 3540 1791 389 
92 5889 
99 1541 
101 5889 
103 1541 2521 
104 3540 
105 1791 
110 2635 
111 431 360 389 
113 6688 
124 6975 
127 7124 5675 
128 2737 
131 1791 7354 
135 7459 
137 1670 
138 2635 
139 1541 
142 7695 
146 7920 2635 
160 5675 4993 
163 4993 2635 
170 8504 
171 5565 1574 8620 8608 
176 8892 
180 1670 
182 9019 
187 1574 2635 
188 1574 4993 
189 3106 
195 431 
197 1541 
200 9638 
203 9720 
204 7920 
205 1574 
210 9954 
214 7459 
215 9720 
216 10064 
219 1574 
222 165 
241 1541 
244 5565 1791 
246 1398 
254 6688 
256 2521 
264 1541 
266 11787 
268 431 
272 6688 
296 6975 8608 
317 165 
326 12739 2635 
329 1574 
333 7459 
346 13132 1574 3106 
347 1096 
351 13268 
353 13132 6688 
360 13518 2647 
363 5565 
367 13641 
382 1574 
387 5565 8608 
393 13986 
396 1574 14170 14264 14206 9638 
408 3540 
414 2647 
417 6688 
419 2754 9954 
429 8620 
435 1398 
437 14968 
440 5428 
445 1096 
447 165 
448 4183 
465 15318 
467 9720 
473 1574 8608 15429 
479 9720 
484 15505 
485 2635 
490 15651 
494 165 
497 15651 1096 
498 15788 15839 
499 15872 
501 15913 
503 1670 
504 15988 
507 15651 
522 16154 
526 7920 
541 2635 
544 3106 389 
546 1574 
548 16667 16665 
553 16754 15651 
555 5565 
558 16667 
565 16907 
570 3106 4874 
573 165 
577 2647 17081 
580 17195 
589 4993 17081 
594 15651 
597 2635 
598 15872 16754 
603 2635 
604 2647 
605 1574 
609 2635 
614 17081 
623 17697 
627 2041 
629 2737 
633 15872 2737 
637 2635 
639 15429 
641 1096 
647 9720 
657 1791 1541 
660 18183 
675 15872 
677 1791 1300 
679 2041 
684 15872 
693 8620 18439 
710 165 
714 2754 
715 7920 
721 9638 
743 431 18837 
750 7459 
754 1791 2041 
764 5675 
765 19019 
770 15429 
774 2635 
779 19139 
781 2737 
787 17081 2635 
798 165 
799 2754 
803 2635 
806 165 
812 360 5565 
817 16754 
824 11787 9720 19465 
828 7920 
836 1670 
837 4993 
840 1541 
841 2635 
851 19681 
853 165 
863 4490 14264 
866 15988 15872 
869 19949 165 
870 5565 1398 
871 7354 
874 20054 
886 1791 3106 
892 7920 
897 1096 
903 431 3540 14170 1398 
905 19139 
918 15872 
921 2635 
923 20426 2635 20450 
927 2647 
935 1574 
938 17195 
940 2041 
942 7459 
952 1791 4993 
954 14968 
967 1574 20856 
970 1096 
981 20982 1670 1398 
982 2647 
985 5675 
991 13132 389 8892 
1009 21243 2647 
1010 13268 
1013 21264 
1024 2635 
1026 15318 14264 14206 
1028 15788 
1031 21354 
1040 13986 
1041 2635 
1056 3193 
1059 2647 
1069 165 
1070 5726 21786 
1081 21880 
1086 19019 
1087 1096 
1094 5675 2521 
1111 10064 
1118 5675 1300 
1123 22655 22444 22649 22476 22651 
1124 15788 
1134 2737 
1142 4183 
1160 22974 22938 
1164 1791 19019 
1174 23205 
1178 23248 2635 
1185 15651 
1188 15318 
1189 1541 
1194 165 
1199 2647 
1211 14206 
1217 2635 
1219 2737 
1221 1541 
1233 13268 
1240 23769 
1254 1541 
1258 22655 
1261 7459 
1262 431 3540 
1271 165 
1278 22444 
1281 22655 
1283 24304 22649 22938 24137 
1291 20856 
1295 2737 
1304 24430 22649 
1307 24137 
1312 24505 24568 22649 
1323 165 
1324 22649 
1325 24925 
1326 7354 
1327 1574 
1331 165 883 
1333 22655 
1338 25067 25043 
1344 22651 
1345 22651 
1346 15788 
1347 25174 
1352 431 3540 
1354 24505 24137 
1357 22476 
1363 749 
1365 2635 
1369 6688 
1370 5675 
1377 2647 883 
1379 2737 
1387 9720 
1390 25067 
1393 22649 
1396 5889 
1405 24505 22651 
1412 2635 
1413 19019 
1423 7459 20054 
1431 19019 
1432 24505 
1434 4490 
1439 1541 
1441 18837 
1445 3193 
1446 17081 
1449 2647 
1454 24137 
1455 22649 
1461 24430 
1471 17697 
1473 165 
1474 26198 
1480 15788 
1485 24505 
1491 4931 
1492 26259 
1496 1541 
1506 22655 22649 
1509 22651 
1511 17195 
1522 4993 
1527 26552 
1528 165 
1530 4490 
1533 15872 
1547 22651 
1590 5565 
1592 165 
1599 22649 
1600 24505 6688 
1605 15788 
1608 22651 
1611 22649 
1625 17081 
1631 2635 
1638 7124 21243 27420 27410 17081 
1640 19139 
1653 24430 22974 
1667 165 
1671 1096 
1684 24430 
1694 7459 
1705 13641 5565 
1706 15988 1791 4993 
1710 24304 
1723 22649 
1724 27931 
1726 24137 
1727 24505 
1733 19949 
1740 3193 
1741 22649 
1744 15872 
1752 2635 
1753 5565 5889 
1758 2635 
1759 15505 
1760 26198 
1764 23769 
1765 19681 
1766 28123 
1772 4490 
1790 22655 
1794 28315 
1797 24430 
1810 28370 17081 
1811 18837 
1813 2635 
1814 389 
1817 25174 
1818 5675 
1824 28469 
1843 883 2635 1096 
1845 22649 
1846 5675 
1848 28568 
1850 1398 
1851 28315 
1852 22649 
1853 28315 
1858 2754 
1864 8620 
1870 19465 
1872 2635 
1874 1096 
1882 8504 
1886 22649 
1898 27420 9954 
1902 2635 
1909 2635 
1911 2635 
1913 2635 
1917 1791 28123 
1922 15872 
1930 24137 
1935 25067 
1942 7920 
1959 22649 
1960 22651 
1963 15839 
1967 29225 
1971 29256 
1974 1791 
1978 24304 
1981 22476 22651 
2002 7920 
2005 22649 
2006 23248 
2026 22649 
2043 2521 
2044 2635 
2046 19949 
2061 2647 
2070 29753 
2072 24505 
2076 24505 
2079 22649 
2083 24505 
2085 24505 
2086 22651 
2087 28469 
2092 24430 8504 
2098 23248 
2104 6975 
2106 2635 
2112 18439 
2116 2647 
2125 2647 
2140 15872 
2148 15913 30203 
2150 21880 
2153 22651 
2154 13132 8620 
2172 24505 24430 
2179 24505 
2198 26198 
2199 2737 
2200 29256 
2202 1670 
2216 1541 
2222 1541 
2223 19949 
2231 2635 
2233 2635 
2237 30515 26198 
2239 16754 
2241 2635 
2262 15788 
2264 22651 
2271 1791 389 
2297 7920 
2310 27931 
2311 15872 
2318 2041 
2322 30759 2635 
2332 1096 
2340 30203 
2350 7920 
2351 165 
2352 1541 
2358 2635 
2375 24505 22649 
2380 30957 2635 
2382 15872 2635 
2386 29225 
2395 2635 
2398 26259 
2400 1670 1398 
2401 2041 7459 20054 
2405 1574 
2416 23205 
2421 31144 
2429 31191 
2436 165 2635 
2442 2635 
2446 15872 
2449 21243 
2453 7354 
2456 22649 
2473 5565 31378 
2478 2635 
2485 24505 
2486 19681 
2488 1670 
2489 1541 
2490 5565 
2494 21786 
2496 2754 15872 
2503 2041 
2506 15872 
2507 9720 
2520 31548 24430 
2531 2635 
2543 31636 
2544 2754 
2560 1398 
2566 22974 
2571 22651 
2590 18439 
2600 1541 
2602 7459 2635 
2626 15872 
2632 15788 
2634 1541 
2642 23248 
2647 23769 
2658 16667 1541 
2668 22476 
2670 31966 
2680 31378 
2686 30759 
2696 32032 15872 26259 
2709 9019 
2713 17081 
2717 24505 
2718 31191 
2723 165 
2728 7459 
2729 24505 
2746 165 
2764 14206 
2771 8620 2635 
2776 2041 
2788 10064 
2789 15788 
2790 22649 25067 25043 
2791 1096 
2795 15988 
2797 15505 
2816 20054 
2825 2041 7459 19465 1096 
2839 17195 17081 
2842 2635 
2864 22651 
2871 7920 
2873 15872 
2884 22938 
2885 30759 
2890 2635 
2892 32032 
2895 2647 
2917 7920 
2919 165 
2924 7459 
2930 30957 
2931 32672 
2939 2635 
2954 24430 
2960 165 
2972 360 
2978 16667 
2987 30759 
2994 31191 
3006 19139 
3007 15872 32901 
3013 1398 
3022 28123 
3027 15913 19465 1096 
3028 2635 
3034 14968 
3037 22649 
3042 22655 
3046 24430 
3047 31191 
3048 15788 
3060 28568 
3071 2647 
3094 33075 
3105 33094 
3108 19949 30759 
3109 360 
3111 21264 
3115 26198 
3116 22651 
3128 15505 
3129 13986 
3132 30759 
3134 19019 
3137 22649 
3138 15651 
3143 1398 
3148 2635 
3162 2635 
3163 4874 
3166 33398 
3169 22649 
3170 22655 22649 22476 25043 
3174 24505 
3187 1541 
3200 2635 
3205 2635 
3211 1791 4993 
3214 2635 
3216 23769 
3221 4874 
3227 33569 
3238 24430 
3241 22655 
3244 2635 
3250 33613 
3272 24430 
3277 31636 
3283 11787 
3291 2635 
3321 13268 
3324 21264 
3327 2635 
3328 24430 22649 
3330 22649 
3334 2754 
3338 15318 4874 
3349 31548 
3350 15988 
3352 2635 
3355 21264 
3358 24505 24430 
3373 7459 
3387 14264 18439 
3389 5675 
3391 2737 
3397 7920 
3408 30759 
3411 2635 
3412 1574 1541 
3418 22651 
3430 24430 
3445 3106 
3446 13132 1791 
3458 28568 
3474 15872 7459 
3477 5675 
3507 165 
3509 4183 749 
3510 7695 19139 
3518 24430 
3524 22655 22651 
3535 3540 2521 
3545 2635 
3557 8892 
3560 9638 
3561 34247 
3567 7459 
3582 7695 
3585 30515 26198 1541 
3588 25174 
3590 5675 
3600 34312 
3601 2635 
3607 15872 
3618 1574 
3624 24430 
3632 24430 22651 
3634 24568 
3639 31548 
3641 31636 30759 
3649 22651 
3660 24304 
3665 30515 
3673 15651 
3685 1574 
3688 2737 
3692 9720 
3693 10064 
3695 11787 31966 
3705 8892 
3711 22651 
3716 9019 
3739 2635 
3747 9720 2647 
3756 15988 1574 
3759 2041 
3769 22655 22651 
3770 22651 
3791 33075 
3801 34767 
3821 2635 
3832 165 
3841 4490 
3849 14968 
3850 4183 749 2041 
3856 15839 
3862 22655 
3865 22651 
3873 13268 
3877 14206 
3904 32032 
3908 23769 
3910 25174 
3916 11787 7459 
3923 2635 
3929 7124 
3941 35019 
3944 165 
3953 2647 
3972 22649 
3982 7354 
3987 22651 
3997 22655 35101 22649 22651 
4005 7459 
4011 8608 
4016 19139 
4029 2737 
4036 2041 
4047 24505 
4051 22651 
4056 749 6688 
4065 1574 
4084 17081 
4086 31191 
4087 22651 
4097 35215 
4104 18837 1398 
4110 8620 
4117 5675 
4122 24430 
4124 1398 
4125 7459 
4146 18183 
4156 31548 
4160 2635 
4164 10064 
4165 33569 
4166 24505 22938 
4169 22476 
4170 22651 
4181 8608 
4186 22655 
4189 165 2635 
4190 22649 
4191 5565 
4196 3106 
4197 2041 2635 
4202 749 6688 
4204 14968 7920 
4212 165 
4213 2754 
4220 28568 
4221 165 
4230 2635 
4260 9720 
4271 29225 
4276 4490 
4287 28370 
4298 19949 
4312 27931 
4329 165 
4350 2647 
4351 22651 
4356 1791 
4358 3193 
4362 19949 
4368 883 
4389 22649 
4399 7920 
4413 24430 
4416 2635 
4432 7459 
4446 165 
4452 5675 
4456 2635 
4459 31191 
4468 35774 
4485 27931 
4495 1096 
4496 4490 
4498 32672 
4508 3540 14170 1791 
4518 1541 
4532 4931 
4533 24430 22651 
4538 25067 
4539 2635 
4543 9954 
4547 17081 
4550 165 
4557 7459 
4559 33075 26259 
4563 35928 
4569 13518 
4573 22651 
4575 165 
4584 22649 
4589 19949 
4595 24505 
4607 2635 
4615 31966 29225 
4624 24430 
4638 33613 
4642 2754 15872 2635 
4648 36031 
4663 165 
4668 15872 
4671 24430 
4673 22651 
4681 15318 
4700 24505 
4740 19949 
4743 17195 
4753 2041 
4761 165 
4762 17081 8504 
4765 7695 
4778 22649 
4779 25067 
4792 1541 
4794 165 7920 
4810 1398 
4821 7920 
4826 2635 
4840 165 
4843 31378 
4845 19139 6688 
4846 2737 
4848 21264 
4849 7459 
4854 24925 
4855 22649 
4867 15988 
4875 30759 
4877 24430 22649 
4883 3106 
4894 2737 
4907 2635 
4908 2737 
4923 7459 
4925 2635 
4936 22651 
4942 165 
4947 28568 
4952 24430 
4958 15839 
4962 24505 22649 
4973 2635 
4993 1541 
5008 4183 19139 749 6688 
5009 15505 
5021 15651 
5044 36520 1398 
5052 2635 
5056 883 
5058 24505 
5060 22651 
5062 19949 17697 
5082 2647 
5086 5675 
5100 31636 30759 
5116 15872 
5124 31191 28123 
5162 27410 
5164 19019 2635 
5168 24430 
5171 13268 
5186 4490 
5208 27420 19949 
5214 4993 
5216 2647 
5221 15872 
5237 4490 
5241 19949 165 
5254 3540 
5265 22651 
5269 165 
5271 2737 
5282 1574 
5307 36772 36770 
5316 19019 
5332 28469 
5344 9720 
5345 4993 2635 
5354 2635 
5357 2635 
5363 165 
5364 35019 
5368 7920 
5378 33075 
5386 2635 
5391 28123 20856 
5396 31966 6688 
5412 23205 
5413 22444 22649 
5415 36772 
5425 2041 
5434 8608 
5436 8608 
5440 2737 
5446 4490 
5448 31378 
5451 15872 165 15788 
5455 9019 
5457 31191 13641 
5459 5675 
5465 36934 15872 13268 
5474 31636 
5480 18183 
5483 28469 
5512 20982 
5529 2635 
5546 16907 
5551 23769 
5555 27931 
5561 27931 
5565 24505 
5568 24137 
5580 25174 
5588 22651 
5591 2635 
5608 165 
5609 1791 
5611 5726 
5623 30759 
5646 22938 
5667 22651 
5684 2737 
5700 2635 
5705 4874 2737 2635 
5708 30515 
5716 16154 
5718 23205 
5722 165 
5726 9720 
5727 27931 
5731 24430 
5734 24505 
5743 165 
5746 30515 26198 
5754 1791 15429 
5756 31636 
5757 4931 
5773 2635 
5784 2635 
5796 2041 883 
5798 21786 
5814 24430 
5821 24430 
5854 24430 
5868 22651 
5873 16667 
5879 16667 11787 7459 
5883 37314 17081 
5885 20982 
5894 15505 
5897 165 
5905 11787 15913 
5907 1541 
5911 32901 
5919 5565 
5922 1574 
5936 24304 2647 
5945 22655 
5952 27410 
5954 24430 
5969 29256 2635 
5986 15872 
5995 27410 
6009 20426 
6022 24430 22651 
6023 22649 22651 
6052 23205 
6057 22649 
6060 36934 
6064 4490 
6068 21786 
6088 35928 
6090 22649 
6101 13641 
6115 22651 
6118 27931 
6128 24430 22651 
6146 165 
6147 5675 
6148 34247 
6153 21243 165 
6166 3540 
6175 2635 
6178 165 
6186 31191 165 
6190 7920 
6199 22649 
6213 6975 
6229 21880 
6245 8620 
6251 25067 
6265 165 19019 
6276 165 
6281 2647 
6300 2635 
6308 13641 
6310 30759 
6313 15872 
6317 28568 
6331 2647 1398 
6335 13132 
6340 31636 30759 
6341 165 
6356 14170 
6363 15872 
6393 20982 
6406 165 
6414 165 
6422 17697 
6425 18837 
6428 4931 
6434 2635 
6444 24505 
6473 165 
6492 165 
6495 22651 
6497 8608 18439 
6500 36772 22651 
6505 31966 
6507 2635 
6523 6975 5565 1574 1791 14206 
6525 16667 16665 
6527 1574 3106 
6536 4183 13518 5565 37868 16754 
6546 28123 
6547 11787 
6549 1096 
6565 28469 
6581 24137 
6592 1541 
6593 2635 
6597 2754 
6598 33569 
6601 37942 
6626 24430 
6630 37959 
6635 165 
6639 31966 
6648 24430 
6659 5675 
6663 16667 
6694 29225 
6700 37959 
6717 2041 
6721 2754 15872 
6729 4490 
6774 33075 
6776 15872 
6781 2635 
6784 2737 
6788 17081 8504 2635 6688 
6820 8504 
6842 2635 
6845 11787 31966 
6859 2635 
6872 15651 
6884 29225 
6892 19949 
6896 22651 
6902 2635 
6903 28370 
6912 22655 
6914 24430 
6918 1541 
6931 1574 
6939 7354 
6945 5565 
6953 24505 
6957 22476 
6962 1541 
6972 165 
7006 26198 19949 
7013 26552 
7020 31966 
7028 22655 24430 22649 
7031 22651 
7041 24505 
7080 4490 
7081 35215 
7087 28370 
7092 6688 
7094 24430 22444 
7111 11787 
7113 15988 
7121 17081 
7124 19949 
7127 16667 2635 
7130 17081 
7152 30203 
7163 16754 
7164 22655 
7168 24430 
7172 19949 
7174 7459 
7181 29225 
7190 19949 
7191 37959 
7194 165 
7210 23205 
7211 4993 
7212 38429 
7227 2635 
7234 883 2635 
7249 37942 1791 
7274 24430 
7275 34312 35774 
7279 360 
7285 22651 
7309 16907 
7310 21264 
7326 2635 
7356 22651 
7366 28123 
7384 15872 
7391 8608 
7405 24505 22649 22476 
7406 38596 
7437 27420 
7442 38634 
7443 33094 
7454 7920 
7460 3193 
7463 2635 
7471 25067 
7474 22649 
7478 22655 
7480 31548 
7481 15839 
7494 7459 
7506 24505 
7513 22974 
7534 1791 31378 7920 
7537 1791 7354 
7539 31378 
7540 2635 
7546 22651 
7549 15788 
7553 31966 
7561 22649 
7573 24430 
7574 3193 
7576 22651 
7589 32672 
7591 22651 
7595 3106 18439 14206 
7602 21264 
7608 2647 
7609 1574 
7612 2754 
7618 35019 
7621 1574 
7622 8608 2635 
7626 13986 
7627 7459 
7635 22649 
7642 30203 
7657 165 
7663 22651 
7665 4490 
7675 22938 22651 
7687 7354 
7704 4490 
7717 38596 
7726 30515 26198 165 
7727 1541 
7731 15839 
7732 2635 
7739 22649 22651 
7755 7920 
7761 24505 
7775 22651 
7789 14206 
7805 36031 
7833 2647 
7841 4490 20856 
7858 13986 
7863 37942 
7867 2635 
7869 2635 
7875 38883 15651 
7880 23205 
7883 33569 
7884 24505 
7897 31548 
7907 2647 7354 
7916 15872 
7919 20856 
7946 33398 
7949 31548 
7950 27931 
7951 22651 
7965 30203 
7966 22974 22938 
7967 22974 
7980 1574 
7981 23769 
8005 7920 
8017 35101 
8028 14170 
8045 33569 
8057 2635 
8058 4490 
8059 2635 
8063 37868 
8066 20054 
8068 22651 
8099 22655 
8106 24505 
8109 29256 
8111 22651 
8115 3540 
8125 7459 
8126 4490 
8144 1541 
8155 14264 
8164 19681 
8221 10064 
8229 2635 
8239 17697 
8240 9720 5726 
8249 21243 
8262 11787 
8268 16667 
8269 2754 
8275 1541 
8282 28469 
8291 22444 
8293 30203 
8297 19681 
8301 22655 
8311 165 
8314 34247 
8315 1791 
8316 36031 
8322 22651 
8324 2635 
8325 165 
8328 15429 
8347 2635 
8354 19949 
8367 15913 1096 
8368 7695 
8374 35019 
8382 35215 
8410 1096 
8439 1574 
8452 22649 
8460 31191 
8461 1791 
8465 1398 2521 
8480 39149 
8481 14968 
8515 1791 
8528 7354 
8533 13986 
8537 5675 
8540 9638 
8553 21264 
8554 2737 
8574 24505 
8576 28469 
8586 5675 
8599 7459 
8613 165 
8616 28315 
8618 4490 
8622 1791 
8623 2635 
8655 1541 
8657 1574 
8658 37959 
8666 4490 
8667 7695 
8673 33075 
8678 4993 
8692 37868 15839 
8698 39281 
8701 22649 25067 
8709 165 
8710 24430 
8716 18439 
8724 7124 5889 
8745 7459 
8764 16667 
8798 16907 19949 
8808 431 
8820 12739 1791 
8825 17081 1096 
8846 30759 
8852 8620 
8869 1398 
8887 2635 
8891 22651 
8904 4490 
8909 20856 
8914 30957 
8927 3540 
8929 20054 
8937 2635 
8941 5565 
8943 5565 
8944 165 
8945 15913 
8946 2737 
8948 22651 
8952 22655 
8961 24505 
8962 22651 
8974 29753 30203 
8983 16665 
8986 24505 
9018 33569 
9021 36772 22649 
9035 2635 
9045 15839 
9052 16907 
9056 20856 
9067 22649 
9074 22651 
9083 24505 
9084 13132 
9086 24505 
9127 24505 
9129 28469 
9132 3106 
9135 14206 
9141 22655 
9165 13986 
9169 28568 
9187 24925 
9203 7354 
9218 1574 
9240 4931 
9256 16665 
9262 22651 
9268 22651 
9283 19949 
9300 22651 
9307 2635 
9309 21786 
9310 22651 
9319 22649 
9339 165 
9340 165 
9353 2635 
9358 883 
9359 30759 
9361 2754 
9366 7354 
9380 24505 
9383 35101 36770 
9412 2635 
9416 2737 
9422 2635 
9429 4993 
9453 25067 
9455 13641 
9475 16154 
9481 22655 
9488 165 
9505 5889 
9508 28123 
9513 2647 17081 
9517 26198 
9528 27931 25067 
9533 34247 
9550 22655 36031 24137 
9552 4490 
9553 39149 24925 
9562 28568 
9568 2635 
9571 165 
9578 2737 
9608 165 
9616 22655 
9617 7459 19465 20054 
9639 11787 
9650 4490 
9653 27410 
9664 22651 
9674 7920 
9736 16754 
9739 16754 
9741 19681 
9755 13986 
9756 31191 
9771 2647 17081 
9776 24430 22649 
9785 26198 
9794 22655 23205 
9804 5675 
9805 8504 
9813 18183 
9814 360 
9821 36031 
9840 24505 
9855 29256 20982 
9872 24505 
9875 36031 
9882 29225 
9883 20982 
9896 17195 
9911 37314 
9918 8608 
9926 389 
9936 165 
9951 1791 
9958 7354 
9960 24430 22651 
9965 2635 
9975 2041 1096 
9977 13641 
9978 26259 
9981 3106 
9982 4490 2635 
9987 2635 
9997 29753 
9999 22651 
10005 1541 
10015 28469 
10018 27931 
10020 38634 
10027 4993 
10033 19465 
10042 2041 1096 
10056 23205 
10067 28315 
10071 1541 
10080 1541 
10087 15872 16754 2635 
10090 6688 
10092 15872 15788 
10116 1541 
10127 15651 
10132 22649 25043 
10135 22651 
10146 22444 
10160 1574 14170 
10166 9019 
10171 18183 
10180 7920 
10185 7459 
10213 24505 
10223 21354 
10225 24430 
10236 1541 
10237 1398 
10251 26552 
10266 5889 
10271 19949 
10273 2647 
10281 2647 
10286 4490 
10287 15988 4993 
10296 2041 
10311 36772 
10337 30759 
10339 6975 
10357 26259 
10370 22651 
10377 360 
10392 38429 
10394 31191 
10397 22649 22476 
10399 30957 
10404 2647 
10421 30515 
10440 35774 
10452 31636 30759 
10457 29256 
10462 165 
10468 1574 
10492 2635 
10498 1791 
10508 2635 
10518 35101 
10533 1541 2635 
10535 2635 
10538 2635 
10543 2647 2635 
10548 13986 
10561 3106 
10568 21243 
10569 165 
10577 29256 
10605 30759 
10611 24505 
10619 28469 
10624 22649 
10630 32672 
10635 165 
10636 4993 
10638 2635 
10649 1300 
10670 1574 3106 
10671 1398 
10679 23248 
10687 26552 
10688 28568 
10693 1574 
10695 1791 
10697 1541 
10699 1574 
10701 2635 
10716 22651 
10717 27931 
10747 1574 
10755 38596 
10759 14206 9638 
10770 31636 30759 
10782 22649 
10791 1574 
10799 7920 
10812 3106 1096 
10816 4993 
10818 4993 
10821 35019 
10833 23248 
10839 4993 
10845 39149 
10852 7354 
10854 2647 
10856 26198 
10869 5889 
10879 22649 
10890 165 
10894 4993 
10896 24505 
10902 5889 
10918 27931 
10927 17195 
10936 7920 
10941 15988 4490 
10942 15651 
10946 19949 
10949 16665 
10969 7695 
10995 23248 
11008 165 
11013 30759 
11016 1574 
11027 2647 
11033 28315 
11043 23248 
11045 2635 
11055 23248 
11056 5675 
11060 30759 
11074 4993 
11087 1574 
11091 24505 
11098 22655 22649 
11117 27410 
11122 2635 
11140 3106 
11142 2635 
11144 1398 
11153 22651 
11162 15988 
11171 1574 
11176 15872 
11187 8620 
11188 13986 
11196 28123 
11214 4490 
11232 18837 
11243 2647 
11257 28568 2635 
11268 7920 
11273 165 
11293 15988 2647 1791 3106 1541 
11320 2635 
11343 31191 
11381 15872 32901 
11389 14170 1791 
11415 3106 4993 
11422 4490 3106 
11424 7354 
11443 1541 
11454 22651 
11471 1541 
11481 35774 
11482 5428 
11487 28370 
11488 2635 
11519 31191 
11525 26259 
11527 165 
11535 2635 
11536 3106 
11540 19681 165 
11542 17081 
11543 19949 
11544 8620 
11546 5889 
11548 7459 
11552 7459 
11567 9019 
11571 2635 
11592 4490 
11601 8504 
11613 20054 
11623 2635 
11627 883 2635 
11636 2635 
11638 4490 
11644 17081 
11648 35215 
11659 7459 
11675 38634 
11696 15988 
11699 2635 
11741 14264 
11749 8892 
11751 14264 
11754 2041 
11756 28123 
11757 20856 
11771 2041 
11782 7920 
11783 1541 
11784 3106 
11788 32032 
11791 23248 
11803 37942 
11804 8620 
11811 33075 7459 
11817 23248 
11834 1574 
11841 2635 
11843 4993 
11844 1541 
11848 23248 
11875 28315 
11877 39149 13132 1398 
11884 4993 
11891 4490 
11901 23205 
11904 165 
11914 34312 
11937 19465 
11946 1541 
11953 3540 
11954 32032 
11961 29225 
11965 34312 
11968 14264 
11983 15988 
11990 4490 2647 8620 
11992 15988 
12004 28469 
12013 15988 4993 
12016 1541 
12034 13641 20856 
12037 22651 
12048 8620 
12077 5428 
12081 7920 
12090 21786 
12095 2635 
12125 7124 
12130 17081 
12138 13518 
12139 22651 
12141 4490 
12164 28568 
12166 3106 
12195 9638 
12203 1791 
12205 40137 
12207 165 
12217 7354 
12218 13986 
12228 23248 
12241 15988 
12255 29753 
12267 2635 
12269 2635 
12278 2635 
12282 5889 
12283 19949 
12284 32032 
12285 5565 
12289 38634 
12297 1541 
12298 2635 
12317 15872 
12318 35019 
12320 7459 
12323 1574 
12354 8892 
12358 1398 
12368 1541 
12369 1398 
12370 1791 
12371 1574 
12372 1541 
12384 1096 
12415 20982 
12418 31144 
12431 2635 
12436 2647 
12440 2647 
12462 22651 
12488 15872 
12500 22649 
12515 19949 
12518 1791 
12522 20856 
12529 165 
12537 2635 
12544 31144 
12547 7920 
12548 35928 
12552 1791 7354 
12556 1398 
12565 22649 
12566 24430 
12598 18837 
12614 1398 
12616 1791 
12619 883 2635 
12622 15872 
12656 8620 
12657 2647 
12662 2635 
12674 2635 
12676 37868 
12688 7920 
12692 2635 
12694 2635 
12696 1541 
12700 2635 
12701 5565 
12704 1574 
12708 39281 
12711 8620 
12713 431 
12715 5675 
12732 1791 
12743 1574 
12755 31548 
12759 40242 
12768 21354 
12783 165 
12827 431 
12830 2635 
12832 3106 
12851 15872 
12859 13641 
12861 2635 
12864 17081 
12883 35928 
12900 15872 
12909 20982 
12913 33075 
12930 33094 
12933 16907 5726 2635 
12937 5565 
12938 35101 
12940 13268 
12946 36770 
12963 165 
12969 38634 
12983 4931 
13001 2635 
13010 2041 
13012 1574 165 
13025 165 
13038 31636 
13061 24505 
13095 5565 
13098 20450 
13101 34312 
13107 21243 
13108 19465 
13127 20982 
13148 32672 
13151 2635 
13155 2635 
13163 22649 
13191 31191 
13195 5675 
13216 1541 
13235 5675 
13236 1791 
13242 19139 2041 
13251 883 
13260 24568 
13264 35101 
13273 22651 
13280 22651 
13281 32032 
13282 32032 
13292 31548 
13303 21880 
13324 2737 
13325 39149 
13328 1541 
13348 1791 
13352 30759 
13356 17081 
13360 26198 
13363 15318 2635 
13364 4490 
13368 7920 
13413 2635 
13416 17081 
13419 13641 
13428 24925 
13446 4490 19019 
13456 2737 
13467 1541 2635 
13471 16667 16665 2635 
13472 38883 
13479 2635 
13480 7124 
13508 165 
13512 2635 
13530 30203 
13541 15839 
13545 26552 28123 
13546 14206 
13551 22651 
13556 29753 
13576 24505 
13578 15988 
13602 28315 
13609 15872 
13612 24304 
13616 36934 
13620 165 
13624 2521 
13625 24925 
13628 1791 
13646 7920 
13654 165 
13658 2635 
13663 35928 
13669 23205 
13684 24568 
13701 24505 
13707 40137 
13711 33094 
13724 22651 
13726 1541 
13732 19019 
13743 2635 
13748 2737 
13752 20856 
13770 2635 
13774 5565 2635 
13795 25174 
13797 360 
13801 7124 
13814 19949 
13815 25174 
13821 33613 
13824 15788 
13825 35101 22651 
13828 165 
13837 25067 
13845 28123 
13861 4490 
13870 1541 
13885 1398 
13903 2041 
13943 24430 
13944 2647 
13952 24505 
13965 24430 
13971 3106 
13982 40454 
13994 20982 
14008 5565 
14009 35215 
14014 15505 
14015 2635 
14026 2635 
14053 30759 
14054 39281 
14059 33569 
14064 36770 
14065 29256 
14077 14264 
14082 2635 
14106 7459 
14109 165 
14111 165 
14113 4490 
14125 7459 2635 
14137 22655 22649 
14146 15839 
14190 13132 
14196 2635 
14212 36031 
14252 24505 
14261 19681 
14278 2635 
14285 4993 
14287 9638 
14289 7459 
14309 1541 
14312 24505 25043 
14318 19949 
14324 1541 
14327 30759 
14355 22651 
14376 24505 
14380 2635 
14382 23248 9019 
14388 4490 
14396 24430 
14398 1541 19019 
14406 22655 
14408 5675 
14414 38429 2635 
14435 22651 
14436 5675 
14460 24505 
14472 24505 
14485 2635 
14496 26198 19949 
14498 2635 
14502 22651 
14503 165 
14524 165 
14530 5675 
14549 2041 
14556 25043 
14558 4993 
14594 2041 
14602 22651 
14603 27420 2737 
14619 38883 
14643 1541 
14647 7920 
14653 5726 
14654 4490 
14655 2647 1791 36520 
14676 5565 
14681 24505 
14692 22649 
14700 36934 
14713 1791 
14721 13986 
14727 7354 
14740 22655 
14748 30203 
14750 24430 
14766 22655 
14772 9954 
14773 35101 22649 
14775 28370 
14784 22974 
14795 7354 
14798 22651 
14818 25067 
14822 27931 
14836 24430 
14841 3540 
14843 22649 
14851 360 
14857 27420 
14859 16667 
14866 9954 
14871 8504 
14880 17081 
14889 1096 
14907 29753 
14908 22655 
14915 22655 22651 
14920 22655 
14932 2635 
14933 38883 
14938 24430 
14941 24505 
14942 22655 
14957 22655 25067 
14963 13986 
14973 16907 
14979 26198 
14985 4874 
14992 22651 
15003 25067 
15023 27420 
15032 25067 
15066 9019 
15067 5726 
15075 17697 
15083 27420 
15097 8620 
15103 3106 
15112 1574 
15122 23205 27931 
15157 28568 
15158 39149 15429 
15165 22651 
15179 24505 
15187 165 
15196 1541 165 
15206 37314 28568 
15208 32032 
15209 165 
15211 38634 
15218 165 
15232 30515 
15234 165 
15242 7124 
15250 5565 
15273 24430 
15276 22651 
15282 25067 
15290 165 
15301 31378 
15302 22651 
15323 16667 7459 
15329 15988 
15333 14264 
15334 13518 
15335 30957 
15370 24505 
15384 13641 
15396 3193 
15400 2647 
15407 2635 
15426 33094 
15427 22655 
15444 22651 
15455 13132 
15457 1398 
15459 22651 
15464 2737 
15465 5565 
15467 5565 
15470 16907 
15472 40624 
15476 33094 
15478 1670 
15481 1791 
15494 4993 
15499 9954 2635 
15505 165 
15515 23248 
15524 165 
15531 7920 
15536 33094 
15595 33613 
15612 22651 
15613 22651 
15625 16665 
15629 24430 
15638 1574 
15671 24505 
15682 22651 
15700 165 
15703 4490 
15715 31636 30759 
15725 1791 
15729 4490 
15732 22649 
15733 1541 165 
15745 21243 
15758 22649 
15771 35019 
15784 8608 
15786 24430 
15793 2737 
15810 883 
15828 24505 
15831 38883 
15840 22651 
15843 3193 
15847 2737 
15853 165 
15857 9638 
15880 24505 
15900 22655 22651 
15908 165 
15909 14968 
15911 14206 
15914 34247 
15916 32672 
15937 5565 
15941 17697 
15946 16907 
15951 1541 
15956 30759 
15957 31636 
15960 2041 
15971 32672 
15976 17081 
15982 2754 
15992 35019 
15993 20856 
16012 16154 
16031 24137 
16036 3106 
16037 22655 
16040 36772 33569 
16050 22974 22651 
16051 2635 
16061 8608 9638 
16071 2635 
16087 24430 22974 
16090 33398 
16091 15839 
16093 2635 
16117 38429 
16143 12739 
16171 39281 
16172 15839 
16173 22655 22649 
16174 33094 
16180 165 
16191 22649 
16199 22655 
16201 20450 
16207 7459 
16209 2635 
16214 24304 
16226 1574 
16230 31191 
16231 26198 
16235 14968 
16236 883 
16251 13268 
16256 22649 
16282 22651 
16290 5428 
16292 1398 
16298 1791 
16317 165 
16322 15429 
16334 22651 
16360 22649 
16361 3193 
16364 21354 
16370 22651 
16383 4490 
16385 20982 
16395 2041 
16405 165 
16417 8608 
16442 2635 
16445 13986 
16465 15839 
16483 2647 
16497 2635 
16510 2521 
16525 36770 
16529 165 
16532 33569 
16534 16154 
16558 24505 22974 38596 
16565 27931 
16578 2635 
16584 16665 
16586 4183 
16596 22649 29753 
16601 22651 
16621 22651 
16636 15318 
16646 9638 
16695 30759 
16696 22651 
16705 24568 
16713 15318 
16720 16907 
16729 165 
16747 15839 
16749 24430 
16754 27931 
16770 33094 
16773 19949 
16777 13986 
16789 2647 
16801 6688 
16804 17081 
16807 2521 
16808 1541 
16809 7459 
16812 22651 33569 
16826 2635 
16844 22655 22974 
16853 12739 
16869 40624 
16871 22651 
16873 2635 
16891 31548 
16894 165 
16905 37959 
16912 19019 
16924 14968 
16931 1791 
16937 30759 
16943 8608 
16944 26198 
16946 5675 1300 
16965 22655 22649 
16983 30515 
16984 11787 
16993 22651 
16996 24505 
17000 165 
17005 25043 
17020 165 
17022 28469 
17038 11787 13518 19139 749 
17044 1574 
17051 22651 33569 
17056 24430 
17063 24505 
17067 22476 
17080 15872 
17095 2737 
17104 28568 
17125 24505 
17129 1791 
17132 7695 
17147 24430 
17154 2635 
17171 26259 
17172 22649 
17173 24568 22649 
17180 30203 
17188 30759 
17190 23769 
17193 36520 
17194 165 
17207 165 
17209 1541 
17213 27410 
17216 17081 
17219 2041 
17221 24505 36772 
17226 16667 
17236 24430 22651 
17240 33613 36772 
17246 165 
17248 31548 
17249 22651 
17251 20450 
17258 20450 
17279 19949 165 2635 
17296 24568 
17304 22651 
17310 21880 
17337 2635 
17359 2737 
17374 24568 
17393 34312 
17405 28469 
17406 19019 
17407 2635 
17413 22651 
17433 2737 
17436 17081 
17443 39281 
17447 10064 
17450 4874 
17455 5675 
17459 2635 
17464 5675 
17466 16667 23248 
17470 883 
17472 24505 
17475 16667 15872 
17480 2647 
17486 22651 
17491 40772 
17493 36772 22651 
17494 9720 
17497 1791 7354 
17498 33398 
17530 7920 
17538 4874 
17545 16665 
17556 2635 
17559 6975 14206 
17562 431 389 1541 
17569 27931 
17584 31144 
17589 24505 
17594 165 
17595 22651 
17603 2635 
17606 18183 
17613 1541 
17627 22651 
17634 39149 
17637 16667 
17641 165 
17642 11787 
17658 22655 
17660 22651 
17661 39149 
17666 4490 28370 17081 
17686 33075 2635 
17695 24568 
17699 22649 
17725 17081 
17732 13268 
17733 7354 
17743 22649 
17753 24430 22651 
17769 24430 
17773 2521 
17780 15839 
17782 165 
17792 13641 
17834 22651 
17843 40454 
17847 26259 
17849 33094 
17855 7920 
17857 2647 
17865 30957 
17866 1541 
17867 360 
17874 165 
17899 22651 
17902 19949 
17907 3540 
17919 22649 22651 
17925 20856 
17963 24505 
17971 24430 
17977 19949 
17982 4183 
17989 2635 
17999 24505 
18000 34247 15429 
18002 17081 
18004 30203 
18005 22649 25067 22651 
18006 5565 
18015 5565 5675 
18021 165 
18022 15913 
18083 38429 
18093 1791 
18115 22655 
18119 22651 
18127 26198 
18136 24505 
18145 35774 
18150 5565 
18163 1574 
18170 22651 
18200 37314 4993 
18218 165 
18225 2635 
18233 36772 
18236 22655 
18251 1398 
18254 15872 
18265 24505 
18267 22649 
18270 15788 
18271 36770 
18274 22651 
18275 39281 40454 165 
18282 2647 
18286 24430 
18301 2635 
18307 2647 
18314 1541 5675 
18317 40242 22651 
18334 2635 
18360 2737 
18381 18183 
18402 1791 
18403 2635 
18418 22651 
18426 22655 
18431 24505 
18435 22651 
18444 22651 
18446 18183 
18459 33094 
18489 32672 
18497 2635 
18499 38596 
18514 24505 
18517 165 
18527 3106 
18537 19949 
18538 17195 
18555 23248 
18560 30957 
18563 15872 
18565 22651 
18568 34312 
18575 24505 
18577 39281 
18595 22655 24430 22649 22651 
18598 2041 
18606 30759 
18615 165 
18637 33569 
18639 16667 
18654 2635 
18659 5565 
18672 40137 20450 
18676 20856 
18680 30759 
18689 22649 
18693 24505 
18700 22651 
18702 6688 
18703 165 
18706 22655 
18718 2635 
18725 16154 
18730 39149 
18732 23248 
18745 165 
18752 1541 
18773 8608 
18785 165 
18819 1541 
18820 2754 
18822 165 
18825 8608 
18834 2635 
18836 24505 
18845 34767 
18852 9019 
18865 15872 
18877 36772 
18887 24505 
18889 25043 
18894 40454 
18895 39281 
18915 165 
18920 40624 
18950 22649 
18951 22649 
18954 36772 
18967 26198 
18988 36772 
19007 13132 
19015 2635 
19019 22651 
19020 15788 
19026 4993 
19045 16667 
19058 2635 
19060 20426 
19067 31144 
19084 22655 
19092 22655 
19093 5565 
19106 24505 21354 
19118 2041 
19121 16667 
19130 5565 
19137 4183 
19143 2754 
19157 40624 
19159 22649 
19174 33398 
19181 35928 
19189 2647 28568 
19190 15318 
19192 360 
19210 31548 
19212 9720 
19229 24505 
19234 9954 
19235 4993 
19238 2635 
19243 165 
19257 24505 
19271 2635 
19277 19019 
19296 1670 165 
19301 2635 
19303 2635 
19306 2635 
19308 35101 
19314 27931 22651 
19315 22651 
19329 40624 
19336 36934 15872 
19340 22651 
19353 30759 
19354 40624 
19355 22649 
19364 29256 
19369 28123 
19372 19139 
19388 2635 
19396 31144 
19401 9638 
19402 16665 
19423 22651 
19426 27420 
19436 30759 
19451 5428 
19469 14170 
19472 31636 
19473 7354 
19476 15872 
19504 22649 
19527 5675 
19531 24505 
19549 7354 
19550 22651 
19554 165 
19557 165 
19559 22651 
19560 2635 
19578 6975 
19584 2737 
19586 20450 
19606 22651 
19623 24430 
19633 35774 
19636 2635 
19640 2635 
19669 2635 
19671 22655 
19672 22655 
19682 22655 25067 22651 
19684 3540 
19688 22651 
19701 36772 
19704 40853 
19708 30759 
19725 22651 
19751 21354 
19753 24505 
19759 22655 
19762 24430 
19770 16667 
19774 22651 
19786 31144 
19788 1791 
19796 30957 
19807 22651 
19810 22651 
19812 40859 
19814 40859 
19823 24505 
19827 165 
19830 165 
19833 22655 
19837 2635 
19840 22651 
19856 8608 
19864 30957 
19871 15872 
19872 33075 2635 
19885 1398 
19890 22651 
19897 22649 
19904 24430 
19918 24430 
19924 8608 
19938 17081 
19941 23248 
19944 6688 
19970 13268 
19972 1541 
19976 22655 
19977 22655 
19985 36772 22651 
19993 22651 
20005 165 
20017 24505 
20025 22649 
20037 6975 
20039 15788 
20045 1541 
20054 30957 
20056 7920 
20061 22651 
20086 36772 
20099 38883 
20107 13132 
20121 2635 
20122 165 
20150 1670 
20164 2635 
20182 33569 
20193 22651 
20204 22649 
20208 4931 
20214 24505 
20215 8892 
20225 15505 2647 
20231 22655 
20239 16667 
20241 39149 1791 
20243 9720 
20245 24925 
20254 24505 
20257 40772 
20276 22651 
20300 40853 
20308 2635 
20310 6975 8608 
20322 22651 
20328 22651 
20332 26198 
20363 4490 
20365 23248 
20370 36934 
20400 5675 
20410 1541 
20413 17081 
20422 40859 
20432 18837 
20434 11787 
20447 10064 20426 
20458 22651 
20466 40454 
20486 1791 
20491 40624 
20492 22651 
20518 28123 
20525 20856 
20540 40624 
20543 22649 
20547 22655 38596 
20553 2635 
20554 2647 
20564 24505 
20569 5565 
20581 22649 
20582 26198 
20596 22655 36772 
20606 26552 
20609 1300 
20623 1096 
20634 21786 
20639 37942 17081 
20660 21264 
20673 165 
20678 32032 
20681 13132 
20692 1398 
20696 28315 
20700 24430 
20705 22655 
20711 2635 
20736 32032 
20752 2635 
20753 33569 
20756 2635 
20782 1398 
20785 37959 
20815 33094 
20837 2635 
20852 38634 
20872 31378 
20887 29256 
20905 32901 
20936 40242 
20939 22649 
20943 31144 
20954 40137 
20970 40137 
20978 1791 
20981 34767 
20991 40137 
20994 36934 
21000 15988 
21001 2041 
21024 23205 
21050 32032 
21052 40859 
21053 23248 
21056 9954 
21060 22651 
21069 1300 
21071 30759 
21078 9638 
21087 23205 
21094 40853 15872 
21096 25043 
21100 4183 
21102 165 
21108 22649 
21115 21880 
21124 17081 
21126 15872 
21127 165 
21135 5675 
21150 38883 
21151 2635 
21154 165 
21191 40624 
21211 1574 
21212 15872 
21219 5675 
21220 4490 15651 
21247 13986 
21252 28123 
21265 8608 
21268 15872 
21284 21786 
21289 14206 
21315 24505 
21318 165 
21326 20426 
21330 1791 4993 
21334 40859 
21350 35215 
21353 20982 
21355 2041 
21408 22444 22649 
21422 20426 1398 
21424 8620 
21425 2041 
21431 7920 
21437 22651 
21441 29753 
21443 1541 
21445 22649 
21448 16754 
21449 30203 
21450 22651 
21469 2647 
21471 37868 
21474 19465 
21485 2754 
21487 29256 
21488 16907 
21495 31966 
21496 39149 
21515 40859 
21528 22651 
21531 23248 
21538 18837 1398 
21542 389 
21543 8608 
21548 15872 
21567 1541 
21570 2635 
21572 2754 
21578 2647 
21585 40624 
21594 36934 
21599 165 
21634 24505 
21639 38429 
21646 20856 
21647 31636 
21658 8620 
21660 39149 
21685 40242 
21697 2647 
21699 24505 
21710 37314 28568 
21713 32901 
21720 8620 
21736 2635 
21755 1541 
21762 8620 
21789 23205 
21804 31548 
21808 22651 
21812 14968 
21817 23248 
21826 165 
21855 24430 
21858 30759 
21861 26259 
21873 165 
21875 5726 
21878 2635 
21894 18837 36520 1541 
21896 165 
21898 1096 
21905 165 
21913 5675 
21914 8892 31378 
21952 36772 
21955 17081 
21965 24505 
21968 1398 
21970 24430 
21981 7920 
21990 2635 
21994 15872 
22002 7920 
22006 2635 
22008 15872 
22019 22651 
22028 15839 
22034 22649 
22070 30759 
22071 2635 
22079 13518 
22080 7354 
22081 26198 
22098 15839 
22109 40772 
22115 40624 
22119 38883 
22121 24505 
22150 28315 
22156 19949 
22157 27420 
22166 29256 
22169 165 
22172 28568 
22174 32032 
22181 24505 
22182 22651 
22184 22649 
22188 24505 
22191 27931 
22205 24505 
22218 31636 30759 
22231 30515 5675 
22241 1791 
22244 37868 
22251 37868 
22254 2635 
22273 40859 
22278 165 
22292 39149 
22302 24430 
22304 15988 
22309 16667 
22314 13986 
22317 2635 
22320 35101 
22329 29256 
22345 2635 
22374 34767 
22375 22649 
22380 38596 
22384 34767 
22387 22649 
22395 2635 
22411 2635 
22424 30759 
22434 4183 9720 2635 
22443 2635 
22448 30759 
22455 36772 
22460 8620 
22465 2635 
22467 40853 29256 
22469 4490 
22474 4490 13641 
22503 23248 
22507 22651 
22509 30759 
22520 7920 
22526 36772 22651 
22557 8608 
22569 22655 22938 
22575 30203 
22576 22651 
22596 22651 
22604 165 
22605 2737 
22608 14206 
22626 8620 
22631 22651 
22633 8620 
22635 22649 
22651 165 
22661 8620 8608 
22677 4931 
22687 7459 2635 
22693 29256 
22700 15839 
22704 1791 
22707 38596 
22714 23205 
22718 28469 
22722 22974 
22729 28469 
22733 165 
22748 19949 
22750 2635 
22757 31636 30759 
22775 13986 
22780 23248 
22782 1096 
22783 2737 
22785 2635 
22823 5428 
22838 13641 
22845 23248 
22852 13641 
22857 2635 
22863 15872 16754 
22870 27420 21264 
22881 22651 
22901 28469 
22912 2635 
22947 31378 7354 
22950 8620 
22958 165 
22963 33075 
22973 16667 
22985 165 
22993 36031 
22998 30759 
22999 28315 
23037 2635 
23066 5726 
23081 31144 
23101 22649 
23108 22651 
23117 22649 
23126 35101 
23136 7459 
23137 16667 
23140 165 
23159 2635 
23173 38596 
23178 40859 
23183 22651 
23208 15872 
23209 9638 
23215 1096 
23223 14206 
23243 40772 
23265 27931 
23311 28123 
23319 22651 
23323 22655 22651 
23328 23205 
23339 24568 
23344 7459 2635 
23366 22651 
23450 22655 22651 
23454 22651 
23463 30759 
23470 16907 
23471 2635 
23477 5726 
23479 30759 
23480 1096 
23482 36934 
23503 31548 
23504 27931 
23511 23248 
23515 1398 
23525 30759 
23528 3540 
23529 165 30759 
23535 165 
23562 21880 
23567 29256 2635 
23588 2635 
23605 23205 
23609 40624 
23616 28469 
23638 165 
23639 30759 
23645 2647 
23646 883 2635 
23655 2635 
23665 35774 
23669 32901 
23690 2635 
23714 28469 
23730 40624 
23734 23205 
23748 22651 
23767 27420 
23772 14264 
23776 12739 
23780 35215 
23786 4490 
23790 28370 17081 
23791 5726 
23797 35101 
23799 22651 
23836 40859 
23855 28568 
23865 360 
23882 40772 
23887 40624 
23892 15788 
23893 25067 
23904 34247 
23920 24505 
23922 2635 
23924 2635 
23995 30759 
24011 5675 
24018 23205 
24026 3540 
24029 28568 
24043 38429 
24044 22651 
24053 1791 
24055 1398 
24060 16667 
24066 28315 
24067 165 
24072 40624 
24074 40242 
24076 22649 
24096 7459 
24097 24505 
24103 7920 
24117 2635 
24137 38596 
24138 29753 
24165 165 
24166 2635 
24194 28469 
24195 2635 
24196 22651 
24201 22649 
24208 36520 
24215 2737 
24216 34247 
24232 1791 4993 
24234 38429 
24236 1541 
24240 1541 
24248 15788 
24253 24430 
24258 22649 
24259 165 
24263 8620 
24279 15872 
24283 1398 
24286 36520 
24293 24430 22651 
24302 31191 
24313 23769 
24319 2635 
24321 165 
24322 31378 
24328 30759 
24344 2647 
24347 883 2635 
24350 14206 
24372 30759 
24389 39149 
24390 38596 
24395 165 
24402 2737 
24415 33094 
24431 2635 
24434 23205 
24467 22649 25043 
24475 22655 
24486 22651 
24499 38883 
24500 34767 
24510 15913 
24511 883 
24518 4931 2635 
24526 7459 
24530 22649 
24539 36772 
24547 165 
24556 22649 
24560 24505 
24563 33398 
24564 15872 
24588 28568 17081 
24592 36520 31378 
24608 17081 
24610 1398 
24628 40624 
24633 7124 
24643 28469 
24654 22649 
24659 22655 
24663 25067 
24666 13641 
24667 360 
24671 22651 
24697 165 
24700 15872 
24712 33569 
24713 2635 
24723 36772 
24735 33398 
24751 24505 
24754 2635 
24761 33075 
24763 22649 
24769 13518 749 
24771 31636 30759 
24780 15872 
24794 22655 
24798 22651 
24809 15429 
24824 30759 
24835 34247 
24837 39281 
24843 26198 
24845 7459 2635 
24850 21786 
24854 30759 
24861 3106 
24864 24505 
24872 4490 
24881 18183 
24909 2635 
24912 23205 
24924 4183 
24931 1574 
24943 22655 
24962 2635 
25024 39149 
25031 2647 
25037 40242 
25041 2754 
25047 30759 
25051 1791 
25091 33094 
25143 24505 
25152 22649 
25179 28370 
25189 26552 
25197 8620 
25206 8620 
25207 2754 
25222 5675 
25226 6975 
25228 34767 40242 
25230 31548 
25233 24304 
25246 15429 
25248 165 
25253 35101 
25264 30759 
25265 9720 21243 2647 
25266 29225 
25271 39149 
25276 15913 
25284 6688 
25308 22649 
25311 165 
25315 22651 
25322 9720 
25324 22651 
25335 2635 
25350 165 
25351 2635 
25368 8504 
25377 4993 
25390 30203 
25401 22651 
25402 28123 20856 
25419 32032 
25432 1398 
25433 2635 
25445 35774 
25457 14968 
25467 165 
25477 5675 
25485 22651 
25505 22651 
25513 2754 15872 
25520 26552 
25531 1096 
25549 30515 165 
25566 22651 
25579 37314 
25586 24430 
25598 31191 28123 
25608 22649 
25616 40624 
25621 22651 
25622 22649 
25633 22649 
25645 14206 
25646 8620 
25651 165 
25652 15988 
25664 165 
25679 2635 
25681 28568 
25686 2635 
25690 4183 11787 
25714 13132 8608 
25729 1541 
25745 31636 
25749 27931 
25763 22649 
25775 36031 
25788 165 
25795 22649 
25800 165 
25815 15988 
25818 24925 5565 
25830 8620 
25838 18439 
25841 165 
25848 31636 
25880 2635 
25893 22938 
25894 22649 
25897 165 
25902 2737 
25908 1096 
25913 2635 
25930 16667 
25960 19681 
25963 23248 
25991 2635 
25993 35101 
26002 20982 
26007 24568 33613 
26031 24430 
26032 24505 
26039 40454 
26059 37868 
26067 15872 
26069 5726 
26089 27931 
26100 18439 
26114 26198 19949 
26118 4490 
26123 2521 
26127 16667 2635 
26129 9720 
26135 24430 
26163 8608 14206 
26182 1541 
26185 22655 
26195 29256 
26206 22649 
26244 13518 749 
26254 2635 
26257 9954 
26261 33398 
26270 22649 
26277 2635 
26288 22649 
26289 24505 
26299 14264 
26301 35928 
26306 15505 
26314 27420 
26322 22655 
26345 2521 
26392 15988 14170 
26400 40242 
26423 30957 15913 
26434 13641 
26444 4490 
26449 20856 
26476 1398 
26491 22651 
26520 3106 
26534 29256 
26537 9954 
26539 21786 
26544 1541 
26546 36520 
26567 23205 
26568 33398 
26581 29256 5565 165 
26602 1791 
26604 2635 
26605 7920 
26615 24505 
26620 1574 
26628 27420 27410 1096 
26638 22651 
26644 19019 
26645 8504 
26657 2635 
26678 22651 
26680 33613 22649 
26688 22649 
26724 2635 
26725 7459 
26730 40242 25067 
26731 1541 
26735 2754 15872 
26738 1541 
26753 38634 
26770 17081 
26776 5675 
26783 8608 
26785 2635 
26795 8608 
26799 30759 
26809 9720 
26815 24505 
26831 165 
26836 21264 
26840 3106 9638 
26857 2635 
26877 2041 
26887 4183 15788 16154 
26889 39281 
26907 165 
26911 40242 
26934 2635 
26942 24505 
26954 22649 
26988 19949 
26989 3540 
27011 25067 
27015 22651 
27039 22651 
27041 39149 
27047 3106 
27098 31548 
27102 15872 
27106 22649 
27140 165 
27149 5675 
27154 35215 
27168 24505 
27186 36772 
27210 22938 
27223 2635 
27236 22651 
27246 24505 
27264 36934 
27271 2635 
27277 29753 
27281 22649 25067 
27282 23205 
27287 165 
27299 5428 
27303 360 
27320 14170 1791 7354 
27335 15872 
27336 40965 
27342 2754 
27346 9720 2635 
27349 30759 
27361 40242 25067 
27366 20982 
27374 4490 
27385 25067 
27412 22649 
27423 39149 15429 
27434 165 
27448 5428 
27452 2737 
27460 13641 
27465 13518 
27473 9720 
27477 22649 
27483 22651 
27491 31548 
27498 1791 
27504 17081 
27526 22649 
27534 22649 22651 
27539 8608 
27544 1398 
27549 7920 
27552 37868 
27556 2635 
27574 2635 
27592 30759 
27594 165 
27596 40242 
27625 24505 
27655 33569 
27685 2635 
27691 2635 
27700 22651 
27704 34767 
27707 165 
27713 2635 
27738 24304 
27748 9954 
27790 40242 
27800 2647 
27812 25067 
27818 2635 
27820 22651 
27825 33075 
27832 17081 
27859 15988 1574 
27871 15872 
27874 23248 
27887 22649 
27903 34767 28469 
27905 2635 
27908 2635 
27910 165 
27922 20450 
27928 165 
27931 165 
27934 18439 
27948 39149 
27967 36520 1398 
27987 30759 
28004 3106 
28035 35019 
28041 40242 
28043 4490 
28050 36772 
28057 2647 
28071 2635 
28076 2647 
28084 2635 
28092 2635 
28093 27420 
28095 165 
28114 22651 
28119 4490 
28161 24430 
28169 22651 
28193 33569 
28197 40624 
28207 24430 
28223 15429 
28245 40454 
28295 2635 
28302 22649 
28312 165 
28329 8620 
28340 27420 
28359 1398 
28361 1398 
28366 4490 
28379 13268 
28395 40454 
28409 16667 
28435 37959 
28446 2635 
28452 24430 
28453 16667 
28461 21786 
28471 33094 
28495 2635 
28497 1398 
28513 40965 
28533 40772 
28537 22649 
28567 9720 
28569 165 
28577 37959 
28605 22649 
28654 22649 
28659 16667 
28660 165 
28662 33094 
28672 40624 
28677 21243 2647 8504 
28698 22649 
28714 24505 
28722 24137 
28728 37942 
28735 23205 
28737 4490 
28745 27931 
28769 7920 
28772 16907 
28816 31636 
28842 40624 
28912 2635 
28931 35019 
28954 2635 
28963 24137 
28968 28469 
28979 22649 
28989 37868 
28992 165 
29052 34247 
29069 33569 
29073 22476 
29088 22655 
29104 24505 
29116 22649 
29141 29753 
29144 22655 22649 
29163 3106 
29168 35928 
29183 38883 
29193 2635 
29200 28469 
29205 40624 
29211 22649 
29234 2635 
29235 5428 
29253 165 
29265 29256 
29270 2647 17081 
29300 165 
29310 5726 
29320 12739 
29323 1791 
29326 165 
29334 40965 
29360 2647 17081 
29371 8620 
29376 15839 
29387 22655 
29398 31636 30759 
29414 40772 
29432 165 
29437 40965 
29440 7459 
29468 36520 
29481 22476 
29513 30759 
29556 19949 
29564 2635 
29570 40965 
29594 9638 
29616 22649 
29630 25067 
29633 30957 
29643 165 
29646 9720 
29658 40965 
29698 5726 
29710 16667 
29722 17697 
29736 9019 
29740 33613 22938 
29757 24505 
29759 24568 
29765 165 
29767 19949 
29804 22649 
29815 40853 
29826 16667 
29830 32032 
29837 40965 
29846 15318 2635 
