16 304 1876 1877 1878 1879 1880 917 1881 1829 1882 1883 1884 1885 1886 1076 1887 1888 1889 1890 1891 1892 1893 1894 1895 1896 1897 1898 1899 1900 1901 1902 1903 1904 1905 1906 1907 1908 1909 1910 1911 1912 1913 1914 732 1915 1916 1917 1918 586 1919 1920 1921 1922 1923 1924 1925 1926 1927 1928 1929 1930 744 1931 1932 746 916 1933 1934 1935 474 1936 989 1712 465 1713 1714 466 1715 991 733 714 713 1937 1938 475 1939 1940 1941 1942 1943 1944 1945 1946 846 1947 1948 612 608 1949 728 736 543 1950 878 857 1951 1952 1953 1954 1955 1956 1957 1958 1959 1711 1960 1961 1962 602 1963 1964 1965 1966 1967 1968 1969 1970 1971 566 1861 1972 1973 1974 1975 1976 1977 1840 1978 1979 1980 1981 1982 1983 1984 1985 1986 1042 1987 1988 1989 1990 1991 1992 542 1993 637 1994 1995 1996 1997 1629 832 1998 1999 2000 2001 2002 1628 2003 2004 2005 833 2006 2007 1627 2008 2009 2010 2011 2012 1354 2013 2014 1357 2015 2016 2017 829 827 825 2018 2019 2020 2021 2022 2023 2024 2025 2026 1626 2027 2028 735 2029 2030 1771 2031 2032 2033 2034 2035 2036 2037 2038 2039 702 2040 2041 2042 2043 2044 2045 2046 842 1758 2047 2048 2049 2050 2051 2052 2053 2054 2055 1353 2056 2057 559 307 1433 2058 2059 2060 2061 1552 2062 2063 2064 2065 2066 2067 2068 2069 2070 2071 528 2072 2073 2074 207 2075 192 551 550 2076 2077 2078 2079 2080 2081 2082 2083 2084 1443 2085 2086 2087 2088 2089 2090 2091 2092 2093 2094 1788 1789 1787 196 2095 1425 545 791 2096 1780 2097 2098 290 2099 2100 2101 2102 2103 2104 805 2105 2106 1420 2107 2108 2109 2110 619 2111 2112 2113 2114 2115 2116 296 2117 2118 1586 2119 2120 2121 2122 781 2123 2124 2125 208 1620 2126 2127 556 2128 2129 2130 2131 2132 2133 303 2134 292 2135 810 2136 2137 763 2138 2139 814 2140 2141 2142 2143 2144 2145 194 2146 2147 1591 2148 2149 2150 2151 188 2152 186 2153 802 2154 2155 2156 2157 2158 187 2159 2160 
522 16144 16145 16137 16146 16147 16148 16149 16150 16151 16152 16153 16154 16155 16156 16157 16158 
945 2814 20636 5087 5109 5739 2702 5091 5080 
986 1350 18928 1177 1698 6876 21031 18969 1663 14836 6897 6888 20987 2558 1224 1638 6891 1287 3808 161 10525 904 522 907 170 12603 10511 513 494 10485 9770 10524 10499 
1135 3925 2935 1761 6677 6847 8128 12200 875 3533 12225 1839 3140 22750 10607 1726 9434 8139 159 2667 1976 16613 1760 2400 692 12597 4091 7722 642 13180 11796 978 3392 4172 22751 1857 8262 22752 590 7486 856 19305 6839 17927 2381 3264 19485 4344 147 1064 2283 3872 11523 2937 1851 2924 10601 7745 2943 20876 145 22753 2380 9298 15276 7961 2657 16575 14706 
1800 1870 473 2525 15113 14697 12901 1937 3874 3950 559 619 8189 
1961 921 560 18343 1027 25862 2659 17421 15211 16339 1930 1816 9723 15462 2671 19126 
2357 3530 988 12355 697 7490 8121 3121 11508 12718 1061 18486 941 11764 2982 12331 28534 11604 15697 1048 1027 1089 2056 6530 9281 14793 3000 992 18413 3531 17422 
2394 1064 15097 2923 697 9730 155 289 3386 1726 14442 2382 
2643 1662 5518 835 29153 3617 4723 12110 4770 4820 4729 4818 6775 
3275 22819 26253 17772 356 2660 20183 20061 9868 17066 33655 24938 5145 11778 1441 2893 3465 3474 622 195 1792 192 33656 21271 13665 33657 8576 22818 15430 6706 33658 33040 22820 18760 12131 7983 33333 32884 18639 
3349 33832 27704 27702 24508 25299 27654 5172 1463 4289 1169 904 27711 32747 27705 27717 31548 27703 33833 27700 27710 33834 23226 
3496 14178 13135 9879 33839 22705 17273 8598 2263 15364 18650 2067 
3503 469 12702 917 2282 1930 463 2637 15006 3349 4212 1937 468 571 10445 32825 3307 14023 13449 2396 4142 4216 6751 4410 2286 989 465 1938 733 714 474 1933 3199 4055 4782 7952 4776 12534 991 2372 23085 4545 14009 4809 4810 3396 3390 3379 23337 4775 18941 4783 1915 1910 586 1875 11500 15647 19135 
3548 10140 34227 10581 10213 10223 11311 10199 10931 10173 10908 10528 34228 18903 18905 
3693 18073 18074 18084 5440 9778 4977 4978 4983 18076 11989 12447 18179 20424 5266 10066 23082 23081 23058 19206 34157 12450 17032 23080 20431 19706 25816 33032 34450 32130 20393 32095 33820 11755 899 3596 6864 16163 5364 20369 34449 34523 14341 5363 4288 32128 11747 20394 5362 19049 20935 20591 15470 1165 30845 6028 717 718 23052 18089 18086 23068 25781 18450 15593 30798 20433 5262 18062 5338 19225 19284 11037 9831 10064 18105 12440 25892 20445 20419 19171 5342 5452 17031 19707 23079 
3701 23295 26371 21923 24262 32302 22387 25039 23020 22433 27076 23885 27077 24179 34537 29070 25723 23178 30248 21147 32303 22391 22554 22454 
3798 6997 2976 18094 1537 16682 1509 33753 13599 5107 16263 16265 141 
3900 23194 22361 22656 22902 31683 21917 27831 22450 34927 24264 24112 22626 24567 21904 24546 23020 27118 34417 24544 34928 24247 22387 23012 22965 26626 34929 28186 26348 23519 29033 24545 28261 24740 24742 24745 24744 34930 25073 28275 23876 24543 22491 22605 24741 24249 24105 22376 23232 34931 24542 25556 21856 22980 24743 24237 22827 22905 28278 30439 32544 33309 24560 28267 24739 29558 22425 25237 
3941 35018 18199 18430 20861 31432 13543 33738 25480 33828 13545 3257 25482 19388 35019 17460 14315 17803 10694 22017 6521 718 719 3011 13929 6813 15521 3305 5412 545 194 529 8725 2107 1784 2097 2117 35020 4611 2484 1432 1433 1779 10240 305 550 551 2086 2078 369 1439 1780 12377 203 18374 6445 306 4656 6827 10233 196 3266 1424 1788 1443 2058 4454 2362 208 2895 189 793 556 411 13211 9383 8879 805 192 9783 6207 6206 6824 4608 325 323 307 14816 10403 2063 2064 18916 176 2067 559 6145 6139 1811 5490 11078 16006 11850 18429 35021 33329 25478 29866 3256 17461 
4040 15270 35139 3357 13453 22698 17608 9857 34726 2363 2365 3381 12582 468 29281 2928 3307 
4069 144 18704 27796 718 19213 14315 141 27797 23256 16265 
4124 21843 21229 10105 17410 11398 10706 11236 18610 1307 10840 13082 35278 20772 35279 13610 11814 13946 1398 1407 1163 11223 21204 11324 13608 21845 11206 32435 10167 10722 10787 23338 5539 25327 1807 21844 13942 17412 11826 9986 11221 10852 15551 11803 
4540 673 13583 877 675 1027 931 2373 16636 
4567 29578 15143 30637 13835 2341 1650 23840 1654 29001 16076 33044 12253 10467 28598 7791 20485 3162 35931 15046 9795 10464 9806 
4971 718 13534 1025 2662 829 20650 4434 5508 837 15369 6214 3753 9108 1667 9694 15971 2542 18268 1258 6879 2456 5670 3115 18932 1118 2222 4417 32044 2622 15380 2503 2554 1141 8281 2478 456 2536 1183 11621 25715 23096 31552 22719 17644 1242 7447 
5017 1051 4171 18877 25438 2789 3003 701 6470 
5075 19736 33276 7833 21410 19732 7454 14638 28560 27454 19730 8542 559 192 189 11682 199 
5252 14446 9724 2797 9263 3121 14447 2923 4148 10030 3397 12342 2798 4203 6485 9268 2987 2916 17420 16241 12787 26797 10592 15213 2786 12348 15681 12343 
5470 4207 7457 7863 23817 22786 4905 2334 15235 25507 8540 980 30376 6820 26423 16046 2655 2652 2654 1015 11720 2651 2650 2653 16045 11721 6984 1022 13879 30756 1023 11619 1021 36102 1017 5271 5272 5273 5277 5274 5275 5278 5276 2656 3569 3581 3572 280 5279 5280 12523 3577 1010 20084 3363 7897 6687 4185 1821 30755 5926 36939 35333 30775 36940 12680 30513 34331 34330 12438 32808 283 10671 
6069 11910 7311 4266 18719 18020 5075 4985 5343 4946 6121 12730 718 4221 1538 35674 16895 18710 
6293 17422 920 9314 468 689 9728 1763 3371 3530 2923 1739 2924 15681 1955 4229 
6299 27255 30930 35785 37222 29840 37244 36758 34221 
6579 11227 1244 2974 1172 4289 11072 26283 9178 14883 7171 19558 3249 22054 14118 2592 18223 1452 422 6317 5063 9156 21187 1325 6345 16457 5313 19561 7393 12097 6542 25966 10680 6919 10698 1412 1294 7112 31458 9038 28407 26521 35597 4363 9681 5305 9686 14119 6719 8951 34598 32643 1508 7120 9467 5198 13512 1513 16824 17146 1537 160 1178 9708 15983 13523 28440 11228 33295 18226 1679 9173 6914 15940 6876 14490 9254 
6781 4061 2405 11519 4707 30634 18336 20601 1099 1076 16302 6999 1079 13917 3242 3987 571 744 3131 28484 4781 34635 2962 8142 28458 1761 1870 2531 25409 1755 2635 33329 18861 3237 566 3958 10607 12720 2387 1772 24334 3991 1937 893 38020 11484 600 19290 16612 13193 1965 34353 12988 1820 12574 9432 614 8305 13840 3380 15489 20884 11766 
6864 20029 13323 12133 8773 18545 458 4585 12298 11161 23736 406 8063 12283 14779 14686 9822 3302 13915 4634 546 34654 11166 
6924 25473 29157 16281 7065 18467 15599 4932 19027 5250 34460 141 7012 9908 12438 642 4908 4909 11795 4858 8525 19303 27687 28983 4545 20313 4441 7001 25506 20440 6037 30775 20283 283 15673 1004 7408 23573 35899 7069 27895 23334 5743 
7085 38339 38340 38341 38342 38343 13272 38303 38344 38345 38216 38300 38219 38346 
7329 192 1320 4603 6833 3071 1420 32220 10265 1789 12379 3267 9369 8763 302 9783 6207 6633 16984 18399 19776 5636 35963 4570 6966 17012 20902 18746 
7344 28098 28095 29578 20132 2357 23948 3615 33069 4545 4430 7009 7070 10458 34252 14844 19054 37646 25448 2341 7467 
7676 3608 13978 16327 12465 4859 17401 4858 19507 4242 5604 13426 4545 8519 12081 15350 12467 12947 26737 37875 28982 
7677 24178 24184 22438 9452 28179 24573 24046 22409 22670 24453 36949 24256 
7709 3989 3195 3378 15686 13450 1356 20141 1811 
7718 8132 8119 31 25663 13018 25339 27091 38021 
7815 23865 21536 22879 27929 21913 22987 26067 12190 24101 24078 21934 24289 25523 
7935 19602 559 307 1555 3038 4642 2887 306 16996 2067 34669 
8137 36453 6025 27982 28017 12167 3005 15567 2218 
8265 16755 5083 5109 20619 12291 2879 7276 29920 
8358 12294 3770 3071 372 11136 17891 192 10240 176 305 549 10383 620 6594 9975 2295 19384 310 2361 16892 5418 3107 6609 13210 6969 14779 17049 34655 11373 3739 5386 2308 15991 9850 9907 12133 9354 19834 28038 155 22753 2415 4122 7894 10035 10438 461 934 20296 877 675 4046 18004 20865 5125 3932 2283 12003 20219 1755 18351 580 194 205 37794 8643 204 3786 39116 7389 6375 10349 4610 14273 13306 14176 9293 9613 25516 24762 13602 17015 2141 7391 7385 9651 23783 35362 7367 21270 39117 4646 2097 8622 3088 17050 17060 3024 8775 527 5408 15901 2071 2674 4215 19770 13339 28955 9634 5615 1436 39118 9817 34245 6558 7348 13832 805 3092 27353 14270 3472 13606 8890 6972 8690 36078 17017 33527 2347 1209 26540 2067 1620 3096 408 4519 20248 537 3178 3143 39119 3151 20168 
8648 20541 30741 20539 9918 20545 19006 39255 19670 
9011 2962 3958 15132 14511 18216 893 3351 3352 2969 2967 2961 2938 10872 1965 14775 4039 15866 2994 3558 34148 3361 11759 937 10607 4079 14698 18000 18047 3969 3846 847 6847 3849 11103 2493 
9018 38871 26325 26636 35338 35817 39413 32471 37583 33569 33774 27576 
9131 21122 24425 23099 23606 23090 31943 22215 20727 29332 21149 21176 29025 
9223 26765 34945 34814 24370 22853 31886 33955 5926 37422 35521 10522 
9613 15614 32809 5313 7656 456 11071 29254 7335 249 248 14529 20046 15613 6035 6045 160 10783 32433 2203 
9677 4272 19719 275 11626 13042 18274 7331 4294 
9957 6194 39521 36037 39741 8875 39742 36036 8887 
10216 20194 13349 189 545 4456 2358 10366 290 2081 2460 2417 3099 6593 8884 9449 3465 9369 307 619 369 192 6833 
10226 27146 20799 17608 32016 9614 1326 9052 12094 4523 19778 5400 812 39657 13633 39509 29655 
10400 12273 10315 16101 18653 8601 1611 1469 10226 2067 10225 8697 39838 37625 8600 14338 19402 4629 397 12144 620 2089 329 203 3096 14777 39839 440 23963 766 812 5887 1430 529 2078 2086 201 4461 194 3035 8289 1594 8628 761 4422 10301 18572 4576 8595 15421 33027 547 18402 438 306 8802 5882 1790 8622 1617 1797 2301 5094 160 3024 6824 39840 25845 6707 4598 18663 206 
10452 32836 34435 29985 29996 29980 31636 33663 37695 33662 30006 30031 4288 32130 33206 29988 30759 19727 26556 20936 31627 29998 33303 29999 33299 
10461 6406 29640 20575 28910 10690 28725 20579 39856 30086 
10512 32499 29843 27326 28762 23348 35680 29002 23924 24413 29006 25128 28818 27512 23343 23342 39244 27511 34565 27526 25029 27306 27255 28878 23697 27288 34758 35566 27955 28774 35584 28822 28776 39864 28807 37103 35679 
10890 444 21050 9124 1183 367 9074 2163 9195 36713 1124 31983 4289 6865 160 3627 19587 6568 1404 20265 6569 20782 391 4499 14481 5791 9145 183 5699 30403 19543 19919 17816 170 12603 19895 165 1169 6423 1352 6263 2421 340 8286 6434 5814 4432 5832 1406 422 433 1362 5824 6566 6555 6305 337 
11028 19203 16954 19014 35934 9479 6667 4338 11922 31917 11040 9778 18467 596 11880 1759 4052 15514 
11066 3196 3332 13587 15511 847 15132 18337 14639 16335 13116 29286 12976 4039 4117 4041 15089 3373 4345 22051 2961 
11067 8299 205 14283 3772 194 9623 778 11113 2116 
11491 192 1431 1831 550 778 369 19616 2081 1788 1785 29228 208 7520 8765 9783 307 
11530 5327 15600 19621 6455 7628 21727 25628 16270 7632 22755 16308 18015 16319 7627 141 7751 21717 
11552 1784 1588 805 2064 6131 6821 1783 302 1786 553 1317 283 12225 2529 9315 2992 10009 1062 7459 2923 11591 6937 14456 6475 1061 1843 17426 30830 456 242 13880 16441 248 17152 668 659 4117 656 20867 666 7703 559 4641 1795 10357 
11624 4429 9668 13781 25470 16295 4430 22854 17312 29162 36832 9665 7021 5116 
11818 33593 32573 31910 30080 30078 25813 18066 5244 38034 29413 25486 31419 30074 
12301 1187 9709 14119 2207 19411 1663 9692 26521 
12564 20350 20353 20338 21417 40131 26829 31142 40142 40113 26827 27808 
12720 25448 28096 29577 2341 20407 2493 7649 15124 34218 2328 7108 4091 36717 19635 3616 4764 16657 3611 4798 6760 4738 4818 3617 16637 26795 27413 3317 8537 19494 674 19549 15292 3366 13568 
12958 32870 37805 38188 38216 37702 39531 38827 37580 
13374 4179 11770 19647 18525 887 2525 12977 4003 2675 15021 3322 1755 19135 32942 8142 707 7894 12587 9270 3836 12707 20051 1822 1884 16366 4118 15642 16352 2926 628 32410 37212 2658 564 19550 15070 1714 20508 593 4222 9325 3333 4162 16344 692 2375 40233 12706 17737 11503 3199 14925 594 1878 744 18876 25810 11775 23145 14719 16602 4051 8125 15003 16550 14697 3946 3980 596 11559 7635 16347 1726 9296 4024 17514 9328 15075 20218 19486 867 1032 4784 3859 1966 577 35507 
13519 38050 7873 36012 4859 16425 3231 141 8095 
13669 33776 10877 23205 31346 24555 21536 27074 27581 25738 23502 23108 
13864 5950 5951 34945 11944 8542 13189 29271 5853 14922 23751 18896 2220 13095 38443 
13916 642 8225 13617 30660 38150 19771 22749 18258 2800 283 20851 20188 7125 2813 
14004 4380 11182 11186 11187 11188 31031 14592 4847 27154 7977 31465 718 3783 1221 1324 4536 2180 4503 6244 8164 36910 26015 1237 2627 11307 25415 
14481 29971 51 13349 9543 1165 37085 18787 4994 
14778 19348 203 8593 8802 8894 3077 32342 307 
14894 15245 16352 1970 2492 11571 2958 8332 30349 2922 27450 9956 7022 
14905 2393 15658 12980 13436 34532 28837 4003 2637 6751 11536 628 1933 34520 30112 3195 3196 18697 14710 34515 1875 15006 3229 12577 3861 36019 35382 2018 36674 15344 2533 5593 9220 31413 18627 16106 16921 8968 4434 24026 828 39408 38456 1354 22039 40566 39529 7206 36670 36793 19782 5512 19337 825 19338 2015 7909 
14946 34078 27086 29302 21536 10883 38650 24212 29306 23310 17406 22522 24209 
14959 1824 3263 744 3131 1551 8449 1684 40522 1685 4186 32938 1933 4046 7633 707 17648 647 15264 628 10041 
15290 26170 24013 9770 517 165 24838 484 6696 19928 22105 24823 21739 34126 
15500 25169 11669 10631 11672 35514 36632 15814 15445 3591 11 19761 11671 
15549 4882 9775 141 11699 25493 3087 194 310 1553 23734 3133 25838 12126 557 4623 16537 20561 3105 13339 7396 4609 33520 559 4850 160 2319 2071 529 801 
15681 1314 15757 17429 39284 15063 15061 3409 8979 39535 27178 1551 1356 835 39970 17834 5138 5172 3261 23835 8834 17285 8837 27186 35068 40264 29369 14318 39363 
15970 7280 2707 26517 7173 2819 7180 3126 14347 31492 7156 21267 26909 2738 20141 7157 19826 2740 2525 586 9480 12968 916 1714 4076 25362 17926 845 11141 2948 6517 20885 15346 1798 1933 870 14727 4779 23995 38017 2717 17453 19071 33745 21667 2813 2709 31836 7169 27334 2692 2863 7177 14370 31650 2809 25457 14369 7303 4341 28604 19144 7225 19500 19029 
16539 35708 27852 21548 36352 21116 29052 36620 22194 
16888 2883 12894 10610 9185 9186 17825 2773 7287 2824 19432 
16908 35374 37654 7970 11356 37081 5159 6165 14952 3783 39196 14933 18190 37790 18277 5631 7100 19080 19079 2363 11652 6355 9065 6904 26890 6885 1808 19346 7123 1805 38674 5655 40267 1302 22072 3704 20959 6331 28329 129 20002 9501 2536 2229 1666 28863 12273 18327 89 5980 67 1213 6001 11074 3191 1352 6901 1673 35962 5694 2207 1417 1676 211 25952 2241 38005 40740 22044 3735 1186 128 18933 23243 3790 39620 30847 18973 12423 14942 1189 2616 18932 18974 6907 4363 20005 
17154 2635 2056 12764 1743 972 155 2525 28965 27895 12894 7793 30150 40457 1661 1650 2800 36016 18258 6037 19211 1811 7681 17780 22749 34090 17831 2765 2850 
17335 20037 33817 1613 536 16391 5615 24754 8802 160 978 3092 
17579 32853 39204 23715 36155 37580 36171 40043 37288 38620 
17898 23517 21536 23297 28253 23533 25747 34448 22983 
17912 32719 24065 22990 22455 24084 24610 17405 24141 25523 23397 25183 27494 
17939 3737 6389 28628 5637 4538 8212 22084 1182 3698 19624 2205 21193 15379 8172 1194 1237 
18015 6708 17772 5565 5564 7417 5569 4598 4425 2179 222 1176 6228 5675 8888 25206 4363 5799 1352 22049 2364 20666 2535 40435 15442 
18067 17250 9409 35274 33951 4670 163 170 517 
18360 11842 33976 19803 12235 12233 1811 7171 4340 5748 2821 26042 31663 17440 28720 31488 19502 16040 18592 29927 17848 36427 18482 7290 2775 17596 32539 26266 12732 2737 7129 2701 2694 5110 7176 641 20186 2733 2762 28109 4956 9478 3549 11933 7125 4562 19293 593 1930 744 13572 4344 2387 2956 30867 2396 10438 1739 464 2525 19557 17942 2763 2765 17775 19841 37451 30965 19071 7751 3615 5095 13920 
18410 26854 31573 23208 35098 23211 22545 23233 29548 28666 29833 22719 21929 27753 22187 24083 39772 28669 25312 23220 23219 23202 23206 21694 25039 26712 17573 17484 17406 26386 31243 32564 40070 37478 21948 24195 23542 25523 23117 23207 37365 
18440 26244 30558 21590 17484 29806 21913 25523 21325 21353 23095 29051 25437 21358 30208 21352 
18877 23669 35891 24043 23204 30316 35824 27095 38696 22432 25756 36772 23117 23182 26070 23542 27489 23518 40635 
19030 7318 11632 7309 29711 36408 7306 37644 4302 18724 18725 14314 31435 
19155 31152 27808 31136 40139 40144 31143 30175 26830 36495 36487 31150 36304 31141 37331 36503 36303 26827 40141 
19222 32964 34328 36289 36298 30667 36302 38459 34313 38462 36288 37989 26999 27618 34324 26982 37112 26973 37990 36296 26994 26980 30668 29462 36340 36285 27009 27615 
19280 17781 4561 16586 36582 17778 19292 160 642 
19813 27067 23895 21536 24529 21535 22406 22631 23308 
19835 27875 30265 8849 23605 22732 34843 22648 37933 37349 25126 26077 22910 23732 32733 21909 24308 27045 
20270 26345 22602 39837 31953 21536 33424 32889 35938 27063 25558 23533 23539 22458 26633 27085 22278 26367 27065 
20674 1546 12627 12624 13504 1509 11837 7120 257 256 258 1513 1526 15226 28618 37084 31964 11004 3187 14463 6068 39655 34968 39017 39018 40687 40154 25395 37729 15587 37731 15565 3190 3189 35836 13466 28371 15602 15016 1609 17161 39163 37410 21841 32172 23271 1496 1493 5430 13478 17150 1487 8837 26532 17353 1310 36822 1495 1500 3800 17139 
20718 10289 575 15115 4048 2397 13795 2525 283 
20856 14641 26268 38425 16771 13920 7135 16038 5110 2692 7125 
21632 19632 830 835 7209 9216 15343 1628 1355 2011 
21679 25588 37190 28687 38922 35822 38807 34642 22637 24503 31702 23721 22278 
21776 25378 40488 33688 25377 22630 22644 22645 22454 
22281 16141 16147 16123 4194 23655 4200 12340 21259 16145 19000 30459 16737 
22544 4019 3841 14704 4020 4018 14719 3372 34519 28092 2925 15267 4021 15311 1076 1906 1078 
22632 6718 33670 36112 38537 1663 14823 3699 20005 36967 18279 8280 5350 
22682 30374 17956 7625 11860 16948 3192 160 1237 39934 6233 2427 1577 9362 3044 402 8879 
22850 11964 5983 18632 3288 16004 25975 25974 25976 10496 10991 7508 36678 3191 1217 1811 8362 11956 11937 16818 11327 563 15288 7515 
23137 9285 10042 468 3197 3198 38865 1064 2923 1076 1077 16673 1843 688 687 685 686 684 683 681 682 680 1087 4037 673 571 15035 2993 9271 33882 954 953 3607 16667 4729 15335 6757 4764 4788 12122 4829 5017 5518 2011 1628 16904 5519 7102 10031 1048 18483 9340 6479 
23143 35904 17748 19371 12522 30168 38367 35881 40687 28932 31257 29263 32180 15145 9469 12525 1017 5272 5271 5277 5274 5275 5273 5278 5276 2656 3581 3572 21679 23430 3569 1023 40694 33293 29082 18853 14744 9515 33846 718 
24112 4471 10172 5502 28432 11241 10206 10103 5553 10162 10702 11445 10284 
24437 18661 21201 23473 40608 30551 9823 18573 12279 36808 35735 31668 34865 18665 
24570 37706 37705 32862 32863 32868 37485 14624 18983 36174 40660 33782 37287 40679 32061 40358 15708 40391 36211 37136 34882 12369 14630 39204 38788 37701 40478 38257 40056 32082 14625 12390 39060 40789 32518 40818 40243 38251 
24843 33231 34285 23804 34292 28310 28309 33232 33957 26562 19953 24376 23460 19891 33226 26198 
24867 18127 31477 19304 31275 7335 29263 1500 17379 18446 14832 5131 35698 28083 250 29260 3817 
25114 17288 8392 2649 15160 555 14422 17424 1918 12845 
25371 3078 4570 11704 208 14181 6022 1571 412 305 556 8597 1429 12315 3039 3736 296 176 7398 557 14215 36616 8157 6449 5400 14235 4622 2474 447 7371 2526 3071 9528 3022 7390 6804 24771 
25397 3261 5172 8554 20468 3409 1509 1283 17094 13936 1684 20615 22858 1549 21563 1488 7120 2648 1685 13838 5195 
25437 6611 309 39579 15884 24762 529 334 7398 
25761 1811 6037 837 14304 1628 16106 7209 8968 16913 8962 36217 2014 827 19788 20524 12215 16906 2351 5515 36274 1998 16928 
25900 40739 40184 31094 32603 31101 40760 33005 31242 31110 31125 23218 31098 34445 27712 40913 40175 40618 35154 22839 17405 22572 28066 
26092 32159 30179 38083 40785 35689 35587 27279 39589 39726 40708 39722 27291 39716 35182 27280 33397 39732 35181 
26108 18789 18797 20506 30453 19397 20503 30456 11741 21644 22263 18812 19392 19390 18813 32613 
26489 27471 21181 22719 8906 21511 4680 48 13005 21501 
26512 28804 34163 27524 39243 9602 23350 39400 22213 
26736 33312 37634 35340 25917 34791 25907 23715 17406 
26890 28068 36057 16689 36216 49 15786 13743 8004 31156 13045 
27250 2773 7175 34088 16040 16254 40210 837 2464 7384 127 15923 5012 6023 
27444 30355 638 7290 34089 25498 7277 7132 16596 2735 2728 16759 2727 34961 28042 2736 2694 2712 16770 18494 19143 2740 16940 33281 2709 5104 34913 5110 7135 12899 36812 821 1060 4037 1844 1843 571 10435 11520 3935 1758 14005 20298 18354 677 4186 10416 877 11789 
27658 28633 6204 5635 6442 31897 31272 35013 6946 18774 13144 39966 1811 198 30494 2190 283 
27777 40505 34192 33577 30818 35617 34189 35615 27076 
27944 40915 22294 10082 18180 10060 19025 30798 35324 19187 17032 15282 10068 35321 10070 23263 10063 32336 9776 
27948 17005 9291 10411 13141 8773 4572 8656 8682 8053 18757 39149 454 17903 
28079 17716 17264 5492 17702 26236 14037 36247 14051 
28501 18978 10421 39909 7473 16586 16251 5115 14348 7054 9460 9661 9677 5112 7024 7034 14663 
28540 38098 21858 26370 31698 22475 28716 25077 21536 27030 22473 36773 
28574 9733 870 1896 4074 31476 29906 16627 29116 29117 18783 29907 3890 17994 12721 4071 22347 15110 18898 16634 9471 25440 16626 31468 29896 543 35204 12885 9316 22715 
28689 37402 37403 978 34501 977 160 5313 4587 4507 14492 422 6261 9161 9129 6304 1351 
29060 4082 4131 1842 2917 2395 628 4007 2952 6474 1731 11918 
29191 20196 2373 17169 15753 828 837 2337 7843 1650 21099 21072 36807 29442 21743 16232 21839 
29329 7011 11977 4441 15251 2387 473 868 28422 1843 847 2929 2525 
