58 3722 3723 3724 3725 3726 3727 1714 3870 468 461 4585 411 1119 217 1292 4586 4587 4588 4589 3511 4590 4591 4592 2210 3528 4593 4594 2337 4595 4596 3562 4597 4598 4599 4600 4601 780 3098 4602 410 4603 545 4457 2097 2484 1831 176 4604 1433 4605 4606 4607 1782 2103 1783 2113 2093 207 208 3471 3266 4608 792 3473 3792 192 3475 369 307 802 1421 2101 1209 4609 557 757 814 4610 479 4611 2360 4612 4613 179 1262 1230 4614 4615 4616 4617 4618 1301 128 4619 4370 4620 2474 4621 4622 4623 809 810 2132 3043 4624 1320 3077 3072 296 2263 2258 4625 4626 4627 793 4628 2125 3421 405 216 2622 1695 2624 3487 1562 4629 4630 4631 3107 2067 2123 805 4632 3070 3047 2071 4633 4634 1321 4635 4636 3276 4637 4638 4639 310 4640 3071 4641 4642 1610 51 1023 4643 4644 4645 1022 
109 3376 2797 6456 6457 6458 6459 1085 1049 982 988 1056 6460 6461 6462 6463 6464 6465 6466 6467 6468 2911 6469 6470 2792 6471 6472 6473 3367 958 6474 1027 6475 6476 663 661 994 6477 665 662 659 657 993 656 3899 992 3847 1029 3938 628 6478 3875 658 660 6479 6480 6481 6482 6483 4409 6484 6485 6486 3824 4093 6487 2375 664 6488 6489 6490 2036 6491 6492 1870 4407 6493 3352 4203 6494 6495 6496 6497 973 155 6498 6499 2923 2529 6500 3533 4030 6501 6502 6503 2972 6504 6505 951 838 1104 6506 1066 1062 6507 1100 
301 1352 229 1639 2624 1262 2505 216 2593 12393 2439 12394 12395 12396 10812 1355 829 
346 13124 13125 12851 12855 2786 9316 12742 739 6640 1467 2250 13126 13127 13128 12138 1428 13129 208 13130 4565 6625 2251 12273 8773 5423 13131 13132 13133 11373 12169 8828 5887 12184 13134 9359 13135 12180 2136 2485 10338 6825 4458 205 13136 372 1574 2305 12163 13137 9365 13138 13139 3099 458 13140 8805 12296 13141 13142 13143 13144 13145 547 10379 553 1586 2153 11698 1831 1795 2319 12554 12149 13146 9355 4577 1466 12177 12270 6934 186 176 538 13147 5775 6932 6037 9773 13148 1811 559 194 546 13149 187 410 13150 11705 13151 13152 12277 11709 324 13153 13154 6929 13155 409 2888 8290 1578 3090 13156 8774 13157 398 3106 437 12325 13158 2526 6372 4623 6946 6947 13159 13160 3097 3028 13161 
373 7507 11018 13711 10986 8378 8085 8087 11036 1213 103 11940 120 7498 106 108 8349 7514 7506 563 5965 13712 7538 13713 13714 6010 94 8358 5985 10187 1307 10159 10534 5527 7532 13715 10957 1456 13716 8359 8361 7597 88 11024 7504 6007 5990 7582 8081 13717 77 8109 123 8351 10961 13718 10993 
393 12916 13967 13968 13969 13224 13970 1538 12118 5602 13971 13972 13973 13974 13975 13976 13813 13977 13978 13979 13980 13981 13982 13983 13984 13985 13986 13987 4242 13988 9964 13989 13990 13991 7993 13992 13993 13994 13995 13996 13997 141 10694 13998 2976 12919 2337 4858 13999 14000 14001 14002 14003 2372 3251 2928 13380 1843 12697 14004 14005 8254 142 3878 1762 2278 1977 13418 14006 14007 4753 14008 14009 14010 14011 14012 13112 14013 14014 14015 14016 14017 14018 14019 14020 4757 12925 14021 12113 14022 14023 1910 1930 917 3946 8321 7948 571 611 1933 2287 465 2396 733 11537 1938 468 14024 1881 14025 3945 714 14026 593 1717 14027 14028 14029 14030 14031 7641 14032 7453 14033 14034 14035 14036 14037 14038 14039 14040 7875 7644 14041 14042 5604 14043 14044 14045 8519 14046 14047 14048 14049 7840 14050 2332 14051 14052 
479 4411 4707 9474 3843 3236 11095 1060 9720 1072 11758 3378 2350 3352 2337 9377 9375 208 2363 15459 13919 3196 3863 2372 917 10035 3235 15116 3991 692 4230 2274 2275 3998 13403 15460 15461 1053 3392 4111 6751 3857 15462 2405 15463 12006 4775 15464 6520 15465 15123 2491 1067 15466 15467 4003 2014 827 15468 832 15469 13302 1165 15470 13571 1755 15471 15472 8252 729 13166 1867 3238 3239 14611 893 3864 15411 15473 6382 545 1586 192 2319 1795 1831 199 10241 369 812 293 775 2100 15474 559 456 642 2365 142 4079 5135 11468 9432 15475 9430 15476 3384 
503 6899 15933 6889 1703 5629 10752 15934 10683 2225 1670 7094 15935 1639 2448 1224 5290 5296 5294 15936 1123 4546 15937 15938 15939 4477 1364 1365 1369 1366 1371 1373 1368 1370 1372 1381 1378 1380 1367 4393 1382 1375 1418 1377 1390 1389 1388 1386 1384 1385 1383 15940 1647 1701 6888 15941 15942 15943 15944 2193 6155 2175 2194 2195 4385 1679 15945 12097 15946 9237 2237 1114 4535 6116 6919 6112 2163 6366 7657 7684 7686 2592 9044 7688 9045 7689 9043 1674 1698 15947 1699 9050 6288 15948 4552 15949 6915 6901 15950 12424 12599 8244 6153 6911 6913 1666 11242 1450 5313 15951 1186 5353 1705 6097 15952 15953 15954 15955 15956 1361 15957 1663 1154 15958 15959 3487 10753 15960 15961 5826 15962 15963 5827 5825 2595 15964 11323 1152 2574 1251 15965 6918 6908 15966 15967 10696 6297 6898 15968 6912 15969 15970 15971 6359 6360 15972 15927 456 6088 2634 2450 15973 11185 15974 15975 15976 5596 15977 4381 15978 11183 9544 11182 11186 4849 4848 15979 6714 15980 6105 15981 1691 6906 5156 5155 5677 15982 15983 6902 1307 7681 7743 15984 15985 15986 15987 
511 7706 9813 16071 12092 12229 16072 9755 1963 15045 7720 3155 16073 559 194 9401 176 4522 6650 1831 5994 16074 2097 553 1209 3463 1792 195 5646 206 1788 10267 293 551 779 187 1478 203 1446 3471 16075 
559 5189 5214 16888 5212 1806 9980 10897 9240 
701 2934 4175 3907 580 2395 5059 16239 3892 4117 16505 10420 6523 
739 11 18816 18817 21 15787 10636 18818 1242 
812 4498 299 371 7366 6603 6580 6605 6557 6597 1615 2346 6602 9608 536 374 313 6604 6606 312 3093 2317 11167 7388 3788 5004 5006 5003 3097 409 406 2142 5379 7365 410 8585 8781 19398 438 6571 5008 408 6587 2156 5007 407 311 14516 6579 6590 549 531 6381 6371 439 5617 532 411 6593 2465 412 802 6125 8207 4629 768 1571 2157 1591 3031 6589 7347 373 2324 10384 450 19399 1617 3049 1428 4598 5565 5566 10350 6648 204 537 3052 2268 8659 9648 19400 15473 9295 10353 6635 6607 6637 2141 8884 6572 2483 1594 525 6647 19401 19402 6638 2127 3739 208 2269 19403 328 5778 545 192 1208 8744 8743 8745 2892 1425 8758 195 1442 553 189 3471 18821 292 792 451 1607 19404 2067 8890 6653 356 359 349 352 354 360 19405 10367 3107 1831 1437 8622 296 6570 176 477 10798 6640 187 2315 186 11153 11172 1438 2242 12538 197 4625 1589 8593 18144 547 
870 6184 1441 3762 3795 6348 4846 4847 5571 14592 5563 5570 6281 10808 5620 5669 3669 5625 4373 8285 19980 1336 1113 2548 3542 3623 3541 3620 3619 3672 5153 8824 19981 6314 3436 1203 8821 1204 8820 19982 6545 6546 6323 6547 8817 3447 127 8825 9118 6286 6299 19983 3440 3477 6319 6551 6276 6554 4366 4476 19984 19985 19986 19987 19988 19989 13594 8577 7983 12131 482 346 387 416 2296 426 6296 6293 1292 1398 19990 19991 3622 3670 15392 5622 2541 2627 6200 19992 15383 3667 5623 19993 19994 19995 6320 5152 10696 19996 5791 337 6347 18264 19997 15367 16476 6256 6262 19998 6336 19999 1109 1227 3703 1303 11177 1625 5657 2586 1325 20000 4450 18836 1182 1302 1119 20001 6337 4613 8826 332 4394 6270 20002 5314 6528 4467 19568 385 386 421 5844 347 9685 6335 3453 8813 3442 11027 20003 5843 3503 9099 1395 11128 2578 20004 3710 20005 20006 8248 9121 6341 14483 415 5841 6300 18279 20007 9158 9033 6342 3432 3499 7557 3451 8812 9059 3509 9015 1391 128 9100 6357 20008 20009 423 12666 6290 4592 6332 20010 20011 20012 15883 4494 20013 4598 5565 17772 14180 8020 20014 20015 20016 3433 6317 8342 4472 4474 20017 4591 1642 1193 5626 6328 1125 4502 20018 4512 2522 2223 2363 1352 1218 1636 378 1399 20019 20020 20021 9102 9115 9104 8952 8204 6353 6199 3678 2555 
953 671 10056 15736 6664 1798 3953 14008 13112 20706 2337 141 5512 
988 10536 21032 2201 11230 18900 10905 10224 10146 10890 10735 20769 10932 10886 10223 10091 11282 10732 10108 17566 21033 11435 21034 10585 10933 10584 11805 5541 5536 11428 5532 9980 11819 19427 10904 13087 10195 11800 10837 10575 10941 11816 5344 5452 10891 5447 10145 10731 11238 
1365 19307 8339 25382 25383 838 13374 2978 16625 16634 12826 12825 2972 6487 12792 12793 12827 2635 2057 4352 3261 2532 1811 2056 12532 25384 15689 1033 25370 957 25385 14862 9458 3353 10031 1031 705 2375 25386 15210 15068 4118 25387 25388 12829 25389 25390 25391 1056 18410 14772 961 10033 15696 630 2525 1843 10417 1844 21299 12754 25392 25393 25394 955 10615 10614 10616 12355 2911 
1374 14642 16586 2736 2692 7176 2776 1811 5668 1224 129 18264 3750 15376 5800 160 718 7179 7177 
1399 24746 24115 24693 24065 22458 25634 25635 22411 23025 24542 
1403 8849 22172 25684 20713 25685 21178 22119 25686 20712 21705 25687 21707 
1430 9278 25880 6537 2365 1875 14477 3321 4103 600 3902 9889 25881 3223 13424 7035 9672 16294 25882 3486 7010 2972 2337 14011 4740 12410 3400 2341 1650 1654 1811 5562 4440 9461 9675 14669 14646 7012 6530 7044 25883 13411 25474 23327 15720 15911 17539 15486 9678 7041 4441 18780 2357 6533 6534 15909 17319 25884 7040 3402 20112 9671 9676 25885 25886 
1500 623 26277 26278 22337 12160 10236 10405 13798 13682 458 3105 8772 2190 1466 16744 3039 4289 559 20519 1601 16891 4565 1552 12316 5422 2891 8744 1320 306 176 374 189 4460 1784 1433 3071 1439 13213 293 9372 3266 205 3475 9783 6207 26279 2474 3092 2305 14235 547 12540 2201 26280 2220 1537 6965 6964 26281 9907 1207 296 4574 2258 3036 26282 3767 3043 
1780 21571 26879 4202 21370 23900 23899 28188 28189 22278 22644 12190 28190 20732 23383 21584 28191 27588 22980 23308 24529 24735 28192 28193 23207 25338 28194 28195 21573 28196 24178 28197 25915 28198 28199 25914 22641 24466 28200 25909 22589 25922 25921 28201 25933 28202 28203 22590 28204 28205 22591 25924 25923 28206 28207 28208 23348 22903 22727 
1867 11613 28639 28640 500 15166 26026 17503 26420 28641 15172 28642 23127 28643 28644 
1997 24420 25277 21147 25102 27602 29371 22724 22725 27605 27606 22731 23153 22523 27988 24179 21900 23905 23866 29372 21901 24182 24031 26437 24177 24044 24183 22653 25338 28023 23913 22929 24529 24959 29373 27725 26430 25180 24181 24535 29022 22658 22278 23207 24649 24280 23310 25010 21536 23885 26052 25531 23297 26051 26448 23106 27314 27250 23884 25521 21520 29011 27252 27266 23103 28784 27265 25112 28809 27259 27079 29326 26640 24408 28757 24405 23343 27306 23342 24404 28749 26127 24894 26407 26105 23347 28745 28770 24401 28819 26120 23920 29143 24411 
2095 15551 25328 13872 10842 29875 17412 10843 10580 10569 11238 17562 25177 5538 15548 11893 10145 
2101 1570 536 6570 5770 1590 3050 1617 12180 24766 5615 3092 450 11367 3109 189 2474 4510 8688 8896 6656 2346 1615 2567 132 5765 5766 1613 1600 5763 481 446 27827 5767 3035 4609 7371 2247 8879 3056 8597 3023 3697 2535 8176 2360 4640 2159 780 3814 13458 8565 3810 1504 17095 1551 3268 2362 619 5379 3094 3052 5396 3787 2067 3072 1473 8296 15921 1436 1437 808 3059 4625 12268 13800 14516 187 12325 4519 6593 11113 3040 1553 3087 307 10382 14138 26156 11372 2266 4634 20323 2466 2467 16502 3021 1189 2572 5693 623 477 3079 23734 14235 29893 29894 1620 3044 9528 19348 22674 4623 812 19384 13339 15990 2141 8884 13329 325 7388 3786 1612 309 1555 10269 
2567 24444 23096 24748 23225 22667 24301 22438 24534 21695 22652 27723 24508 21181 21948 23297 25774 26092 23216 23717 24746 22363 26484 22397 27641 
2856 27918 25254 24179 21901 32489 31219 32468 32490 27569 27586 32491 27157 10880 24965 
2878 21390 32546 6795 19529 32547 19038 8716 8715 32548 23376 32549 19521 19546 14059 19153 14066 12522 21652 8706 6789 14293 32550 13753 14683 32551 25443 32552 
2905 14317 14319 14914 18674 2525 821 722 15059 21242 14318 13458 8425 17368 1487 21061 1316 1309 250 14802 32169 32611 1314 14356 5430 8834 1284 32612 27178 
2996 31285 30263 30251 22643 26850 28221 30284 32888 24555 30274 30255 21941 31284 24466 
3050 16738 19670 16732 32991 20531 7550 32579 9919 9916 8861 
3052 27712 27721 31086 32997 32998 25313 32999 33000 22278 32476 24084 28593 33001 31108 33002 27947 33003 33004 23218 33005 
3373 927 33882 155 2056 12692 3131 673 969 926 12341 33883 1843 10417 687 754 1070 1069 4784 580 11439 751 1930 25583 1906 15097 571 10448 2922 12752 16578 6857 586 18571 30335 11106 14780 2972 1236 6423 16619 718 5172 5202 4342 16955 17129 1509 722 1034 9471 838 18441 9271 32148 8313 1061 744 1931 4160 1933 1062 9296 12214 4347 917 19473 11504 4069 1841 20380 666 7459 4064 13193 992 657 
3435 21534 22194 8850 20733 17484 26098 21578 29751 
3589 7399 16400 2533 1998 7856 2372 6042 1711 7021 5111 2662 1811 34298 29414 
3917 24189 22578 22831 22372 22633 22719 27742 22402 
4068 21933 22657 23117 23700 23234 25697 22509 21142 25302 24060 22909 23879 24200 31065 33773 27556 29202 35188 28186 22378 25292 27213 23015 22411 22882 24046 23727 22961 27743 24529 22989 27659 24306 21913 21696 24979 28269 22438 28468 30307 12188 24134 22436 27040 31123 10879 22361 25072 22608 23896 23539 23729 22637 33709 35189 29812 12193 
4152 19467 15270 16238 18352 17764 33897 20648 822 2533 835 16908 1355 4704 11776 7619 12534 1933 714 25810 9289 8128 29900 35300 20131 662 991 30680 729 6507 33882 9271 14448 6505 34255 35301 16342 20706 19649 8527 17408 1027 18483 33866 1937 1061 4119 2525 16619 628 11544 15091 663 1870 992 
4221 6618 2245 6633 5410 2267 6614 6613 2302 3028 8658 8659 6647 6637 6607 8884 5617 10366 5009 2303 3739 5395 10798 2327 15022 13153 14231 10259 6640 4629 300 1444 525 761 12322 30880 16101 2067 2148 10373 1579 9617 2293 35443 2266 28412 1421 1438 30197 10264 10260 9827 10261 2249 298 7396 5632 5069 2255 9606 9356 9605 18156 12315 35444 34057 5382 8685 5012 20701 176 2152 5379 10368 32163 6574 8740 764 6382 6402 20839 440 8155 25510 4843 6636 18144 6593 5994 6610 32378 6580 2142 2143 2076 2149 1591 2147 2140 194 11707 2888 3422 6810 189 15473 5773 778 776 779 4458 202 792 16515 3097 187 8585 550 368 6653 4517 4518 10398 10362 6598 3099 3482 3477 8817 35445 6545 19982 9152 6546 27728 19567 6547 8819 3447 4365 7557 4366 6314 332 5063 8818 5385 18145 2342 4841 4582 3080 2325 9027 3497 434 5778 6655 14339 8798 11153 6388 277 553 1553 9647 6579 8612 6381 32347 34468 6696 31227 24009 26176 24010 500 5598 162 22269 19975 10476 19979 22266 10525 10482 24794 14881 24850 10478 24853 163 24793 22265 24795 12602 24865 24866 5599 495 24868 14879 23366 26941 30054 14878 24852 10479 14880 24867 18516 494 496 5359 9770 14875 14873 24861 14874 24862 10487 10474 10490 24854 24858 10475 501 10485 10488 10486 24875 26180 26183 31230 24871 26184 9765 26514 24883 24876 23365 24872 24877 909 24885 24812 35446 908 26749 24846 35447 24843 24811 24844 24807 12605 19370 12604 170 26931 19898 19900 9527 30050 24804 19878 24808 30051 30052 509 30053 511 507 165 19897 12603 24799 26179 1169 559 9830 2346 6612 310 2243 620 437 2269 22046 35448 5816 5791 14500 2172 6275 9121 6883 2164 22087 4468 9095 19595 3440 4473 4472 4474 14497 6324 9087 3478 20016 8821 10314 1617 8587 3047 9609 
4360 33807 4741 3616 4764 5053 3611 4729 4818 8415 4738 4871 4827 4769 15329 6778 3607 4736 4830 4828 4820 5049 5044 16858 13991 30868 12916 12946 30747 32664 5497 13987 32407 3610 32408 4740 14037 19309 27687 15295 
4448 17700 25503 23817 23819 26740 19493 19743 141 
4449 1758 4036 29129 12411 35750 34485 35751 19154 22285 22748 7404 15342 26866 31615 2662 
4588 19874 10472 23807 16213 19919 19909 19922 28011 
4693 20821 22801 34581 20813 20822 9914 30741 20807 
4760 19664 6859 20393 20980 17378 17429 15136 5435 2668 21412 23835 19226 32128 1165 12501 1537 35365 
5080 12688 35973 12827 2337 1744 10670 13918 17518 7891 2373 9268 14477 17492 2056 12879 11439 2679 3196 2913 3231 2971 17328 274 262 18023 7423 18878 4210 275 242 2972 18287 18348 1084 12342 24947 34790 
5182 22454 27202 24537 21948 22570 28997 14065 5163 34259 19705 9588 12374 23224 27644 26839 23117 21536 31393 23297 36641 29541 27533 24503 21181 25590 25588 22404 26068 28169 23182 10879 28879 27904 22739 
5186 3152 34620 16378 5589 5583 19745 2334 4906 18675 4545 30091 9883 17745 3782 32334 20796 21032 22698 9894 24358 19579 20384 27132 32335 6142 2510 1604 11367 35384 623 529 331 547 5015 2323 9851 2246 11386 11380 437 4623 7355 12271 13626 9877 30784 11648 24751 5443 2507 7095 14202 4490 141 283 2305 13622 19772 9848 2363 
5323 765 412 23778 619 305 307 2289 797 3071 176 6389 8206 198 540 559 3192 11144 2255 1552 13827 3019 
5339 1663 8179 1636 11137 2557 1322 18188 32917 28406 
5375 6423 20649 17040 1627 2018 36826 36827 7207 
5411 22648 26478 22522 27299 26084 24079 23505 23182 23531 35355 21949 23938 22663 24607 28275 23670 22644 28279 23902 36873 36874 27490 33778 24543 26067 25080 22915 36875 29559 34011 36734 24490 23536 28717 22427 24252 31950 24709 26672 26822 25751 25758 22635 34173 27599 26693 22591 22590 25921 34642 30690 25635 22739 22743 36766 36876 32975 23179 25245 29176 24740 23012 23854 21126 22883 28250 
5560 23154 21894 23931 25277 22725 24179 21536 21933 22524 24105 26621 22396 27044 25532 28461 22965 22526 24230 26699 12190 25556 24442 22513 25554 24276 28328 27944 22879 25106 24099 22376 22551 31959 28810 9585 23923 36064 27041 23039 24647 22413 37010 24102 24441 23117 2923 
5563 8505 1500 1277 1502 17077 1503 20896 27388 1546 161 500 10486 502 170 10507 517 1168 13275 3191 1026 289 33340 13042 20044 1025 20085 17884 4244 14308 17883 19726 17882 4321 4294 7326 
5719 18056 10652 17637 31 13017 12953 266 269 36042 4272 11636 243 275 20413 4295 18948 36240 13021 18620 28068 36057 8906 8150 
5772 26984 26981 26986 26975 35779 36300 27678 34320 37119 33163 36297 37215 37216 
5890 34982 10606 6516 1934 11788 7745 714 34358 26908 13865 31278 
5986 8097 11924 7985 13480 5374 15179 17693 17775 2865 2692 18109 35713 12733 2877 7288 15872 2880 7145 17777 17821 30681 30682 15188 9236 28353 28356 28361 29859 3165 9757 
5997 15153 23125 1509 18142 11927 15609 32128 11831 1165 11929 19673 11930 11928 11923 11856 11855 
6068 21980 5736 1660 37496 21454 33637 17593 11595 31046 21792 21833 32849 21786 21752 23554 21788 5737 16232 21763 21802 21813 22846 
6126 24419 31210 29525 27313 37109 27942 25096 37123 21598 27270 36641 37543 29299 29000 23108 37544 26392 37545 29054 35396 
6300 37630 978 977 32322 32323 36996 34958 36612 32321 14062 32215 30087 36989 19538 19536 7345 36990 32320 37408 36666 34954 19544 21289 11880 2525 12775 2635 456 34040 36991 36665 32317 36993 18636 12521 19535 21389 19539 8095 1811 7681 36995 36558 34955 32216 32213 
6375 36611 24096 26302 23040 29737 17573 26299 1028 35837 1821 2968 672 26303 28164 21287 8847 25834 25852 34969 30226 21254 37714 26298 31244 36374 7548 30467 
6411 507 170 162 5359 10473 26177 10495 18514 1168 517 18537 9770 488 19363 14875 
6481 10780 5447 10910 5470 5469 21205 11204 34228 10837 11300 10759 11822 10908 22855 10758 5536 10722 10755 10907 10855 5534 37832 36106 36105 2415 15550 10150 10896 2337 4755 20118 6061 17498 10582 10198 10934 9978 17550 4635 10838 10836 10832 10537 1292 128 129 27055 10662 13031 4680 22251 13083 11274 9976 13056 21882 21110 5560 10787 11415 18903 5215 5213 11223 37833 21212 37834 11811 7664 7592 7572 15538 11251 19151 10763 20788 13084 10785 23744 21225 18670 21210 10784 20772 21233 10584 10539 9980 37835 10209 10789 1806 11222 37836 11409 11203 11240 10850 10141 1807 37837 10091 10847 3541 2522 35238 10100 3621 6353 5624 2577 2555 6352 2628 
6510 20583 28904 24006 28732 35695 28886 30417 30412 20620 20631 35518 17798 
6514 10525 26924 20588 23803 26874 23798 13961 30514 24381 6423 1998 
6580 27561 22949 23729 24296 26365 26482 22874 22574 
6798 37166 36089 36640 17478 36593 11679 21957 37663 38059 37167 15750 
6827 24463 24306 24512 21696 27875 24186 35720 22923 22882 33417 21912 25758 22539 21933 25039 22387 22368 25078 21909 34370 30236 38097 25076 24256 22361 25116 22911 38098 24055 22959 26402 21920 32721 30233 22638 
6834 5002 1168 10520 19966 491 19685 21736 27628 907 906 905 10513 12601 24846 35416 19739 26750 903 522 484 10494 490 10512 27698 167 17023 19368 166 24834 904 902 488 
6858 20034 16984 369 34473 619 30098 5378 17051 545 12220 8759 3466 1433 206 9448 1782 1442 6576 12269 4519 330 4629 7362 13799 1611 2971 29379 1624 
6912 24560 25302 22387 23154 10883 23308 29040 22886 22929 20395 24070 34695 23396 23721 23117 34638 27157 23297 25903 26092 27117 22897 22827 34639 23504 26710 38144 22655 
6953 8854 36763 21536 23869 33597 25588 24505 22155 24466 29371 
6981 3120 2525 837 15294 4119 4120 1899 10857 8534 15295 7642 7873 12078 4117 
7083 13144 32200 6385 3093 18638 10304 9396 8055 12169 8673 4611 8678 203 13137 12157 8047 4571 29378 3732 30548 35135 20034 18646 5775 2263 10332 14295 6415 17895 12274 9291 34941 3721 10410 
7227 9693 4367 6292 2520 2177 1111 30401 14486 6098 3796 6434 226 5063 2181 2183 6719 4384 6915 2171 29124 346 337 28377 6904 2186 18271 6427 9087 23942 1244 19589 2454 10683 1452 1294 2197 2624 38434 14491 2631 5761 2208 22276 6555 441 9144 2209 6544 9500 9092 9932 4453 11357 448 37767 1207 5704 19599 10810 4587 23842 31380 1242 33056 27149 1021 1023 31983 9097 14820 18155 6891 2169 21190 9094 14484 2228 6872 6569 6347 422 4505 9495 5067 10667 5756 9095 141 598 3317 12842 2635 7443 6304 9499 2224 128 
7232 37099 38424 21147 22278 23297 31732 22197 22194 13035 26791 3588 32130 4288 21620 8145 23407 35986 22216 22220 22219 24479 37111 22156 23392 24478 21626 37905 21608 21623 35942 21635 38435 21365 21552 38436 8849 
7432 28356 17689 1537 5131 8554 4294 7605 17695 
7438 13035 30370 545 192 8746 3465 277 1831 196 3096 
7497 21164 9591 29141 28808 28809 26778 9600 29143 25644 37466 24895 23297 9597 25241 
7512 10584 11804 24395 19427 5538 10947 10289 15559 11391 10897 
7610 18918 1811 11078 559 1597 1198 1635 1625 9042 5216 2477 34128 18842 1322 27437 3758 
7678 24914 21119 21176 23398 26398 24404 37750 32494 33689 23925 35479 23920 36975 26456 30320 23340 26845 21167 36131 20735 26778 28067 25019 33869 25528 23924 36064 30824 
7721 34550 26052 29044 24037 21536 34779 26104 23931 
7790 37065 16672 13125 24945 9471 12789 34790 3142 886 12879 13445 4561 12863 12787 12880 
8231 24586 22996 25698 32755 22524 29845 25737 21903 29055 23297 25103 25000 22405 22617 22506 23675 36891 22432 26502 24611 22919 22572 25288 25289 22597 34590 39067 34861 22948 34448 22880 22662 32744 38088 22669 22445 23869 21573 38081 29852 
8258 5896 14902 5926 35436 5939 39073 5954 18386 14891 35601 27369 28088 18358 28850 28581 23796 5924 14930 9281 18490 7025 3403 9676 29287 16278 5113 5112 16294 9282 19409 17541 6532 6533 10610 3407 7033 7024 
8397 26369 36002 34445 39127 29565 24116 28030 27086 
8499 23310 24573 35392 22883 33695 24665 26700 27061 21127 24975 25250 39155 22618 33729 22278 24306 12190 28687 
8680 20208 34980 33497 19517 13866 39271 34358 19516 3425 10603 34497 35027 35028 26910 34495 15137 1933 4160 32938 16345 
8945 18336 23832 23245 2525 837 828 9207 822 2025 1358 23762 5512 23570 3295 3294 3132 12591 3240 571 3307 1755 862 6684 11468 15913 16446 15116 4116 38020 6673 722 24603 11763 1906 18979 4150 1745 
9036 26078 17406 22553 22830 22321 25240 25157 23681 23293 21145 22609 29109 28290 
9059 2478 2557 37456 2611 2579 1299 2186 2501 1199 1182 22064 3743 3747 6353 11308 6247 1196 15502 184 23950 
9281 21620 20753 22198 37108 23392 37096 24480 37111 22195 22825 23111 22192 27271 37879 
9458 32319 36992 37252 32213 30339 15483 22228 37629 32215 37630 9633 36666 
9529 22192 21174 21612 22183 30673 21632 21620 22193 38423 38081 23651 21630 21609 23646 37107 
9606 22732 22319 28048 38614 23606 21161 27866 22194 19120 19112 25867 23609 27522 26843 21591 25344 
9771 1544 34989 5430 8397 12498 19417 1504 5432 19939 1509 13505 1508 17352 3413 1311 14833 17358 17222 15059 11085 17081 1512 21247 1546 4995 1496 12476 1500 8410 17110 38507 8456 1283 21062 5685 14612 37722 8439 3409 15064 1493 1515 1518 1516 1517 17283 37500 1519 32014 1513 17216 35698 3327 12329 12623 12622 7118 20992 17120 13277 5180 23820 20979 17171 5176 3800 32510 37659 11837 37452 13492 8385 8832 8386 258 1525 257 13512 1526 17092 13509 2647 13511 17087 256 17296 28585 27346 28572 17220 17300 23044 1463 28623 30095 1524 
9859 23807 1169 2692 7159 13539 2746 34806 5110 12898 19812 12897 7137 642 7141 
9875 22454 9453 22405 23894 23507 28462 24281 29175 22831 38285 32785 28781 23297 27077 22592 36031 25875 24427 23516 27744 31547 24609 22435 21536 27161 17405 
9937 26226 11 18619 21486 36309 18988 26315 36630 
10065 20451 20585 9356 547 39774 36451 531 9605 8728 2437 23745 20758 
10220 27498 24714 21912 24220 24994 21536 32067 26455 
10299 20357 12956 30156 32688 16428 20355 30154 21419 
10792 24324 28470 8064 309 8828 27816 14216 6942 12557 2361 20779 559 2323 28350 8829 402 
10834 14040 2337 4452 1352 5582 2373 17166 12202 
11139 545 7517 369 2094 325 12376 5886 4523 8185 1443 5389 4628 4603 192 2358 1782 16512 3465 3467 1785 6131 290 1786 2093 782 32220 
11464 25557 24509 26705 24170 28291 21173 22432 22657 
11533 23407 36184 37904 17484 27657 21555 37344 8850 27656 23653 
11671 25355 4710 2280 13180 7637 2530 12200 17142 
11841 1082 630 9719 2284 23269 2493 12462 828 8968 2533 837 954 953 1062 11591 19307 28651 11609 17423 10596 21974 14755 17810 14315 20405 705 10593 12780 8955 15078 22782 15692 4812 3362 4856 29910 25811 3288 30654 16004 15408 25974 13357 33495 3261 2056 1033 37220 12834 20130 3318 12887 12889 18895 4810 21995 10012 12781 886 40084 12831 10517 29911 6472 560 22004 35472 6484 23588 9932 160 838 754 2635 4711 6839 
11856 924 34023 4108 36747 33065 4059 12875 874 10038 12210 16346 16602 691 15638 1959 14705 35592 6691 28140 34038 7635 11556 14597 24024 7936 12697 1982 17682 571 2407 2405 10439 10445 10435 10448 2370 4111 15007 25934 1843 20887 18782 18338 4098 12715 15515 1067 9267 5221 1933 
11996 12893 14884 978 32658 39752 1217 11332 6011 16586 
12041 4465 11343 3096 2071 8896 8656 447 10233 35384 15989 8884 2141 3071 6126 
12140 32920 39487 30714 33837 6998 22700 4629 2265 9822 559 2255 8674 
12186 192 369 17272 559 6815 155 2525 1000 9344 20289 476 870 
12395 2306 13130 30787 7365 197 204 310 9528 3022 809 11127 3035 4622 2071 
12401 33284 29871 31938 31501 16153 35488 19127 34689 29585 16141 26657 26656 16140 26655 16139 33459 21259 38984 21256 35304 
12404 9350 306 12317 2360 9528 34094 1811 15316 6190 6192 6193 37205 9163 1538 23264 30750 27126 14594 4623 198 8156 283 39330 23251 6191 
12555 37960 1687 1509 27387 13297 30361 10506 5598 10488 9770 10507 23370 
12584 15643 18034 1711 917 32938 1933 1740 30335 6750 4111 6751 2637 4003 3945 14026 4087 17479 6491 4059 11762 15275 8254 3355 16338 21952 5047 3607 4785 8418 16850 4871 4736 3611 3609 6769 5017 3616 4764 6772 4732 12105 4766 10866 17399 6494 3154 10612 18897 2639 11108 28140 991 733 14925 3200 714 1894 6492 4338 20050 12874 16558 16347 1731 3876 14916 821 3121 14715 14474 3207 14475 7746 155 1003 14927 4136 3004 17431 9303 14470 16887 12001 
12617 22409 38582 22656 23704 22975 22937 24079 22491 38931 23026 10883 24696 
12750 26830 18520 4326 722 13664 32911 20350 35553 30121 
12819 38542 13272 17805 30559 34179 18983 20951 38952 40250 12356 
12848 23633 4256 4312 4324 25943 36709 7309 7318 13704 25945 3061 37740 30942 4313 22237 
12889 14677 3486 1010 11615 32444 15145 16050 28642 23318 15716 19354 19353 9676 3406 20115 7064 30982 7042 9276 
13026 2773 2859 16038 2832 16251 18605 12089 642 9809 7733 1811 4341 19831 
13028 9291 23963 18659 11362 36351 28631 36970 20029 18729 13795 928 1094 2525 30622 20905 10411 33947 19058 12319 9877 38442 17772 4579 623 13322 12265 3022 8772 17904 17895 
13616 11634 20096 39954 34229 38396 28348 7309 4337 4207 4670 978 4294 30945 36934 27192 4325 4319 28695 29663 1023 9575 
13636 13224 12199 8394 1488 12630 6517 1076 3840 
13714 35551 31613 18535 33288 34466 36722 4926 13366 13365 31614 34464 18515 24923 16813 18596 18324 39954 4984 9793 1025 28573 17298 37138 7681 16110 2661 275 7892 978 2337 13847 4905 7866 5607 18679 467 12693 7490 744 2283 468 2525 1538 24361 12432 
13749 7874 15306 19730 19644 837 5508 6767 26913 14637 26000 4863 36247 
13969 17406 25679 25074 21181 22719 22413 23902 37190 30709 26088 35061 26609 32238 37762 
14058 10024 18046 30107 6470 17422 2525 35866 2985 9337 27430 2792 19482 15676 16355 2664 20412 
14321 17759 16250 5104 628 969 10052 15243 15240 928 1890 3845 
14441 9795 18599 10461 12227 3147 7725 23266 3160 
14472 12186 23182 24611 21912 22882 21930 23683 24505 25588 21573 23869 24179 21901 38581 21695 21696 25041 24156 24187 23902 24134 37533 22521 21927 37676 30926 23646 22219 31397 33311 22509 21913 21909 29810 22465 24999 21126 31288 29811 22669 23214 27218 24678 21917 22478 23196 24240 36877 35617 39471 38371 36063 23213 24122 27109 22401 33694 24040 23207 24734 25037 35151 23225 22644 35408 38654 22645 38653 23856 26380 38267 25112 23102 9588 23108 33269 33267 29320 27079 27252 33382 23929 35176 21635 23657 23653 21619 38375 38969 23387 37186 21520 27274 26446 23884 27302 30244 27296 27286 26416 36600 36618 38659 36732 25105 10882 23503 22562 28177 25006 23301 22633 22883 26094 21860 25694 21948 22187 25751 21536 26493 36802 38844 23221 24733 24648 29019 37636 23912 33431 23311 23200 30326 24657 28065 21903 28298 
14575 3913 1842 1965 2405 2676 1739 580 731 16027 13166 22751 4117 
14602 22651 23117 23293 27079 20727 24070 22607 25723 30316 24042 23216 25161 22635 22320 23397 26621 27036 
14830 25027 24507 22588 30239 27538 23355 25241 21518 39052 30815 23300 9595 31712 39611 30629 38774 
14845 29536 31063 38136 39543 34709 34708 29170 31067 31068 29538 
14930 12190 33251 23028 27925 10880 34697 22562 10877 31803 39454 33732 
14949 21332 21366 22732 21578 21167 30202 20753 21607 23112 21601 22739 20717 38398 40573 34848 21364 38025 21158 22194 
15008 22926 22936 38931 24049 25581 22410 24255 22975 
15164 28472 1198 1224 28408 1336 15368 5660 13537 128 10676 1292 5806 129 10693 5311 4477 3442 4485 36543 9708 17757 11828 21440 7762 455 1352 20567 3521 22077 1133 21432 23942 23943 28376 28409 6367 5305 3698 9696 6347 422 19587 23972 1636 16459 6287 1638 9244 1405 1115 35235 11150 28096 34803 15143 25449 25448 28095 29440 2341 2337 160 2195 12099 24482 1674 2501 19568 
15242 1637 30993 23772 7124 4362 12499 15982 7667 37867 
15314 11759 8968 8969 6691 2525 2494 14699 17997 11105 3297 25410 29128 
15407 21976 3531 858 1083 4347 10026 921 2972 2635 16410 31510 1538 7777 16118 878 35472 35207 22004 20366 13917 21959 631 
15486 6751 4410 2042 1076 7962 2956 681 1843 933 11536 4111 3318 18897 33327 15215 20872 20868 10043 1891 1816 673 924 17928 472 2396 476 3132 3560 1892 1973 9261 6681 10038 17647 20878 991 18047 2043 17988 14703 31691 4103 2033 9447 7633 7941 696 36717 12958 1993 25401 6677 13204 628 11470 31590 
15560 13430 6999 5430 17142 7661 51 27237 1609 850 17684 7659 17918 3178 23265 23266 17501 15112 8830 32176 27629 1811 13521 26913 36816 14000 14036 29931 13999 20197 5172 19360 1538 13190 33547 4863 16335 1023 4543 27791 26747 12031 12529 1268 8466 16824 30097 257 8551 1537 2971 718 14037 33668 33279 15042 10999 25979 9004 15277 6004 6003 11001 
15570 3895 18052 8236 20603 821 2962 13404 13374 
15766 30186 31282 40005 29840 23302 28742 31961 38994 23697 28795 33690 24907 
15936 39301 12462 17957 21396 16085 13248 17984 17974 40450 3192 141 1811 
15952 22386 32301 22648 22831 22657 22278 24062 22635 22959 25041 23542 22432 37680 
15956 32567 31635 30002 33300 30015 29956 30043 29962 33301 30012 30034 30162 30029 30759 
16043 37657 1525 1502 28896 12481 8440 21561 13035 5195 33556 8568 8571 12475 17349 5168 5169 1551 19727 30167 33659 29957 33206 30004 30005 
16274 23296 31781 25566 21883 35616 12190 21890 21892 21891 38843 40667 22438 
16289 32873 16864 18910 4419 8183 2364 7846 13376 17531 19360 1609 12974 6038 2673 37205 40531 25629 2373 2357 9471 2372 837 1265 1025 8540 4824 5056 3184 4738 4820 1287 3192 30648 23758 29861 19276 2203 8537 16836 978 1537 1509 3261 9793 12727 3607 3617 4796 4294 1264 6011 7889 7572 8542 3292 35441 25806 12444 20182 2662 2365 4011 16020 10689 
16376 28309 1168 24381 30489 35453 31011 19957 14869 15977 21237 12102 4889 4908 1800 19641 37876 
16411 28982 40710 7806 19512 29697 829 1628 20229 
16673 34382 17573 30478 20816 21376 22807 20541 9914 7546 
16787 6037 3265 26938 19364 3589 517 515 18539 23370 24924 36821 24923 10524 10525 10487 10475 22267 10495 16223 484 910 10480 5359 502 9770 501 10492 19713 10482 513 12603 511 12605 10509 10519 32644 6696 10498 9768 39889 519 19600 28100 16839 20166 7663 17501 3174 16325 3177 3144 7572 8201 
16813 38188 38876 38189 38224 37902 39185 38216 40221 
16874 29009 27263 38524 28780 31715 37464 39287 22641 22667 21520 21165 30823 38790 23925 24888 24408 26448 27293 40387 25531 29542 38272 39090 35059 9588 27296 36320 35570 35343 23343 23297 26108 
17018 33347 26427 7335 38433 14744 5714 29945 33348 23757 9656 
17094 22216 22160 21626 21620 37879 22196 37111 30578 
17131 28072 3079 2971 1538 1169 329 2464 334 402 8897 3522 197 12548 3073 6445 10247 5412 14255 10799 13823 7398 7355 4575 9528 
17386 28208 23719 34171 17405 27163 34524 22483 24229 23397 29505 22719 17406 23860 32566 22919 21915 36769 22471 31110 23218 27050 25116 22462 22880 22607 29789 38477 21128 35150 37684 24442 23308 31541 25335 30253 26368 36329 12193 25103 23539 25733 21142 29200 29191 29201 37593 33630 22883 25675 21913 10879 10882 26078 38651 25909 32556 31334 26441 25074 22961 12188 33309 27108 24260 40362 24230 21934 35785 
17401 2692 2830 2686 2689 35846 19853 5110 33060 33058 19430 33061 19143 18494 2773 32427 19723 2746 2750 32431 2748 2845 2807 32430 2659 2847 18115 2758 2863 2831 2690 
17420 36647 21439 26764 7761 26756 7757 39900 26762 31353 34976 36398 26755 
17423 22432 24977 22572 38775 22827 30597 24034 34583 27744 22966 33581 26095 31817 29842 22196 30313 33252 17406 
17428 10731 5216 19450 10750 12222 24397 21211 5547 1232 7088 10220 15200 5503 20778 19754 10583 10887 10722 11287 11288 11230 12452 18875 5468 23591 11406 5552 10576 13765 10708 10897 10732 
17511 3501 5150 37788 37792 6904 9035 4447 3454 3459 2185 3490 3444 30606 3513 1352 24791 1355 831 7209 2014 829 9306 1627 2025 822 1628 8968 1356 12815 18283 18289 12176 835 
17571 23030 24099 22406 31702 24668 33777 24495 22667 22446 23026 24670 23695 23225 24259 22376 39605 23232 29178 21913 38650 24617 22450 22361 30818 31575 37250 23509 28278 22605 24543 26355 24136 21860 24728 39421 22421 24487 27886 32719 22905 24542 12186 32235 31055 22593 22535 24289 25077 24485 24618 27991 12188 24260 25002 22993 25305 37531 26458 24719 24717 23195 30253 38520 39482 29541 20747 35942 38412 23012 22530 21933 30170 25671 24294 36197 24590 17406 23715 24442 27923 
17683 8090 107 68 17184 11019 8077 15287 118 6015 5974 10965 10957 10994 28306 
17776 2462 3685 3689 22062 3681 3690 3674 22056 
17830 33997 30504 20191 26240 13546 25513 25512 20894 
17902 25689 19949 19947 13961 19894 26557 4380 19705 12439 32361 13366 32358 31971 13365 31614 1169 19738 9764 4238 
17938 3435 1257 7121 2536 23240 16165 1287 6455 5432 3800 12479 5168 1498 4995 1537 5928 34086 220 4549 39254 28438 6232 7446 1323 1299 128 30606 6111 28923 3946 15511 1352 3221 25776 5245 5452 20430 15382 718 
18186 631 14921 744 1711 917 32670 4910 7987 4890 16914 40086 1627 9230 837 722 1509 5368 1500 38463 29468 
18360 11842 33976 19803 12235 12233 1811 7171 4340 5748 2821 26042 31663 17440 28720 31488 19502 16040 18592 29927 17848 36427 18482 7290 2775 17596 32539 26266 12732 2737 7129 2701 2694 5110 7176 641 20186 2733 2762 28109 4956 9478 3549 11933 7125 4562 19293 593 1930 744 13572 4344 2387 2956 30867 2396 10438 1739 464 2525 19557 17942 2763 2765 17775 19841 37451 30965 19071 7751 3615 5095 13920 
18412 38836 26454 25586 24447 24587 33858 22883 22562 23679 24529 26686 29789 24197 39067 34861 22880 22662 24264 38088 31282 27243 9595 21902 23306 26378 28060 40812 35949 21145 21934 22669 23709 22575 25518 25319 12190 39505 25238 22370 21536 23869 
18752 978 12727 15283 718 456 26753 8095 35230 7982 1541 1236 9464 5142 5430 5002 
19238 4231 2525 16662 16677 12789 25363 1906 19647 8331 4419 9714 12740 2337 1169 1811 2635 
19353 30025 20433 19541 18082 5030 5079 19188 5229 5343 718 34290 978 8953 31637 30759 30166 29969 30379 30031 36330 32567 19727 18513 26184 
19854 39336 27076 33782 15707 21920 26958 21536 23881 
19914 3105 13827 3094 13798 619 6808 16391 2323 3071 797 
19998 1417 1365 1370 1371 1369 1368 1372 1378 1381 1380 1375 1377 
20072 16634 16672 16662 29914 12746 12888 10591 18049 16659 
20157 1468 1594 7394 1606 8593 2337 8236 18008 29888 8671 4458 38574 10324 8806 194 25516 2246 2310 
20251 37712 30951 16635 16634 16676 35424 29915 14701 
20725 997 2985 18415 1050 18486 4206 23322 23321 3395 32817 35837 4093 7458 29289 13431 30083 13553 16331 18039 4895 17979 16945 4892 15930 15932 4894 17948 11860 4702 17951 4893 4900 28969 14741 30827 39172 33963 39173 37841 31427 31422 39109 31426 31424 31423 39112 18566 20602 39175 4735 18017 39110 31425 31428 39108 12030 12073 38575 12044 39176 39174 39111 37717 35427 13250 31429 30530 12072 39861 13247 19088 16330 13248 11840 16964 16960 
20803 38454 36027 38453 36026 40115 22002 38451 37650 21957 37167 38452 21998 38652 20083 28492 22559 38455 37662 39757 38449 38450 22008 33722 36593 22557 17478 21953 36005 38131 39713 30431 36640 21954 21955 11679 39152 
20905 2763 17445 17450 17835 7159 17843 16592 4341 2813 13920 2821 9189 17442 14384 7298 28984 32901 18581 29399 9426 28604 
21085 2317 3769 39196 37777 11356 4612 35374 37654 7969 5159 34671 4435 9358 5577 
21206 31256 1250 11111 26816 40064 9561 30843 1141 2600 2633 2622 5147 39512 
21247 21764 13999 30803 29434 14000 27464 33298 9967 9964 30547 39463 14051 13986 13970 38854 31439 37290 21990 17593 16109 21768 30423 17729 21820 21762 39683 29441 21836 23554 22845 31043 3341 24335 21781 21775 24340 27770 21787 1659 29382 29658 5721 21816 24337 26545 21073 21096 30809 31520 40540 21459 11597 21465 11600 21773 21790 21793 21072 11579 35753 21753 21100 38901 17594 21801 21107 37734 33492 40528 21808 21772 37292 21779 11572 23586 40873 11573 21792 21071 11596 13732 37070 21745 18299 21093 22843 40089 33488 21837 21089 26206 21822 21744 29437 21074 23557 11574 21075 34819 21097 3344 21769 37160 23587 21761 21759 35742 23552 21770 36260 30422 21828 21806 
21262 23560 21104 21806 33490 21461 26206 29441 17594 36743 29434 21098 
21319 837 14304 21381 6057 4416 1811 1217 9793 
21360 1896 1889 966 681 40475 628 1856 2929 3369 15509 2493 14034 4813 7859 4907 9964 2337 992 155 51 991 12778 
21381 37725 3187 5545 5546 20045 1609 6027 1811 7743 2525 28444 24023 
21456 2461 12126 1796 19061 4519 3021 13337 2089 37497 18665 17007 13705 4294 26540 559 3419 8643 18750 12273 9395 
21546 8849 25588 23869 29568 29819 25323 23397 40760 23234 40368 
21580 15321 11974 642 12893 12613 2662 18857 11975 
21694 722 30501 15563 35883 40382 15996 30842 31477 18127 287 
21753 14529 39808 15396 1537 8463 19687 8554 17201 17393 4342 8453 1687 38104 5206 26548 10694 
21896 5114 35972 34123 7974 283 3271 4924 165 23984 10525 10481 10480 9770 501 500 10484 503 10492 161 3589 
22015 23133 51 1650 5722 21464 21450 21451 21798 33490 33636 24338 39683 21461 21832 38738 29441 11585 29659 21740 18285 
22249 22230 12104 7505 7461 18859 28111 9793 4679 
22255 1665 3776 6719 5830 3431 3448 14117 9692 36966 12663 
22260 15560 18270 228 5349 7085 229 3652 12608 
22322 18649 34865 10309 17905 23490 18572 35735 2324 763 2362 28945 793 13906 23781 13915 19344 13603 16984 9387 4572 
22561 2446 5953 5925 20547 569 21842 37403 14078 35728 6218 37401 14075 26773 14077 20548 34869 30976 27364 18381 14901 28595 28587 14895 14905 37504 17486 978 29267 
22565 31043 21807 16109 21813 29441 21794 26543 36262 30808 39517 30423 25423 27770 21744 40528 21804 28341 22848 21820 
22701 25819 35657 23076 13215 39696 10070 718 19204 19864 19014 
22740 14935 4363 16793 18932 19610 2487 18318 28486 483 160 718 38366 5350 19016 35329 7105 7104 7123 
22773 7125 34090 2858 34805 642 4556 40315 5111 6529 13770 29157 5110 28965 
22798 20493 18120 25955 20497 22274 2337 4740 4545 837 
22822 25504 20484 13112 17853 19494 8537 37141 1811 9803 2337 19743 4757 12913 34685 13427 12199 7825 40286 36058 20146 10457 
22922 18962 26114 26115 3604 17615 8013 15770 15843 11 21480 
22948 7777 30092 1538 8906 17644 8132 10647 4691 15843 31930 
23002 29843 27279 28768 28777 27655 30177 36321 36484 25122 33690 
23342 1017 9994 18497 26426 1023 14423 18509 9470 
23462 4900 17946 4891 3192 718 5452 20469 19206 
23814 38992 28826 39671 37392 23350 28795 35176 39010 35565 31104 38310 39126 24981 27655 38989 35564 40928 26315 26317 27091 38021 23697 
23842 8828 2361 14235 1473 4628 6398 9822 805 3421 3732 
24192 13206 3235 2969 3386 18214 3347 9956 7487 16447 
24260 26985 27668 27618 26976 27669 38463 29481 29485 30666 26993 40615 29489 38481 30670 31740 38489 
24264 51 7911 21016 3108 8773 7389 3039 4565 1209 35255 187 38000 10324 9861 2474 5775 2465 21014 13154 12183 30789 13211 6980 13323 6415 8674 13883 12174 2141 30763 12182 14163 6624 5008 8884 7369 40325 7971 6961 204 2363 35669 20194 16445 14161 3469 34051 3788 20024 14517 27355 16748 2510 35008 356 359 2105 7364 546 6204 8610 6372 
24329 12266 6449 6951 208 13606 3038 6972 36078 2061 30724 2099 801 5775 36081 26540 3078 18664 2258 305 2129 306 34649 2474 8047 13827 20104 26012 6125 325 329 1209 529 1441 331 14129 9348 3732 15415 20034 11371 2263 6589 3099 8828 2362 3736 4572 34114 805 559 1811 32959 3154 141 2190 9364 3420 
24378 11056 7499 32458 13714 10989 13711 109 69 8107 6019 7526 6018 7536 3744 18632 68 
24409 1509 12653 7335 5429 25645 642 19813 17787 14312 9921 5172 17391 
24502 10783 5528 19426 18265 10583 1330 10944 10167 10702 10787 10722 10843 5527 10887 
24801 34562 24419 26379 33708 24400 29142 36320 27955 34753 26048 23297 24123 24260 21948 38466 15358 18 23697 21536 33424 23886 31062 36281 27308 26399 27306 
25539 34029 27484 25056 26636 23200 24657 22592 25683 23225 25116 23027 10883 
25642 1625 11425 11226 5557 10787 27728 3445 3501 1642 11268 2203 4499 
25708 22361 34166 24106 29337 36947 21536 24292 40947 
25761 1811 6037 837 14304 1628 16106 7209 8968 16913 8962 36217 2014 827 19788 20524 12215 16906 2351 5515 36274 1998 16928 
25908 3859 24325 21303 8306 27430 34528 30112 12970 3852 7633 153 2525 12831 21974 12351 1086 1048 39405 34518 2393 14719 18294 35266 1096 1957 28149 1843 16358 4048 1853 10670 18216 18466 20084 1744 30113 571 2406 591 35126 35866 28537 3835 3250 3328 
26138 160 2530 2283 13795 1843 15075 2525 455 
26248 99 109 19294 6020 7539 107 1169 24844 170 24010 162 5359 
26255 3795 1466 20911 20904 4519 1594 8773 34664 
26333 24229 23707 29527 22990 34025 25266 33826 23022 27022 31123 
26392 38667 2450 370 12539 2119 192 6127 6126 8597 805 5703 13156 763 9743 6445 18374 15988 757 15896 809 10392 15474 9962 4628 5389 35458 3138 38005 23962 21059 6372 16498 6375 2526 14151 13788 14258 9941 3762 15508 16494 16496 16492 15923 14215 14216 14152 14135 14130 1613 14228 16495 36227 34362 14198 3019 23959 16491 13158 14261 331 447 14170 40049 1445 15898 28852 24778 
26601 28765 23350 34554 32260 30320 39143 31310 27296 35583 39087 
26798 9772 33921 10087 18064 9479 5131 38894 274 269 14071 40375 5167 
26873 2437 31223 31579 7411 35348 35762 4294 1023 31653 
26882 17406 39475 27159 37386 23202 29548 34871 27584 24607 22949 26056 23921 21883 38794 26667 24466 
26943 3871 7490 1749 8302 36471 11483 8325 2382 20050 2409 2383 585 4344 2970 2968 3953 2954 40829 
27073 33921 37742 32599 13275 37947 33297 34490 2337 14434 23126 38957 29090 38894 32773 12434 11914 5167 
27146 7093 21026 4596 14945 15971 15947 40616 33028 1637 1154 30405 2662 15486 9956 9461 
27409 22538 17406 21181 28328 22401 25078 38693 21934 
27435 4186 1843 1962 2942 2365 3192 14254 5617 3689 35008 309 38562 35004 35006 35001 205 
27526 8857 22605 36798 22562 22649 24500 27447 28279 35387 25072 22949 23010 23528 
27734 9992 6986 3534 1023 16270 12570 35373 21436 
27826 8443 25348 13021 8906 8150 20951 18056 18947 27913 
28151 15962 9134 16468 29120 14267 25414 9160 6870 14820 16470 180 
28356 30448 30449 23460 10472 26867 32791 14866 19910 18537 18533 32353 20009 160 978 28014 28012 28013 34403 2662 10499 18514 9769 
28489 3552 19056 3549 3545 5452 4965 15590 25895 10054 19182 
28544 40959 40957 39312 23921 24409 30239 40956 27296 
28677 8484 30620 14807 34615 28988 26535 4225 8479 21061 32621 15015 22327 37502 38016 22326 3585 23835 4224 17219 17435 1683 6076 5140 30766 6082 37656 6081 17376 13480 8452 39884 17380 13477 39791 20977 12626 24934 5435 1463 1549 8031 34483 35730 28571 12642 30132 19691 37578 38051 27408 38052 27405 7120 29925 30131 1513 1516 37500 37576 12643 37574 37575 37577 29262 27407 5195 5197 33556 5196 1518 30133 1515 33375 39480 1517 27404 17283 37623 1519 39822 40229 1514 32401 32014 28570 30134 39819 20995 5209 12490 17124 17123 37360 32810 35629 12491 9125 1521 39886 12492 39878 20996 38870 38514 13479 12489 1520 21005 6085 21680 12488 30095 13515 28596 27403 13513 37454 8832 13514 13491 8384 8386 39319 5198 1522 1523 12486 12487 12493 257 258 1526 1527 1512 8509 13492 13495 39438 21245 37452 17091 28586 37658 13494 17090 40881 8385 1524 39437 8387 1525 14613 17088 17089 32592 17092 13509 28585 21247 17086 2647 13510 8831 17085 8508 1528 11837 31259 36135 17304 37453 12618 13512 21244 5188 34628 39115 13511 13493 17084 17087 256 17079 18889 40752 21246 27425 27424 37316 17083 37659 34633 19480 13504 39320 37315 35041 34630 13507 13508 17215 13505 27389 17295 19556 26007 1505 19322 27183 12397 17296 5182 2648 3801 1511 17301 21002 27381 5376 25584 17129 1529 1506 1510 39885 36024 31276 39691 22858 8551 8463 5177 12624 8558 5201 9467 1680 21063 28692 1508 8506 8504 1504 17074 1681 4342 17351 39835 5375 14831 36025 5183 5184 8563 28696 17282 3802 3804 17126 1509 21243 16955 32600 12627 19417 14327 12632 27187 17220 5208 20981 8555 5432 30875 12498 18118 27382 17100 1795 438 36841 5010 10393 17017 3105 311 529 801 4498 39226 3093 2141 2319 8794 7367 5004 2289 2483 3107 6609 477 39355 35007 10366 6597 16519 20513 407 9352 37978 7080 40026 31363 36809 368 11717 4992 304 15190 1319 6808 620 194 1796 3099 198 1591 8288 6375 
28734 1182 19346 1186 1666 9042 9247 1699 210 2541 1413 18836 1663 20973 5628 5705 3632 28542 1633 1691 1233 1697 1631 4657 2247 
28753 1571 3044 14175 1602 35001 309 7364 24785 33578 
29100 19739 40638 21462 522 485 4321 265 4280 32502 5340 978 36086 
29105 39097 5626 11032 1225 21019 1188 8216 40538 
29406 37621 11 36419 17615 30125 13747 16690 8902 12403 8011 
29407 27453 25847 36130 37335 7457 40774 5603 7643 14041 26579 7831 31720 37334 40259 35083 7648 36106 26945 37164 37800 4906 21965 38729 3231 14452 8542 25504 4755 39880 4545 40738 25359 28989 31722 13678 37092 31789 16636 2373 28488 30968 36737 27459 38731 3607 40580 32951 16336 19649 7989 25806 11846 34789 37091 13558 37243 11840 32806 37717 35427 13250 30827 16331 31429 4735 13248 40894 12073 28610 4702 16964 12022 29890 16932 
29416 22045 620 7396 14300 8731 3032 3785 3019 8735 2474 30882 11702 4625 22707 13127 8647 4622 20259 35258 20261 8769 8677 1469 
29522 22628 23890 40367 24243 35209 22412 23311 26480 23225 26704 
29661 37995 24088 21909 33779 28065 40835 23305 32300 
29758 5920 5931 14910 5851 5896 14084 5904 26774 27371 14100 5901 29224 27370 
29821 12694 12587 16673 1984 11551 2946 11552 34519 1076 12707 2284 1820 30106 15108 4712 
