52 714 4428 2051 1937 4429 4430 4431 3533 
84 189 200 2252 5012 3040 5377 758 5378 5379 4602 5380 5381 5382 3089 2327 5383 3737 5006 5384 5385 5386 5387 5388 3038 3029 406 5389 781 2123 809 2132 556 1556 2484 192 1432 1439 195 5299 1792 3021 1442 1783 4520 2097 5390 405 1473 5391 5392 2310 5393 205 5394 5395 3059 1594 5396 5397 3739 5398 5399 1435 2347 5400 5401 2472 3052 1421 1464 2315 5402 5403 4841 1608 477 5404 5405 5406 3793 5407 2247 5408 5409 5003 3105 5410 5411 5412 3794 5413 2249 1472 5414 5415 2242 1791 4840 3765 2301 5416 1430 3073 2474 5417 478 309 2473 298 5418 296 5419 5420 5421 204 3133 5422 447 5423 3767 766 5424 5425 5426 5427 5428 1493 5429 1500 5430 5431 1504 5432 5433 1516 5434 5435 1515 5436 5437 722 5438 3065 5439 
106 1594 4357 6420 6421 387 386 344 345 388 422 425 333 4356 4355 1338 1339 6422 336 1343 443 378 364 342 341 385 416 426 131 365 337 395 384 6423 6424 6425 1354 825 835 1356 6426 6427 5759 6428 6429 6430 5842 391 1344 1342 6431 6432 5061 6433 5323 6434 1411 
121 1730 3959 1842 1910 3313 624 707 1492 274 6834 266 2396 1755 917 1933 714 472 4015 1708 2415 3833 6835 642 1719 150 6836 6837 574 6838 2044 3995 3992 3389 6839 2395 1718 6840 4244 1538 1893 4086 6841 6842 3963 1986 6843 6844 6675 937 601 6845 6846 820 3192 6847 2664 6848 145 4005 4133 6849 696 582 4060 4061 607 879 4078 6850 6851 6852 6853 1752 6854 6693 1879 6855 2639 4085 6856 6857 6858 6859 6860 6861 6862 6863 3596 6864 4289 6865 6866 6867 6868 4102 600 6869 1875 
176 211 1117 3634 1118 5573 1428 406 412 6635 4610 5778 1123 4546 1147 1242 8870 8871 6106 2507 2581 4514 3797 1196 3684 1138 1142 8221 1304 2486 2271 8872 8873 227 8874 1177 1154 1155 1231 2431 1167 1302 2626 8223 1441 8875 1191 6441 2580 2641 1178 5679 8876 8158 1115 1238 6223 1180 1184 1633 3456 1186 1189 1187 5695 1220 1192 1125 2642 2501 1198 1200 1201 8877 2624 1206 8878 1222 527 531 801 6593 325 2141 1582 297 805 8879 6592 2362 6631 798 3420 192 3081 806 305 529 3042 8593 3109 2182 8880 1197 3538 2180 1223 1224 6232 1305 8881 8882 8883 1233 1207 8884 3099 1571 204 7078 1227 1625 3701 1325 8885 229 1150 2489 2179 2478 8886 7552 8887 3442 6111 1690 8888 2178 8889 1262 3709 2539 180 6250 1288 1295 6239 8212 8162 2563 4565 4519 3070 8890 2553 2616 3668 1318 128 2514 1810 210 6233 8891 8279 8892 2425 1252 3499 
222 2289 5418 6804 3268 9608 6605 2317 525 1567 1422 1565 1560 315 1559 314 10469 1558 4837 317 10470 5617 4843 1478 2249 3047 316 318 319 1436 197 536 10471 2135 5454 10472 506 10473 10474 10475 10476 10477 10478 10479 10480 5358 10481 10482 10483 10484 10485 10486 10487 5359 10488 10489 10490 10491 10492 10493 486 484 10494 10495 10496 10497 10498 10499 10500 10501 10502 10503 10504 503 10505 9770 162 10506 10507 3589 10508 10509 493 10510 170 513 10511 522 902 905 901 10512 10513 509 10514 10515 10516 1168 456 6937 2988 3333 9739 9719 10517 3808 521 904 10518 491 10519 161 910 165 10520 499 501 4966 1537 3259 10521 3258 10522 10523 10524 497 10525 500 
236 7936 3297 870 2525 7575 842 2281 1964 7938 2924 1709 543 10872 10873 10874 6492 631 9267 10875 
249 11326 11327 11001 11328 123 11329 9009 11330 9007 5219 110 85 11331 11332 11333 563 2222 800 553 208 545 369 324 305 3463 809 2136 9962 176 1433 1779 199 1831 11334 11335 775 805 6445 550 551 778 779 791 1442 189 11336 1445 11337 5769 11338 11339 11340 5015 2323 6621 11341 11342 4831 318 317 314 315 316 1571 3266 10273 2299 187 11343 397 192 3475 8764 5883 6650 1425 196 8766 1787 1788 6207 194 11344 8767 8597 1706 559 1352 3191 10999 6004 11345 10997 11346 11347 10996 11348 11349 11350 11351 6003 11352 
276 11988 11989 11990 3543 5341 5342 5226 8344 4942 5250 4939 4938 5031 11991 11992 11993 9518 9516 11994 4944 5030 11995 5246 9519 11996 11997 11998 11999 12000 9522 8266 2525 4189 12001 838 3310 12002 1930 12003 1857 1854 1845 3928 1849 1855 1847 12004 12005 12006 2943 1846 1850 1851 1853 1941 917 934 3926 691 1067 1852 1848 1769 12007 1758 4036 571 1933 2947 3010 4930 11935 12008 9832 12009 12010 12011 5251 3551 12012 12013 12014 12015 5229 5238 12016 12017 5256 5232 6121 4946 10081 
338 13004 13045 19 13046 8931 4684 8936 10661 
346 13124 13125 12851 12855 2786 9316 12742 739 6640 1467 2250 13126 13127 13128 12138 1428 13129 208 13130 4565 6625 2251 12273 8773 5423 13131 13132 13133 11373 12169 8828 5887 12184 13134 9359 13135 12180 2136 2485 10338 6825 4458 205 13136 372 1574 2305 12163 13137 9365 13138 13139 3099 458 13140 8805 12296 13141 13142 13143 13144 13145 547 10379 553 1586 2153 11698 1831 1795 2319 12554 12149 13146 9355 4577 1466 12177 12270 6934 186 176 538 13147 5775 6932 6037 9773 13148 1811 559 194 546 13149 187 410 13150 11705 13151 13152 12277 11709 324 13153 13154 6929 13155 409 2888 8290 1578 3090 13156 8774 13157 398 3106 437 12325 13158 2526 6372 4623 6946 6947 13159 13160 3097 3028 13161 
395 14117 1638 2170 2163 6564 1665 6542 14118 456 14119 14120 6904 2536 14121 13523 1679 14122 13533 14123 10682 11228 
404 287 12472 14399 14400 9898 11907 14401 14402 11566 11564 14403 9900 9901 13697 11562 11913 14404 14405 10825 7343 11569 14406 14407 14408 14409 13924 13940 13687 14410 14411 14412 10828 11873 3012 722 3008 1551 12526 12471 9439 12512 12509 14413 14414 9990 14415 14416 14417 14418 14419 8265 14420 1010 1026 1025 14421 14422 1023 14423 14424 14425 14426 9993 11897 3579 14427 14428 14429 9994 14430 14431 14432 1018 1019 14433 12496 12497 9436 11719 14434 3577 14435 3576 14436 
457 3139 1709 5058 11107 9322 9428 9341 609 15089 11093 11513 601 15217 2380 614 9442 15218 592 15219 696 605 4014 1993 15220 15221 8311 3942 632 10609 8152 
476 1230 15435 11728 2624 15436 2642 15437 1307 2488 8888 1259 2195 15438 1242 15439 15440 718 2179 1196 3701 179 1674 15441 13776 3719 2232 3672 1663 15388 3686 1636 3456 2622 1695 2623 1453 2580 6245 1288 6236 7079 15442 1289 15443 1182 2627 
641 1910 12969 13381 17920 3196 10608 3961 4030 15664 935 4135 5057 12977 13434 15459 917 10442 15739 17921 17922 1099 564 7947 1096 9924 2398 1959 2282 13435 14780 2406 17923 3559 3313 586 15054 617 3120 9927 7948 4003 3131 16571 3307 15006 17924 17925 1868 585 840 13432 6525 1867 1770 2412 15665 4115 12868 15640 17926 17927 13952 15268 3933 593 2403 4344 4133 696 11547 893 591 2393 845 4071 16602 12711 17928 703 873 991 7758 1755 8307 13393 11526 17929 6866 13183 4541 17930 3857 11092 14696 17931 13421 4775 3863 15641 17932 2028 1076 12980 17933 3841 1875 4125 13450 
648 1072 692 18049 3116 12835 1102 2524 17890 12831 861 2965 12903 15758 7485 11477 9213 18050 17427 3611 5510 7209 16915 12755 10012 18051 15213 18052 
678 11767 2525 4226 2959 4099 10040 3829 998 12947 4812 11480 12564 2337 2954 2415 682 
679 6509 3854 1928 7490 2041 893 2354 1741 2396 18280 
692 18431 2712 18432 2722 17845 9987 14381 14423 
697 18466 2964 3328 1107 2097 792 8252 6052 4479 
732 4623 18774 18775 6375 6398 13875 805 4584 18776 13923 8773 2323 8616 1468 1571 10303 5636 11179 15374 3105 458 802 1428 8070 18777 12304 1553 18778 18665 
898 20228 12694 15254 470 967 673 17961 15244 4719 20229 20230 12070 20231 20232 15000 10450 11860 4702 20233 16949 16957 19642 16958 16965 20234 4891 12103 20235 12075 20236 19302 20237 6921 20238 20239 20240 7859 4888 20241 11840 
900 20244 632 3833 2529 9729 2676 1915 10023 
946 20637 9225 20638 9228 20639 2018 9227 9209 9212 8963 20640 20641 20642 18050 20643 7204 20644 15163 20645 20646 12215 2019 2020 8371 8370 5514 20647 18282 12175 20648 19612 8369 8962 20649 20650 20651 20652 828 8964 9211 9217 9310 8366 6055 9207 20653 20654 5520 20160 20655 20656 20657 20658 20659 20660 20661 14973 20662 20663 20664 9218 20665 11078 1811 20666 12809 13173 20667 20668 20669 1627 9230 9231 20670 12811 12798 9308 12815 12810 2024 17040 20671 
965 4032 4144 9432 12334 14614 3956 1933 11525 4124 15742 1755 3937 1739 15740 733 671 15251 3889 1818 4026 
980 19038 20952 19551 19033 20953 20954 8704 20955 8175 12677 20568 12678 20926 5905 4417 19531 
995 11263 15196 11823 5450 10738 10217 10739 10737 10736 10192 10740 10161 10125 10117 5501 11259 18909 13950 10151 10121 5456 10120 10129 10128 11264 10551 10159 10158 10152 5554 10155 10150 11411 10123 11269 19724 5524 10190 13644 10174 10783 10165 18867 21108 10847 10220 5457 1330 10127 11282 10171 10130 10735 5551 5461 21109 16455 10923 1335 14818 1674 6294 128 10579 16396 21110 15545 5469 11257 
1177 1139 2502 1114 23239 11242 15946 10753 1698 1808 1452 1292 2501 3777 447 1441 11147 4843 6029 6355 1810 5678 7095 229 2463 11308 20972 2624 23240 4535 1407 1302 18321 5662 23241 2457 23242 23243 7376 6157 18320 1679 18935 18974 7097 14933 5629 1809 6165 2448 2599 1307 15982 
1200 8115 12401 15355 23408 4684 8012 13016 16706 15452 18818 17038 14529 8906 15814 8133 8008 8134 
1366 6061 6062 6065 6064 6066 6068 3187 15565 3186 6069 6067 25395 6070 6071 6072 3190 3189 6074 6046 15618 15018 15617 15616 15615 
1450 6525 574 154 26044 3390 1735 590 14995 
1569 26824 26825 22804 16437 26826 26827 26828 26829 26830 18520 18295 26831 
1627 21912 22903 25903 27196 22509 27197 22877 24183 22921 21695 27198 25900 27199 21181 24185 25338 21573 22526 24590 25258 25297 22893 23015 26613 23028 27200 26472 22650 25263 21950 27201 27202 27203 25041 22892 22562 25040 25007 27204 27205 27206 27207 27208 22464 22545 27209 17405 21536 26128 26441 9452 27210 22364 22406 24688 24573 22831 25240 27211 26720 22887 21128 25667 26443 22433 24110 27212 12190 23869 21909 26606 27213 22958 27214 27215 23717 27216 24574 22977 27217 26967 21696 23681 27218 24240 24196 8844 23397 24467 27219 27220 24922 27221 27222 27223 26088 27224 
1699 18630 1997 835 1354 2016 2017 829 2019 19309 7870 13987 6768 19646 6921 8532 4754 7831 19049 1165 27777 12465 14003 27778 5587 13430 12031 27779 15325 26000 13978 828 831 7209 2014 13701 9212 5522 4906 27780 7873 14389 27456 5607 27781 6057 1355 13301 27782 8968 832 16903 27783 16913 2021 822 27784 1998 7462 2332 7865 7454 7883 7882 17701 16337 27785 5595 27786 27787 21423 3607 27788 6923 27789 17976 27790 27791 850 27792 8522 852 13999 
1702 16296 4764 3607 6760 6761 4826 12111 27796 16318 23258 27797 16265 141 1998 15338 832 18588 8968 834 2027 1356 2011 5515 16262 16272 23259 7631 7797 23260 27798 24601 27799 829 20641 837 822 
1703 921 1073 931 10031 12841 14453 460 1051 
1792 23621 62 123 8377 28306 8091 16210 8089 7521 28307 10976 10972 18822 7501 10957 8358 28308 10989 18065 5225 13067 5250 11049 5223 18628 11056 2976 2971 21657 13711 8350 8197 15600 1609 10821 3012 2220 13349 51 28021 5990 11023 4637 20075 3744 5983 5966 4673 16207 1217 
1879 25526 28673 27314 9592 9599 28674 9591 27257 28675 28676 28677 28678 25528 25521 9597 28679 9593 25112 9594 23884 28680 22833 23108 28681 27305 28682 28683 28684 25268 28685 28686 26778 26959 28687 28688 28689 
1922 7289 12084 2877 7288 15872 2880 17830 19827 5084 2869 7457 12291 19828 23575 28981 14745 19800 17818 7181 13868 28965 19148 17452 2337 9964 28982 20370 5587 18396 28983 7179 14359 18585 18584 15723 4341 2765 7164 16771 22054 13035 22788 1493 17348 17821 2883 3231 4557 9185 17833 5120 19557 28984 5751 7295 12733 7294 7145 160 20975 19621 28985 6991 2976 1811 9427 17861 5110 5098 2707 17445 18258 8239 17778 17826 641 
1952 189 9062 127 6276 11652 29131 24927 24369 5563 5570 29132 9841 718 1356 6057 15134 29133 7103 15595 1317 2363 17754 
1973 20247 410 3739 5617 1593 2467 29273 2190 3070 29274 4210 20836 6593 6610 189 6928 7367 6147 198 1430 5682 2324 8612 3040 
1976 14039 12202 29275 4855 4876 4857 14983 29276 4797 4815 28136 4742 20708 3184 7987 3230 29277 4861 19645 29278 10870 4716 29279 20916 4771 4886 4733 
1984 22958 22977 10881 22986 29327 24457 29328 24514 23663 21926 28060 27041 25159 21126 27114 10882 29329 17405 23293 27089 25682 24722 22513 21535 27208 26340 29330 25240 12190 23006 22978 22632 25230 22831 27113 29331 21948 21359 29332 20727 
2024 27616 29452 27662 29453 29454 26979 29455 29456 27673 27663 27009 29457 29458 29459 27006 29460 26992 29461 29462 29463 26998 29464 29465 29466 26982 29467 26990 29468 29469 27665 29470 29471 27010 29472 29473 29474 26981 29475 29476 29477 29478 29479 29480 26995 27666 29481 29482 26971 29483 26980 29484 29485 27664 26985 27681 27680 27676 29486 29487 29488 27671 29489 29490 29491 29492 29493 
2100 23869 28031 22667 22644 23915 25260 23717 26716 21934 24979 26498 23015 25055 21172 22990 27555 22549 25013 
2267 16087 30592 28911 28898 30593 20590 29213 29649 9165 24006 
2398 5280 5279 21689 1017 3581 26259 3572 16991 30990 
2420 31129 31130 31131 2941 31132 31133 31134 31135 
2433 31209 29018 29016 28828 28820 27253 28674 31210 30240 23928 31211 
2438 22685 21372 19003 22684 22683 22682 8847 8868 22800 20540 20531 30912 22686 19006 21377 7546 20532 31237 21287 19127 25649 19669 31238 25899 17484 31239 31240 30908 31241 8145 16145 
2454 21930 23715 31281 23502 25920 24033 21929 22719 21181 20726 17406 21931 31282 31283 28221 30282 24555 25102 27078 21941 31284 30246 22388 30274 25195 29333 
2483 31434 28365 4302 16540 16542 18024 31435 4247 31436 31437 4248 29713 4246 7318 23639 12940 31438 7317 23640 11638 4249 19073 21989 7756 29439 31439 11599 12931 5725 21812 5724 5723 5722 5721 11577 21087 11588 3339 18300 29435 
2505 14793 968 969 1741 30354 20604 917 15878 15097 4163 3121 9303 15753 4164 16599 14450 2671 5510 7207 5514 14304 1076 20129 12344 4231 13125 4411 694 
2509 654 31512 12559 1076 571 917 469 673 20297 7485 1077 4057 592 944 12335 3328 2981 7948 604 14719 1844 684 4061 3946 6478 594 822 9213 1629 9216 2012 17516 31513 28402 3121 11476 16077 6751 1628 19789 832 835 837 1815 1816 16347 3320 9428 1742 1877 14705 892 17479 821 13251 13538 3192 31514 4122 2934 31515 15294 11544 844 3386 3852 1918 3826 11541 9443 9445 9442 2365 2357 5114 5112 6537 4429 4430 12682 2493 1538 4221 18025 24367 4294 283 3846 3198 11099 655 2962 14734 15272 15758 746 751 1863 6845 15070 16602 935 3960 4062 1930 31516 9336 675 3594 4140 31517 3914 1941 4059 3844 2917 991 20290 3873 1841 3955 6857 618 3206 30903 1714 4350 4083 10416 3823 4176 31518 28093 744 7759 2525 31519 4175 9334 870 
2511 31522 13027 13036 30304 18054 1968 1946 30303 3605 18962 
2536 16802 18965 31595 18931 18929 31596 14160 1637 1307 1810 1808 31496 2230 31597 18223 2198 30404 27174 20972 6154 23957 1393 22082 1196 1150 22070 22069 8228 1132 1259 22065 3685 22057 22095 8216 8888 18265 2579 14939 31598 12417 29408 31599 31600 18974 12422 28329 1694 18933 7558 27438 12670 12426 31457 2236 18932 5694 1144 2628 1148 1299 23958 27339 7089 1137 31601 10695 31602 1194 2580 31267 31269 31603 28863 31604 31605 31606 11729 28866 28865 1255 14821 1121 2590 6236 8226 16477 1632 1260 1702 1289 7123 1199 15442 3740 2426 6222 22073 8874 1325 18914 1117 31607 6209 1407 6100 31608 11734 31376 4484 22074 5628 3456 28864 3680 128 1157 1292 6892 22067 8233 1323 16798 16807 13203 31609 2226 5662 5350 2455 1413 1193 1302 5678 8898 2581 18928 3712 30068 1116 2486 28867 31610 1163 6099 18191 
2574 3612 2365 2525 893 2739 25454 11106 2707 17487 2825 19485 18000 23085 31705 20241 
2630 31847 17816 12439 5854 18384 6453 31848 10511 
2634 9394 1617 2461 22818 20068 22813 20169 160 1541 2673 7983 2269 9830 31852 1553 8612 546 4841 6630 31853 6398 7416 8593 5423 
2642 2291 4623 3787 14257 5381 20261 1429 7390 450 12324 17051 13821 14223 3738 4627 28037 22785 20257 20258 1610 16391 12142 3045 12556 8783 13145 12313 12132 30719 31866 12173 30711 31867 7372 14236 3094 25493 20510 3772 14225 12308 18652 12540 14176 28628 13897 14224 18651 6139 6138 6141 6145 6146 6801 7202 15926 7201 31868 540 6796 2885 6799 6798 31869 18887 17105 5689 31870 13048 17367 31871 3060 12296 2460 15920 16393 20049 10798 2254 10797 7374 23496 329 15365 19701 2259 2327 2315 1601 3767 29917 14197 6828 302 7199 2114 619 6635 412 197 6637 6636 8884 6647 2483 31872 9369 2893 2113 1784 28653 1785 192 2058 19702 307 797 2360 1589 3084 3036 7362 2067 12312 22282 8775 3097 7389 3098 12547 3034 13305 7364 16891 11685 11677 11684 3253 8893 3304 7831 2337 7989 5411 198 10801 31873 4373 16986 9851 22003 8239 3261 17810 31874 1576 141 2908 23248 15455 4891 14996 7469 3192 13823 13824 
2714 6749 649 10022 2048 2047 10021 20427 18939 4406 2977 2525 4136 4189 16883 2050 18045 719 15596 14728 7912 718 7919 
2715 2992 19467 994 1066 3976 15088 32089 4824 10030 4118 5129 4119 
2845 7974 30540 7978 10290 9884 13628 19579 8017 8016 19285 9464 17336 
2851 24190 32241 24244 32468 18702 24590 24174 22439 23188 23308 25537 27159 22387 22515 21536 25071 32469 26604 32470 31803 24959 23218 22377 26376 25714 23214 29373 32471 24284 22669 32472 32473 24558 24230 10882 32474 27051 32475 28269 32476 
3080 370 15413 1207 2263 8675 6625 17904 6942 8683 23473 6029 17899 4585 27353 19345 9861 3732 17005 8773 8047 1428 8772 31926 8698 18649 18763 18746 32915 7199 3300 19561 18570 2190 32219 18751 16998 2268 6253 1163 11307 18191 20005 17906 17894 29127 10307 4583 15418 8065 12302 3738 8771 27793 6933 32382 23489 13135 17895 11373 6980 10309 559 6951 6559 8776 12284 18574 8666 32914 10323 23490 33047 
3087 32978 517 515 10494 18124 23800 25953 6440 
3097 19502 16040 19503 12894 16587 7140 14885 27462 17402 9775 12896 7192 642 16586 19430 19143 2773 2748 2746 12733 7145 2880 
3106 30249 30284 30260 31167 24578 31388 33201 22726 30934 25100 27514 28221 33202 32496 31282 30287 
3144 32298 32745 30254 20712 29293 22130 21548 27990 22919 27136 22578 32302 8842 24300 27647 26374 26370 22941 26441 21918 31702 22831 22671 22631 22830 24431 22278 8843 22468 27503 23015 
3217 5684 9107 1630 2468 33037 15389 15436 3633 1336 1252 20834 1633 6089 8888 11033 1804 222 2179 1191 22095 4635 25411 1138 2420 
3218 16413 18412 20210 3901 15463 1918 33545 29112 12846 12850 3356 958 29911 12225 25873 10014 2944 33500 12745 32655 12780 9733 33546 12216 
3223 697 3533 12330 3154 19630 921 4231 4111 14453 2992 2273 1910 14442 1064 4230 12225 12582 
3251 28723 20632 12676 6406 30940 28732 17798 3727 28920 30412 
3265 27895 18586 33650 19811 590 655 628 714 1917 15660 7262 6533 
3302 28803 23348 24403 23931 28771 33682 28516 21697 33683 23358 28810 33684 26109 22384 27741 28820 30264 25018 33685 33686 28828 21520 20719 33687 21942 33275 33688 33689 33690 33691 33692 31349 26104 23340 27279 
3361 9269 18045 4380 4924 25793 3845 32941 1054 15089 3368 853 2966 1061 940 14450 2923 920 22750 12687 2961 3883 17591 8263 6486 8235 23145 1062 19272 3533 1027 12225 14453 11759 3367 8544 1075 4091 817 609 9285 9730 1755 6476 2527 33866 13501 2929 
3451 16410 14863 1086 1084 19749 21113 25439 2412 4231 11610 18489 18051 16241 10013 1056 21302 
3516 18956 31537 9223 822 835 17988 2283 571 
3552 18402 16993 11354 13928 13322 2315 1611 17062 23963 7357 8939 9851 15361 1553 17053 7374 34236 10801 26279 13823 3092 19642 203 8648 3045 
3594 16267 18704 3606 17985 6922 12103 11840 34301 32147 23256 34302 5332 22759 34303 9793 1165 13806 51 2908 7628 827 2016 2013 29394 5512 9223 20648 12924 21407 19511 2337 3192 22229 19092 14742 3299 141 559 4523 545 812 4656 199 3463 16516 6821 8597 293 4461 373 206 805 
3606 2525 975 13570 991 2639 8112 933 3365 3386 992 8543 8388 722 2967 11476 16608 1029 4079 9921 
3714 7682 2605 20270 1236 160 6840 16784 11784 16788 8573 
3756 4215 8741 6828 14229 2305 10235 1586 2362 11708 623 3070 3047 2417 27814 10231 34643 34644 20032 759 4835 2115 8291 8288 8293 1566 8294 6811 1567 8884 5010 3028 3023 8659 409 2151 2149 15994 2119 7362 7352 16389 11113 13338 525 6599 10799 16483 16482 15922 18406 34645 16491 16494 16495 10356 10238 4609 3049 17270 4845 2270 15309 400 34646 15920 9851 2460 9784 6398 8890 14340 15881 27351 33352 9631 9609 14519 6655 34647 13673 28076 9610 11697 6936 3032 14194 11699 10345 14148 7390 20261 14165 14238 10387 7359 439 14164 15890 1580 7378 3038 16522 2157 305 2118 15988 2124 2092 6628 411 6810 756 7199 2106 2359 2155 6826 8585 771 772 7198 11335 3080 4630 34648 13139 14232 16746 8687 3732 14338 8797 8670 13877 34649 30288 8806 8679 8055 18756 34650 28627 34651 16102 11386 14193 31021 32343 3022 30715 12313 12556 30711 13876 34652 6962 15917 2153 10373 11378 8623 12552 12553 20388 3303 3302 8661 8641 8654 29240 19373 8656 12128 8642 8640 14167 8675 16519 2324 34345 10366 2887 793 5619 5389 6395 8609 23491 5776 13128 12554 6947 5707 30494 454 9895 8646 5709 10332 12320 13157 3029 6953 6977 10327 3077 9852 3019 33837 6974 13862 5009 20562 15373 2099 16982 11123 14166 12555 17055 14289 34653 8680 6963 34654 6950 8727 4634 6960 29241 34655 34656 13324 28954 10405 13797 24766 8786 12170 8771 20389 1579 10407 14201 7393 10406 1570 2148 6805 1607 3268 6807 10376 6942 34657 2126 2130 2122 7200 16508 762 13156 18374 5637 399 13130 8292 1581 303 3138 10342 4654 812 15896 1706 5144 3092 14263 8693 8643 14175 8644 14248 1573 1563 10380 3771 10244 8725 10379 3792 10233 16532 12171 10395 2125 16528 194 16515 12317 11367 5415 6443 16531 4458 7347 2160 20561 20124 3024 10344 4649 5386 7371 804 2128 3762 1575 10382 12133 10343 10381 8740 10355 7397 329 2259 32210 9528 32880 28131 14191 7372 14257 14236 1574 5644 19832 10236 11707 2888 34364 5638 3422 13160 4516 2139 9362 2896 3767 3073 4627 20257 34658 9393 12155 11373 6575 34659 6802 11686 34660 2347 10347 27817 34359 7374 19375 10797 8749 34661 2254 20049 15365 19701 2321 4519 34662 23496 19702 10798 20850 14516 4641 4523 2482 2097 2089 619 2086 5014 621 2132 304 6606 15904 1444 6596 8683 8779 13828 8595 1466 7194 2077 33525 3093 10377 8290 1584 3136 1572 553 8295 2307 14858 814 19833 16521 6829 800 796 2890 8742 1420 3474 6447 6128 2889 2891 4455 786 10269 2318 2302 310 446 10270 8781 6615 10241 8745 12515 2892 8743 8737 3463 760 23479 34663 10232 8773 6979 34664 25210 15925 8690 8691 5648 1424 8756 1432 1777 12219 5652 6131 2358 5647 1433 1434 2898 16523 4459 1787 16513 9741 9448 6830 10354 779 551 8592 199 10368 11334 2289 12126 15191 9295 32163 13949 2104 1782 4607 13213 24007 2905 15231 1785 1783 33607 31340 4520 2095 1786 1831 1562 12941 791 2894 2088 10271 5886 19044 9371 3465 9370 18511 27509 3470 4463 9369 9367 3266 195 10273 1426 1792 29418 9929 3475 34665 196 3137 8764 30604 5646 545 207 302 3464 1788 1425 1789 16543 9783 6207 1443 11688 773 19838 813 1583 16533 34666 13211 16514 8879 34667 16527 26158 6621 2306 8751 4646 14128 5887 6832 4628 396 397 13212 3026 6650 5883 1320 34668 6597 5005 2141 10394 10378 3090 3134 3059 300 6656 22282 2291 26279 34669 31924 445 22337 23497 6812 18656 1582 529 10393 23780 2465 18390 1209 4521 761 13910 7353 309 12294 1422 292 3107 1435 16535 6627 18393 296 2127 2258 301 764 6576 14287 14183 14142 14281 322 14186 34670 11112 
3790 543 706 9316 18531 152 155 14597 16364 
3852 9199 21276 17765 28136 4815 5021 3398 14989 5028 4796 4867 21445 
3903 8392 12621 8468 27388 8481 1509 9466 13871 8546 15060 23820 5168 12618 
3911 26219 34945 14062 7401 5926 26765 34946 14063 
3945 13768 11269 11264 22354 10573 10540 10574 10719 10751 10553 10735 10572 11294 27773 10122 10123 10128 13059 10125 10124 22690 5811 17746 34898 28431 35033 21265 10547 17744 28429 22862 28435 20785 1156 3716 3707 4432 8278 1307 33304 17752 17753 
3953 31876 35039 26536 17342 15014 13035 21561 5370 32596 1282 1277 17175 1502 255 35040 28896 3413 1506 1509 13505 1508 17083 11837 3801 35041 5184 256 5182 10953 17084 1527 17087 17085 8831 17086 13506 5186 2647 13508 27402 17149 4995 35042 17367 1314 5195 27407 5198 5206 1279 13251 4703 4702 35043 16961 22234 28971 11860 4894 17976 15931 4892 4895 4893 4898 4897 12023 28967 12022 28972 35044 4891 29890 16975 16945 4900 17946 26918 12103 15932 28970 3192 28610 7461 1538 30092 9529 13930 19356 
3969 16246 23948 19071 18578 7166 7227 7271 17841 14361 7185 7290 33554 28077 11536 8129 12006 10035 
3979 1487 8515 14322 1463 3325 15589 1264 1537 35068 
4099 28153 7556 32016 28392 9863 31036 31037 17745 9841 19573 7972 20801 17608 13685 34568 9906 9487 23447 35222 24355 31184 31185 14296 6705 35223 20067 6704 19578 5445 5681 
4120 9695 21037 6385 1634 35270 6904 28478 26809 26810 5151 7085 1288 1237 801 176 35271 3024 3668 4532 3741 2178 10678 
4351 24441 22424 22393 26440 22430 22321 23231 25157 24232 22403 23715 35630 23522 22651 22572 25751 28033 33314 22410 23109 23931 24895 23922 28809 35631 
4425 8266 19640 19341 24931 14639 34220 17265 32668 
4494 16173 16147 26652 30735 16121 29602 16123 16158 32844 16141 27908 29606 
4528 31611 35879 26362 1022 35880 35881 248 33753 
4545 35901 21309 5740 2835 7283 26284 33746 9181 
4589 4924 15180 19909 17814 35646 19887 19949 13964 13352 24387 19918 19883 10472 19973 10319 15526 14868 20949 26555 19950 
4771 157 27797 23256 13846 1087 934 5126 19666 1754 1933 1959 23464 3390 2365 
4865 718 18375 5899 20548 14085 13260 36310 7542 977 714 1933 2525 20162 837 21795 7832 2337 24362 26769 5856 2443 7613 7236 2712 642 978 5854 14071 
5013 10463 9748 7781 10460 5466 12229 12085 35652 12092 3945 4214 714 733 1811 7782 7698 7704 19167 10461 12088 15044 12247 7791 12246 2525 9755 
5202 28406 18971 16477 1233 20264 18967 1307 18835 10251 8789 2068 1623 1288 34509 2600 34916 8813 3457 18279 6358 20005 18189 316 2326 529 315 314 317 
5296 28175 30817 25023 28772 36751 36752 31715 26399 36753 24408 31395 27277 27325 20719 27234 36754 27534 23351 23109 28742 23343 23342 25022 29358 28174 25021 22739 
5372 8778 12327 4570 29127 1611 6934 14175 16480 18661 
5375 6423 20649 17040 1627 2018 36826 36827 7207 
5392 6510 4006 4074 4072 9874 31188 32023 22691 27609 3781 24927 32330 24369 3759 13613 13629 9878 9882 28153 31461 281 5211 28128 7973 31042 7974 24350 30055 20215 2525 28127 28437 24751 3782 14687 35669 31225 6404 718 
5522 1581 12266 3092 1601 3732 4583 6942 194 296 36342 3022 13323 13904 5639 2673 14331 19798 3769 
5573 10467 17504 12249 9790 16200 7781 7735 7712 9773 9748 8200 34269 20140 11865 9754 10466 17761 17500 7660 17795 
5623 37079 13696 6058 30167 30760 21559 29995 30003 32567 30160 30002 29994 37080 4286 30759 30027 34730 34729 
5638 19002 30566 19657 23175 23170 23168 19656 19660 37093 19104 25866 19103 35499 23661 19120 30700 30458 28173 34388 25867 8869 19105 23659 23660 30685 34398 
5768 15848 48 8936 19758 31564 3600 13748 8921 15770 15769 4685 10623 23238 
5845 28760 7525 11020 5975 16817 10957 11021 141 16843 12206 
5903 15263 10078 2432 13567 2437 12009 306 176 779 4657 8762 792 203 3794 800 2315 13215 
5906 6815 13307 6938 4582 13147 540 7681 6037 7461 3303 13137 10337 12166 3070 6204 1594 4567 29235 2511 765 774 310 1469 9291 1466 12320 13316 18669 6946 14230 2067 13340 2263 316 318 317 314 315 319 5423 2251 17054 12267 7364 11382 13152 
5920 26824 37331 36501 31148 36504 31152 26826 37332 31139 36507 26828 8906 8912 48 45 15860 
5990 34976 37425 34605 34973 37426 36720 26761 25771 7761 15674 31355 21439 31357 21441 11828 18175 22360 9558 26760 
6016 27128 24927 9887 31190 13623 28153 3758 11648 23990 14592 27802 11653 9864 11654 
6112 25498 30421 2765 7240 19800 18584 7224 7222 34337 17438 21667 34796 17452 18341 18431 26267 23624 25496 5118 17440 28981 25497 17868 18587 7147 34809 25964 7243 19827 5084 2771 2769 7156 16182 7175 37529 32135 23577 19559 7244 5105 32533 16597 37156 7183 7181 14347 32043 7301 7174 7274 2763 20188 31663 7300 23576 17843 20832 2764 2766 2768 34810 17934 12084 18249 31254 32136 29151 20619 16590 4554 19799 2770 19293 30961 32536 31490 7267 19071 14363 17442 31833 5120 17827 19433 14374 36680 17825 5110 19807 5104 4341 19502 34088 19503 16040 20186 
6161 32643 37590 8434 1504 27396 35749 6034 5139 1493 
6259 14703 7936 6678 868 4229 4214 3266 192 195 208 4466 369 
6268 17983 37324 23142 34005 20142 20143 7848 12103 12056 12054 23140 37643 23139 17974 17957 18036 35045 
6280 10575 13767 20266 10742 37514 10569 22861 10787 9983 10942 11230 5541 18902 
6324 28532 26796 36716 6499 727 28533 728 22713 24320 35473 842 12857 27638 2679 22715 2056 2692 9714 14451 3246 2940 16380 12870 8263 28535 857 17492 
6327 25700 22378 22278 24962 22420 25255 22648 22493 23308 26366 22524 29022 23096 22387 25711 22902 22530 27743 29772 24997 9594 26416 28833 25072 23919 21934 23505 25000 34851 24280 24071 37716 22432 24660 23204 23203 29818 21914 30185 22564 24141 
6337 3192 4879 1733 22787 12101 22226 32540 22229 12038 33979 28615 13557 30617 12050 1502 32188 9421 2668 27405 14329 3810 17158 1549 34069 
6344 13398 6509 2947 932 9734 36707 12780 9318 1830 155 1041 964 630 3990 3357 3389 2273 15459 3995 1735 2369 3195 2365 2357 837 559 1775 545 4456 2358 195 1433 1779 1835 550 2359 4606 1781 1782 1442 4520 1783 1785 1780 1786 2094 805 2127 369 293 205 301 1792 6948 7519 192 1794 1424 1788 1789 1787 5887 1797 4001 1765 853 4708 1925 2935 12612 12898 1707 958 1812 580 9923 16025 25366 15097 1821 714 13556 1799 991 733 628 7947 19458 1817 1818 37735 468 
6457 29646 21912 29498 22903 32241 31090 37532 26604 22914 22458 27054 
6468 35093 37825 27198 22719 4952 5225 24801 19739 170 17406 21931 21930 
6565 24196 22562 22882 22421 28469 27217 23014 22581 
6750 24065 24495 23154 22582 21933 22907 24565 24564 28287 23396 27039 17406 27891 24965 24529 23541 28871 23721 22652 25041 26624 24177 25179 24200 
6828 5377 1594 16391 198 15895 9609 12810 9236 1627 12322 6398 5632 4629 6139 531 38099 6593 10304 34933 7357 452 478 10383 620 20249 6379 28082 33964 329 17003 7352 
6858 20034 16984 369 34473 619 30098 5378 17051 545 12220 8759 3466 1433 206 9448 1782 1442 6576 12269 4519 330 4629 7362 13799 1611 2971 29379 1624 
6906 27780 5607 7865 7649 7643 17961 12068 37324 32141 22225 28402 2002 822 26577 16917 13174 13428 36857 27463 4885 36126 34102 36127 7102 2011 1628 837 12916 18311 20241 2337 7989 36856 3231 3612 5195 
6980 21369 8866 19107 30459 19005 30911 19007 19661 
7007 18132 4378 13566 4379 19908 38274 18308 12439 37951 19874 15180 14866 24377 20944 26563 32832 493 161 10508 10524 162 10488 22267 22266 503 10492 910 19713 496 10480 22348 24811 170 24808 12605 19898 510 511 18125 29266 26785 20086 7776 11700 18637 19297 20938 13368 34759 20941 20931 12459 35603 32789 
7034 23354 29009 29017 23351 23343 38062 24904 21165 33689 28765 26110 25644 23927 22833 25019 24916 25111 26846 28813 29881 29220 38293 21521 26109 23340 30833 27317 31712 33712 23353 29003 24894 38294 23920 30179 25128 26408 22728 38295 28067 
7040 22578 22831 24542 32588 28261 23015 31289 28233 26701 23710 22901 26705 25727 22961 23306 24455 22364 33732 35562 30333 23681 24179 31948 26351 34418 24730 
7044 38177 38175 38219 38222 38227 38214 38298 38189 38186 38299 37805 38187 38223 38300 38215 38301 38194 38217 38184 38302 37897 38303 38304 38220 37902 12374 38190 37896 38176 
7054 24078 35188 21858 22433 25523 22919 22420 22497 23216 26077 12188 25260 
7058 19128 9 15838 15836 29644 3591 8136 8925 8133 10633 8131 10653 33434 16694 45 15794 16678 15798 9422 
7061 37884 24712 27159 27566 21536 23896 30707 23862 34066 27581 38315 32270 8844 25116 27593 30708 37881 30709 22619 27169 
7138 24977 21856 25338 31170 31212 27523 26392 23396 26619 23885 35954 21859 21920 
7232 37099 38424 21147 22278 23297 31732 22197 22194 13035 26791 3588 32130 4288 21620 8145 23407 35986 22216 22220 22219 24479 37111 22156 23392 24478 21626 37905 21608 21623 35942 21635 38435 21365 21552 38436 8849 
7240 29891 13392 1875 4003 2637 6751 36471 8129 2667 23824 1767 26789 17925 28474 12006 12005 12004 15463 20210 585 14673 20608 3310 11141 30334 27446 1920 1918 1916 13470 13171 30353 578 20295 18304 5317 14718 968 969 11439 20297 4049 11509 8261 691 12990 10038 6693 13311 5917 11486 35170 11481 11543 4110 2918 11148 28423 32937 13425 18442 11534 2525 14916 18941 3981 4214 12334 8262 11536 2369 30348 594 13445 1930 916 4158 13517 4153 33621 1932 20404 19095 18287 
7510 20658 20663 19790 9227 36022 9226 9208 33895 33930 12824 29404 20159 6744 
7541 6375 3069 6597 10232 1430 5008 408 8625 8626 1466 30293 12316 12149 14300 8588 14778 1467 33026 7469 9657 2266 24763 9640 9612 9394 18402 8604 13876 828 8578 6962 15916 
7630 16606 664 15652 2369 1812 34526 3932 8315 29660 3307 20673 3121 4780 9265 4002 16023 2415 6524 2493 1538 13455 1874 12981 3229 23269 17733 2396 7894 714 991 4060 874 20219 15105 11757 4775 468 598 3970 13398 2393 37240 1962 7946 3559 6677 1842 917 1918 24604 599 3993 1735 23838 9314 29111 4139 15763 13955 3994 
7661 24322 8781 20326 205 10337 26576 20699 5682 
7786 38858 17694 15180 33234 14867 14868 33235 32790 24377 33231 34292 23804 34285 28310 28309 33232 19886 18501 19893 
7796 2036 4130 14005 3202 848 28464 20121 8423 8274 10414 
7995 14535 26881 36421 14536 14537 35895 14550 35896 32426 14559 
8100 35953 38212 28771 31823 38211 36486 25521 23348 23179 21536 21859 23182 
8185 37207 26655 19125 30736 32843 29597 32845 37171 16132 33080 29618 29588 31076 21287 34572 22799 37929 25853 26303 8847 23402 30937 7549 7548 7547 19654 31069 16138 16147 34588 20807 20823 31505 29604 25649 29614 29599 33285 16143 35486 34694 21255 21256 1855 
8208 39065 21693 27199 34446 26377 21181 36642 27710 24539 36764 
8210 34447 21929 37006 29030 22719 27718 31700 37250 27475 26489 26491 32653 22381 22618 23721 22919 22438 22948 
8217 456 5805 28405 5060 5760 14481 21044 9108 5789 14501 5761 1204 5818 5683 131 5303 302 192 186 187 3464 3136 553 619 2111 778 779 776 7512 3219 2222 5067 2509 1307 7079 433 9096 337 2373 6472 1099 3744 2606 978 
8235 21145 23522 34448 12190 17406 24040 22921 28328 22387 23182 24148 26369 22963 23712 21914 31115 23885 24075 24086 22364 21913 21172 22382 24487 31814 26475 29773 24055 22380 
8236 18711 6834 39068 31434 28086 7439 12333 266 7427 32779 4261 
8371 4587 9087 14491 30371 1349 19587 3111 6569 1292 5060 31380 7447 19583 1419 18629 3191 6011 160 3628 23940 29120 5321 17234 22353 21044 1339 375 436 1665 3453 9097 6318 5063 363 10691 5067 390 34569 22861 39122 2364 141 4914 
8384 17677 29688 16384 31621 13221 13847 12199 21410 28636 13230 29682 30144 8522 7859 4888 
8398 4640 9826 9611 9657 7860 21018 12161 31879 14338 200 3071 1473 15903 3022 6593 2136 306 805 305 307 372 806 811 
8476 30742 11949 17666 575 7656 9700 12824 8968 30510 38358 32981 9214 
8517 4602 176 6576 37582 6825 15881 3764 20026 33532 6933 20039 11697 2461 4458 32922 11134 4646 4215 277 2071 1437 3059 29377 
8531 4796 18560 35122 7605 1008 3607 4720 8418 
8576 26345 24280 23913 37358 24081 23516 35894 22594 21904 22503 22401 22446 24653 29179 26851 25233 36865 25669 23712 24242 22905 22940 28277 21536 22535 22667 24658 24265 31055 22592 22593 30596 23901 22454 38291 26328 26614 23193 23674 28469 27552 29199 26355 27597 
8617 10756 10214 10213 10209 10212 10210 10179 10191 10091 5505 25328 17410 10895 10151 10178 10150 
8663 34883 18990 12356 36144 39262 39263 37701 38259 14622 37398 13272 38142 
8677 24746 28781 24252 22989 25161 8842 23535 21695 8846 8910 33706 35098 23727 
8786 21950 24448 24529 24441 24436 24189 25103 25292 10879 24965 22522 22364 21153 23293 32700 22278 
8826 23974 21471 21474 8937 4700 15770 15773 14781 
8936 30135 7820 39105 30902 6476 34071 28139 7053 4704 14007 
8983 23834 34514 3396 23464 1865 34513 34512 31232 3379 3390 32825 29660 26754 17924 3307 12982 3229 3234 15636 23838 1916 1915 1912 3954 3313 1910 1911 33829 2273 19471 848 1917 15660 586 1918 15661 2964 732 15492 20885 1920 19498 19095 18287 35973 39405 13390 39406 28605 4136 25506 22781 2050 12001 39407 4403 2493 20428 14715 2052 4189 14474 14475 4405 34340 32274 32208 30622 4401 4413 4404 20427 2977 9287 21952 16883 18034 21978 16901 21996 7265 821 18019 1066 16237 14917 2525 16884 12460 18035 838 3121 16900 12464 38610 15512 32294 1002 24022 3837 7458 16365 4013 4012 4114 4115 1867 17921 15663 15054 15664 10014 1103 962 1041 1073 963 986 964 949 971 19458 1093 15696 4147 4217 987 34527 35866 35126 15646 32683 35474 23382 19308 3196 3195 25360 13407 15658 15657 13455 15057 1868 31231 34255 158 33799 33902 33901 19672 33903 33800 11841 37162 37161 4873 34024 16639 20148 29719 16640 6756 32823 4792 32824 37235 16235 4821 16638 37859 16665 27457 4823 4791 3618 4725 3225 37145 16637 35216 16664 18561 8420 4870 12109 12108 6757 38534 38362 16877 5017 8421 16878 16867 4730 8416 8415 4825 16236 12107 12106 5038 20149 12120 12121 6777 16669 4818 8418 8414 8419 8417 12105 16870 37234 18559 4764 16856 4769 16641 4788 4787 4827 16865 4768 6762 3607 3617 5040 6761 15334 16861 16874 16872 4721 4828 16873 16852 16853 4798 4829 4820 5041 6758 12112 16875 6760 4871 39307 16857 
8988 20259 14146 14149 14183 331 4620 14199 3736 14254 9938 14144 3784 
9027 24402 23341 27242 39089 23299 27292 23932 30321 30237 32165 27329 30240 24903 23347 39091 23344 23923 30824 31715 26398 27076 26125 28685 28779 9602 25118 38308 30245 
9053 15610 978 30336 19795 2011 835 2016 8368 837 
9095 8492 6269 375 19624 8958 5655 1808 2908 8506 4362 28928 19077 13846 8423 143 16322 30980 1681 5172 25645 160 18269 18191 2643 1694 19087 21436 
9165 18475 13981 3610 17727 13995 39463 30503 17728 13986 13228 5604 19633 
9168 21443 3152 873 12567 23816 14993 26795 23819 
9178 23922 30815 25521 26470 26110 25528 39467 9596 39137 29219 32250 29008 9594 28770 24405 25118 38613 26124 23355 27306 37749 23354 25303 27303 28681 26408 
9261 36899 35784 29883 23715 13272 36160 39082 25523 37350 29541 30818 
9266 37177 24918 23617 21176 30662 22733 38604 36184 
9273 38081 21635 30218 21586 24480 21121 22148 21620 
9295 2510 239 5439 245 244 265 6360 456 25447 28096 2341 141 160 6947 
9313 14701 18287 16672 12889 12746 3294 29909 7904 24334 1076 11796 673 2679 9725 1064 12879 30801 16662 16663 
9344 12249 575 27415 3615 3215 5319 3216 689 14917 838 821 2525 975 36659 11942 1811 11078 4417 19156 18513 15518 15180 20759 29267 14423 14436 16050 1018 12525 13294 9990 3582 286 21678 31738 14417 11854 
9370 25639 17484 27689 5172 1165 5364 32132 17816 4924 18513 20754 23394 20742 21866 20722 39537 30207 30212 20743 23112 27860 28523 31688 21602 20728 20712 27878 21359 28054 
9398 20261 4353 13788 14126 1421 313 6604 1615 187 28339 30745 14260 7355 10801 1441 12540 15898 1571 3467 1620 790 545 1425 4606 1439 2461 1445 1446 1447 14145 14262 11699 14182 7363 814 12558 2360 13580 192 783 805 15374 14141 9528 12296 3092 2146 205 2142 6134 1207 4519 30365 4598 4599 5397 1593 529 2474 14181 14229 14124 12555 3070 3094 8611 24771 4575 29917 3767 1618 2067 32880 17055 5378 27350 20257 1429 3089 14289 3078 4627 20258 18156 3084 5400 7572 3158 28599 39549 17966 7706 7717 1811 559 35644 20530 34653 12315 14288 1594 10308 39550 
9445 28918 6406 28902 20623 6407 1168 14304 32081 1996 29217 6788 
9609 9422 8133 34018 39604 15837 8939 15841 4680 
9622 13679 6629 2299 3092 189 9639 38117 3030 9491 11068 1207 8633 4570 39613 25509 3745 6121 4946 9165 36259 33294 38900 5159 15883 6392 16748 12322 1321 
9636 26080 23011 37354 31066 27232 37358 21154 21180 22918 23923 37555 25283 27229 25184 21939 36729 22663 36610 23674 22378 21930 21536 24990 23537 22667 28191 
9656 1551 545 192 6130 1788 5652 196 1443 5648 1433 6821 548 9448 176 2146 14817 
9659 33021 3616 4764 16641 4830 4825 4722 3617 3618 4821 4798 4871 4818 4800 4738 5056 16664 4766 4719 4732 37217 
9723 16405 4441 2525 3915 15245 7031 13412 7007 2056 1421 553 176 2136 205 1208 21185 290 4608 3071 4353 619 2111 4523 2464 550 189 36343 192 369 1428 8584 559 5111 29162 9951 9280 15469 4434 2025 18630 15753 2533 4430 
9776 22572 24255 23034 22649 31088 17484 22194 28212 26651 28272 8854 23022 36066 23717 21948 29798 21536 22405 24430 23297 
9848 17405 22921 21934 21858 10882 29520 32802 26633 22406 23665 24977 23513 27499 22413 
9872 26456 25344 34204 21348 29062 30558 21358 37377 39684 21357 21347 23683 27956 24505 23648 25431 20691 21617 29057 23114 27262 25144 30190 29061 20737 39398 26677 21342 38615 29046 38402 22643 21527 39442 25151 25430 31732 22133 37017 29053 21360 21590 29748 21121 21115 23091 21330 33611 8849 25136 28512 22316 22165 21355 30209 21352 23112 21130 22166 21331 
9964 1548 35012 1551 3192 15456 35043 20233 17950 6921 30083 10966 141 27182 21067 14320 1492 1487 13119 28638 17121 22327 13120 17734 15136 17298 
10108 10955 2940 17521 17168 7457 2337 1995 4214 19068 838 8183 
10217 18134 23132 23131 18596 4293 16542 4302 23630 4253 
10221 20845 8712 33049 15337 30341 1996 8704 19545 19537 18683 8095 283 1317 21385 30974 8701 19526 20954 6787 25998 21650 8702 21387 
10269 2903 4626 5378 3044 2116 13809 16482 445 3059 2566 3071 11146 331 1619 1589 176 16393 1469 18747 8802 391 3022 14271 21070 306 3092 1473 372 13825 13830 12301 2117 14138 3105 20558 305 13312 2662 13827 10280 21069 2061 6229 36837 23989 802 17047 307 15522 801 12539 805 1613 15384 11354 2323 
10327 12837 4207 36658 26199 22102 10472 24377 14866 12758 7262 2667 31612 20899 3588 
10380 13544 12289 7235 14361 2709 7297 21433 20233 2862 7129 17842 17778 7275 7290 7295 39183 18583 19029 7174 17835 7276 17942 18255 17861 17821 16588 2773 
10414 4622 31014 30712 397 369 6131 2247 192 1780 206 2304 17002 545 1443 3266 12145 29376 296 12316 33964 23476 8792 4998 12306 3784 3739 3021 13339 11711 17324 17781 642 15508 7353 8799 14330 1472 2251 2263 4519 
10448 24686 32067 38895 34851 29106 24616 27566 30706 24580 24271 32707 23225 30588 17406 23715 25298 23872 23234 21913 34275 21536 24180 30235 25294 22959 22879 22380 21933 27040 24194 38206 23297 31690 36618 29054 24179 32470 24985 21930 22919 22880 26378 22409 22387 23675 25127 22719 23096 22562 22650 22361 22365 21126 25179 34279 22948 23902 22536 36881 12193 35766 23539 24535 23933 25532 
10473 5515 20526 2019 7205 29943 7204 5514 26038 5513 19783 2018 21237 5512 825 827 19338 
10506 203 2249 4572 557 160 9508 10689 28897 
10580 35222 35732 6940 19578 19579 31195 5681 9292 187 5703 5397 2342 5771 36588 4489 13614 34476 8225 13629 9876 31185 36634 32330 9864 9885 9882 35967 14297 24346 24357 281 5211 16979 5443 32016 13331 3420 28630 31181 30055 19576 
10631 1509 1510 1506 31276 28696 1502 28896 37313 1463 14318 1504 8488 13035 12478 1500 8388 3820 4994 12728 1513 17389 17391 13496 3810 1492 1284 1314 
10657 37571 4676 32593 13565 4679 7725 7791 9786 19212 4416 9755 7709 7703 11836 19436 7572 7664 7592 3161 2971 6038 7728 16839 16072 17530 6039 9793 283 18522 16193 
10676 19519 13758 15756 15142 1537 718 26911 19513 3419 15137 17482 
10691 15520 19951 26557 19948 26558 26561 31010 20897 20833 31007 26562 37198 
10718 28753 28768 23341 26645 27258 28828 27326 28801 27255 28835 33682 28783 21901 22718 31055 36961 21893 28265 33424 29014 27478 24686 26109 29780 34554 35176 21635 27294 27252 21164 
10720 27313 27084 24915 23341 28811 39913 35182 39914 39851 20719 31314 35587 24904 39716 23921 23927 26126 27291 27530 
10774 466 3912 16554 11557 571 2980 13435 4058 30680 4070 6504 8253 1988 6694 15763 1723 18214 965 628 8257 14449 1072 3376 13444 20875 35428 3241 2965 19470 11773 21301 15656 18526 6866 28147 4412 36425 13953 1918 2680 2405 1076 1906 
10781 37321 9589 27256 30833 21520 27251 24421 27303 39252 
10853 8301 403 3044 192 3474 545 812 3463 814 2123 16513 2082 1433 30381 2097 3071 779 204 208 782 369 3266 13682 5764 189 11343 3475 2078 16543 307 2484 3052 807 3042 18543 5391 310 7387 16393 4621 3078 4519 7367 4646 3105 2295 6593 2921 
10869 239 2895 545 781 2136 556 2107 9963 2087 2080 814 5144 207 805 12259 19836 2127 370 6207 192 176 4462 302 5889 622 316 320 5379 6127 9642 4461 25996 783 559 160 23627 27192 28365 14399 22025 23599 4294 26752 10694 7531 5973 32690 
10961 9962 208 756 5703 545 176 192 791 189 2065 1445 369 187 397 2136 8767 8597 
11053 6444 2289 176 3138 2674 194 1428 529 
11167 13604 35443 3086 7977 13621 3758 27142 4482 7983 3076 1594 538 316 2319 6398 8189 16498 805 8802 5632 801 18162 12148 13054 12162 31972 6388 9947 34624 8828 32891 10304 12273 4519 4584 11704 38057 25845 1428 8779 3057 27819 6629 17066 3101 6377 27173 28631 9932 6930 4565 39458 31763 6414 6373 29274 6412 12299 5013 798 6375 5149 1142 3522 2292 3781 22709 14519 452 399 11365 5191 10248 309 35008 
11250 2136 3044 552 189 3464 1784 3474 4523 556 2080 778 187 206 1780 621 805 369 5144 814 2116 2084 176 6131 192 3266 809 11782 3864 20900 7933 2412 3875 696 12969 9443 15127 4479 4706 
11309 15228 1782 27509 19044 1428 12379 18158 18267 3475 9783 12281 34211 6641 27794 3472 3092 12265 26010 5440 5226 8347 11048 16301 23045 33071 25786 5238 18458 19022 9778 1552 6023 33836 4621 2190 12276 20275 13993 13238 17678 13243 850 29683 15027 20120 12916 39669 4905 20198 29701 6779 559 34669 22337 5423 8605 8614 17053 16996 9851 12316 546 12159 8657 19058 4565 9359 5707 17009 12178 16383 33677 4910 14015 23998 14041 30359 3152 4430 3402 9281 14663 17315 16284 6532 20185 17537 7021 29287 13410 5112 5116 14642 5111 27688 20477 29115 31620 26508 2334 13990 1827 39306 5595 
11454 24706 27586 22411 24725 35935 22918 25054 25313 38332 24079 24639 21856 23037 27644 25751 12192 24962 25255 27990 32918 22618 24249 38923 22718 23715 17484 34539 30907 25153 28657 13471 23532 40036 21172 22880 23108 36182 25588 21148 21573 23005 10879 22585 24100 8844 24686 22506 23542 22651 25126 25915 23027 21536 
11610 1779 305 778 369 22281 1785 1786 2093 814 782 28319 3471 812 1792 19836 3300 12379 2895 192 9783 2081 206 11344 307 8767 810 4600 4383 9172 5800 9483 30069 18838 30402 14277 9157 28421 370 2901 3487 13525 9135 1336 34569 11780 39524 3741 5799 1671 5797 40052 14492 3511 2626 9170 1665 8712 8711 8706 6789 20164 51 
11640 5418 805 775 16532 15413 410 2124 208 38576 18270 4601 4656 11378 8666 12298 8644 4569 8619 1555 13323 6826 26161 1571 6942 17905 9822 6946 14686 4634 5389 2887 14518 10797 2142 15230 2118 292 194 19602 12317 13150 187 10410 8806 2359 2263 16515 34932 3092 2099 6445 15474 9962 6977 527 8667 12155 3302 34267 756 16986 3078 804 14175 8653 9827 12265 12171 27776 39577 21201 552 2150 7347 12182 411 33352 201 200 198 
11714 29290 22125 35965 26476 21599 30216 8849 31902 37581 27958 22211 39582 27859 29844 23617 29735 25190 21548 27276 21176 24891 40071 29763 40072 25639 25687 26068 21181 37367 33468 36881 35889 26853 23715 27735 22566 25295 39454 36866 24967 37370 36867 36202 39905 29336 39394 31065 36765 26439 33726 26436 26403 34871 23206 33776 23202 
11886 293 176 2102 792 4841 2310 2256 19069 1470 32400 2146 5421 9778 6121 4946 11038 11879 2631 34043 1610 17064 1430 2320 2067 36224 2301 2089 300 14521 3059 7392 3057 5377 27344 6398 28076 3767 4629 559 34662 3025 18543 1479 37338 25216 9381 6590 5411 10379 309 15022 3084 2315 28037 3093 3268 479 4598 7417 17772 37976 6803 4519 
11891 18912 2203 4490 3271 13647 27627 6423 283 5536 12131 6012 1023 1021 23814 17767 1811 5771 15556 39578 7365 16997 801 2363 2220 3079 
11939 8661 40029 9356 18746 13875 28080 29239 31576 20391 28631 12273 1555 30532 10280 33843 37614 
11940 192 6132 1320 8326 3471 369 2306 307 2360 1589 5413 16498 14210 2474 1590 3038 559 305 2071 16391 2125 12514 
11994 297 1794 3472 1430 8874 1260 2595 6232 18243 5683 221 33037 38537 
12033 20700 14213 207 8879 9654 4655 189 2123 3071 3268 3026 24764 
12077 4844 19479 4215 6934 13899 12146 4523 1320 12144 3054 4843 9352 2324 6590 6572 549 2152 189 208 296 306 292 369 553 290 805 324 195 813 32096 4602 16535 3024 21186 402 3044 3739 5887 6824 28946 538 13212 13211 3092 4519 1601 20028 3060 38724 4646 14137 18403 7387 5428 1438 11152 35638 8301 401 1795 1831 765 277 2249 1474 12152 8584 34663 774 2526 3736 176 10346 6372 37338 5423 559 30336 33376 7367 
12104 27852 1061 21553 34848 21130 8849 25097 21546 17484 
12144 28542 8216 1188 22095 8888 31838 6090 3681 
12156 2265 15895 7350 3076 9820 16997 3068 20705 3788 3133 
12160 707 8477 12196 5430 17385 13664 30351 642 3371 155 1538 2525 31691 600 6519 18695 2337 20477 3352 20853 628 11108 15314 30766 5431 17160 13477 12634 8490 23424 26506 12524 1017 12519 26583 
12193 17241 22028 5879 23749 5906 13599 16780 1537 18373 4207 5926 570 5933 14057 18376 14073 34235 5896 977 9798 7725 7698 18522 12089 9797 26794 1811 37503 35535 5943 5952 5950 28761 35148 14062 35438 9416 14085 14054 35142 32895 36525 9470 1023 2337 978 18381 
12202 13673 6029 35255 31972 523 17016 8606 8828 3732 
12234 3304 8328 7202 15926 7201 6151 8194 6487 16319 35373 11078 559 35378 141 18829 3154 7816 3615 3486 7473 2972 
12298 18882 11008 17046 4321 18027 12430 1264 28924 16324 3147 7664 7639 7663 17501 27362 19160 20439 18032 24367 22747 6959 28576 19460 17803 15608 630 543 2375 27767 598 2911 15068 19867 692 3263 11870 6740 571 3918 12972 958 2635 2972 4416 3165 3011 18467 25813 13075 12399 4946 6121 33045 17970 7653 19164 19165 31672 18601 7681 3211 11059 20166 36276 29951 37524 7593 28925 13355 3151 4418 7719 24015 7405 13536 6533 6534 9665 17527 14663 29287 31830 7012 5113 5112 5114 7031 17548 11979 14667 11980 5117 37956 12243 37510 29946 16839 7767 7668 9747 3730 35519 9534 14744 9531 23474 12938 38782 32773 31726 32442 7926 7326 12431 4316 275 31434 36409 37487 34231 29711 32893 4245 4261 274 7423 247 5438 266 4256 38321 1004 2220 17811 3173 7675 16221 7731 37142 17882 265 15488 20092 37600 36588 4489 14592 4847 3021 2346 14686 559 553 9962 313 294 321 291 312 374 1601 529 2464 3059 301 
12354 6321 1236 39342 18170 9010 6326 6719 3517 526 8948 1362 11652 13622 4422 31201 3749 8044 5320 1405 19993 5757 9157 9075 9483 11175 14499 11829 2162 1363 21056 15234 9068 8892 3448 22044 16499 2526 9528 11172 28947 
12510 1503 1502 1278 22542 1277 3171 28569 559 4612 1555 766 761 9626 6618 4610 28470 1358 33332 18770 18536 18537 5775 5421 10797 
12601 33949 6721 19060 18964 7557 9118 129 4371 35440 5297 18170 559 15753 3493 
12622 7160 7297 19829 33787 17860 7303 12733 15872 2880 7145 7232 17820 7169 32428 7185 10084 17846 7289 7165 7227 
12701 25208 14137 14139 3039 30768 13212 11713 16392 410 18643 30098 30099 18657 16101 13340 15393 29246 35257 17568 32203 17003 2908 19094 5094 141 559 35873 9382 1468 3092 13308 3103 798 6581 14198 4580 622 3081 11354 13915 8064 23970 3795 530 2144 447 12271 15886 20388 16393 16491 1610 37771 12135 34055 34225 14222 20519 13911 37858 9851 16498 3738 27435 11164 31768 4598 5565 6417 12266 13137 27826 5414 33867 13890 2475 1624 26877 1332 5462 18851 18850 13873 3746 11119 5713 22064 3743 3747 1207 5577 37516 7364 15923 15522 3787 3102 16891 7389 12547 3098 3034 33520 12156 3793 35256 3769 5777 3072 1621 8751 39040 2510 2266 9650 9640 6609 36809 2067 16497 16500 5145 34050 8794 2319 197 2141 23785 11694 14288 12301 20700 14238 14214 14152 2460 8581 12296 19585 13139 2256 1590 14187 6605 3040 5412 38112 6409 14130 13832 37517 30715 6945 4623 32340 38644 5767 35458 309 15990 17190 5410 2302 6616 558 13818 553 13797 13322 14285 25493 21036 21199 8828 14258 9942 40106 4453 24784 36078 2263 6624 15920 1613 13755 10247 8691 16982 32341 10799 36081 200 3078 13824 15921 10312 14124 6656 529 9895 12141 5402 9608 39355 3073 17063 19835 3093 438 805 12269 30745 17053 32207 24756 5639 20037 10471 28037 1445 277 397 39859 13793 16518 3522 13124 11376 20911 5006 38039 15918 32990 
12722 31452 28862 1182 14952 28438 5347 5655 14938 1225 18917 2226 5295 31457 
12735 13222 19442 7740 4756 13191 12909 12928 12910 28317 5584 17684 28990 33986 7808 30152 12912 17521 27686 12947 13239 12922 18397 26747 
12882 36411 4331 31435 8986 10794 32502 36270 155 3891 709 2277 29445 3359 9326 11522 1897 884 543 878 542 7943 473 1925 15512 16542 1509 13503 5140 6081 28018 29708 26752 37138 4244 26245 4131 35220 1107 461 7492 3349 4122 870 874 3831 7937 2380 2036 2954 2937 30622 1538 247 266 37644 13577 33211 19464 34140 7316 3064 29936 11862 7306 40269 5438 4276 12434 2220 2525 2285 13193 571 13456 39551 2957 1078 11556 1843 1772 1763 2637 1875 892 6491 1042 9298 3877 
12900 5112 13408 5110 17446 7173 2863 7178 33787 16597 17789 18581 7145 2880 12733 15872 7294 
12914 2974 896 35546 32910 32131 13566 13807 32129 17332 1165 11621 19715 
13098 13088 11390 5532 5457 3748 718 19625 1654 35764 1650 21083 1811 17529 6037 38578 20442 7794 20441 17531 6215 1287 6048 21022 21845 13942 21882 10206 30600 1806 5214 5189 11811 5212 21204 1236 30482 9509 26831 31783 16437 2337 160 2203 13657 5463 3746 20450 9556 4663 17252 10583 18826 
13180 9505 14648 9502 16188 18820 31671 28107 14662 8266 33847 20154 16159 
13320 36735 32198 19145 28958 20188 21267 16252 16918 
13370 35915 37797 36310 37421 1358 5512 976 11950 4207 11719 18806 23435 27368 980 10320 1010 33945 7666 20892 23424 
13406 29312 34880 40222 36158 40370 37903 32075 36151 32057 32520 13272 35198 40197 38140 38236 36155 40316 12372 12369 32059 40180 32066 39217 39060 37894 
13511 26508 17862 29699 7822 33277 16368 29681 26740 12960 12917 4905 39669 26871 22871 1800 28556 
13513 37285 21797 29433 11590 13730 23551 1652 29382 3342 
13517 37326 5059 1772 2403 13450 4338 1076 9324 7617 3390 15908 12985 944 15476 1726 3394 628 2365 2337 15092 13417 10041 
13566 8292 3089 3737 11713 19063 8022 1422 16527 15422 14246 13907 14229 14147 11702 5401 6414 28079 6378 28415 5632 28075 5773 15411 15899 9606 2255 35921 4625 6132 3071 6137 3784 16392 3736 9619 3075 16997 1617 11704 2141 
13652 36126 28488 7859 4885 27985 3616 33278 4763 4862 32407 19769 30948 27436 19745 5589 3610 26737 14637 5195 18141 3803 1509 256 257 
13696 29552 22132 38602 21181 22170 20682 21178 8849 26242 20689 37495 39433 29743 
13707 21307 21440 11726 36648 18176 17757 40137 36647 
13763 6838 627 21951 16630 16626 25440 28930 9734 880 19053 23833 12900 4231 9733 14701 
14136 18981 18989 39157 40478 14621 40479 34883 12356 37279 40200 36154 18995 32068 
14143 39672 29058 25190 26074 36907 33390 38823 22191 22717 22219 22131 38889 39545 25149 33221 23035 
14161 39384 39388 39386 21911 38370 35618 30818 40196 25667 26378 21933 22652 27076 34187 30275 34189 30257 36063 25100 39499 35482 22643 35791 33759 21920 29940 26404 31286 38850 39811 
14178 4961 11988 5266 5267 18180 2662 5249 5240 
14231 19290 12200 2973 605 554 10872 7967 648 
14293 7467 16020 19549 11439 33325 32906 6751 4111 36849 7470 16010 18977 4809 19648 20709 20710 
14297 22361 29520 29819 23912 25751 21904 28034 24042 22446 22549 24032 22634 38563 22587 26365 27929 27487 
14374 11450 32416 10853 10787 10922 11394 10102 5536 10130 5459 10148 11802 37514 12452 23591 10204 18826 10556 
14378 2971 11851 16003 21651 718 30746 9775 456 30776 21383 35695 18802 24006 20575 34681 
14399 3868 37220 2925 13425 18215 18466 2919 13918 30354 3245 16553 16558 8307 1842 7492 11541 1940 4153 2045 1087 4037 2409 1970 893 16580 17267 6740 17682 10431 15371 16603 10442 11520 10433 10434 8315 6509 26709 677 7263 15007 11514 629 2039 1973 28534 35957 1887 1769 20886 2957 15118 33328 33327 23276 15246 14788 2389 7635 4028 686 675 4180 4182 10414 3594 4186 674 10412 18173 10413 5125 673 11440 18894 4185 4181 37873 1754 3312 9926 2040 2278 1762 4137 2954 5318 3366 12004 19471 12719 15241 14711 14004 20298 142 13169 4039 15003 28140 652 26914 11757 1971 4104 2382 600 32402 667 2911 14916 12211 21995 2658 1878 13382 10441 2407 36849 6086 3252 916 4160 14734 15272 1713 18047 14024 11539 714 12536 37328 11540 20289 1934 1936 3946 4129 1941 32939 12698 745 33621 1740 873 1945 1977 12991 2402 9296 21960 39607 564 13217 7894 11124 3204 463 6664 3869 464 16585 11473 474 3975 3976 32403 15242 7957 1758 3298 699 15260 15865 862 6842 15239 14705 4019 2410 1965 19271 16360 679 4775 1735 2928 6839 4712 3993 13442 4144 576 588 40290 3884 1751 8308 20222 13447 15761 25734 929 2677 737 3351 3877 4034 3939 1719 1720 1721 3196 3195 32937 4410 3918 1984 4018 38800 691 1939 13516 19477 870 2490 18603 27428 10031 9441 2952 587 669 4178 632 9313 4145 12987 12590 30194 656 2934 2944 653 37428 36591 3982 19488 33506 1844 685 1843 19665 18346 473 15073 14608 3858 12867 10440 4900 11527 12464 3152 7471 14601 4812 4804 4774 7817 20363 13429 13116 28636 12100 4894 17973 7468 16330 14995 7848 7853 4891 21840 21434 4731 7780 12034 39037 26273 4796 16566 29289 4704 33874 4003 2637 6751 11536 4111 8262 36471 6750 693 11478 8325 2044 3878 4022 14861 1893 580 1759 3876 12535 3009 1065 3837 744 16610 16622 3954 583 28092 34517 10435 3984 16673 1875 591 4776 1866 3859 1933 17650 31248 3841 3907 7636 34519 1885 3263 10443 2276 10445 991 1938 3349 4033 15109 571 2405 839 1772 1078 1919 1921 1923 3920 19307 
14423 3399 7053 5112 7040 32230 18577 9951 4429 8190 4430 9661 14677 
14547 1172 32358 18306 33996 3140 1023 12525 22286 22287 
14635 24425 20750 39411 23392 34028 21526 31920 25647 20733 28510 35709 21577 
14697 8850 21542 1662 21803 36807 26541 3342 11608 
14722 5928 14915 14071 14055 19300 15573 15567 18878 8985 269 267 7321 4211 274 6834 266 247 7427 242 7305 9576 5438 4272 4273 27392 14930 14102 517 161 10475 496 
14800 23804 13957 13344 33245 26200 19889 18501 23802 27239 26563 28103 1169 16813 19935 
14855 40400 26590 23654 5494 4906 34923 2337 12340 13265 19379 
14859 107 5971 7538 1213 197 2319 547 8789 8299 546 194 3076 5419 311 5008 1430 445 2258 3472 334 6558 1622 18543 1236 3277 160 401 620 4519 19701 34091 4531 9414 31886 24370 22853 11885 27376 5933 978 559 440 296 14230 4627 6631 2315 3037 3044 283 19495 3383 674 3332 2968 4059 608 2396 13935 12565 1772 22753 13163 571 9445 1070 1708 3971 6520 4107 2387 28093 4017 4096 12719 4900 2382 11522 2391 3867 4033 882 8274 600 647 3942 2934 4052 5038 5017 6757 16878 4730 16667 16668 5041 12111 4768 4769 6760 3617 3607 6761 3154 838 893 2036 1067 22021 651 673 675 677 8148 1843 688 687 16035 6491 1842 15645 4003 709 4077 16671 1855 678 676 1852 1851 1850 1848 1847 1846 1845 1849 1853 4053 1857 13795 
15005 31162 28198 25911 21590 22194 22722 8849 25588 21573 23869 33791 28191 24312 24897 28199 35315 32566 17406 23030 29734 
15050 16335 4543 33547 15306 29701 28318 4740 28980 
15067 5726 33369 29439 34617 1654 36243 1653 23557 37158 26147 13730 40527 1650 33638 21103 38861 16232 21084 22847 21992 3342 33637 18296 30495 21792 23586 40581 
15146 38689 24535 29538 26969 29536 29537 26967 27161 
15255 472 471 970 565 1933 6042 917 1821 11519 1067 1959 12709 34826 2681 542 11442 4160 4129 12710 1711 25583 21968 714 468 691 746 
15299 18577 16289 16293 14660 7021 15912 33076 31829 10590 
15342 6782 9973 35430 5430 33555 27407 5195 5196 1483 722 34990 7859 34889 14637 
15351 2533 19693 976 160 30336 1537 3270 14739 
15364 22361 24057 29723 21913 30298 23219 21536 25561 17405 
15374 36170 37484 14619 36158 37239 14627 25254 38254 15712 15707 37479 29312 40609 40338 
15397 3607 32666 34219 12467 8381 36469 16879 5048 6773 4764 3616 3609 3618 12123 5056 16664 6771 5054 4766 3455 5045 38533 
15422 19830 19845 2689 4765 3607 12112 12111 16641 4798 16853 4820 16873 4871 
15517 5869 20549 5162 5914 5958 5921 5939 27419 5928 14068 4529 5916 28848 
15667 23297 24983 27267 24405 24421 22147 18983 35199 36159 12391 34558 30673 40573 33390 23108 
15819 11504 26276 16618 9271 16191 1755 4024 16349 581 3974 3313 3955 3314 1910 15005 1870 2398 1825 25403 1710 1948 16077 9474 11558 4016 9334 16042 4174 4150 4175 6846 601 632 2952 31233 3939 11534 9322 6520 1717 1722 11512 1720 1724 3847 741 28537 628 944 3914 10040 30900 13311 1878 11486 3871 31772 11478 693 4079 6522 3951 10611 4082 16028 820 1709 3383 3978 27800 14780 8332 3365 11553 992 3875 590 2978 2525 1023 30624 19241 14422 2493 2050 4136 4403 20428 16573 16556 596 32291 22006 14925 6664 461 468 15216 
15830 39712 26846 27622 26109 26415 31312 29334 32245 28684 21519 23697 23916 39246 38069 33389 28067 23927 34054 21164 27212 35059 23932 21521 25528 
15833 31065 21922 27952 22522 38783 29773 34870 30257 
15887 8850 37536 21933 31286 36063 22833 36068 37555 24105 25338 37023 35613 38849 39387 35618 33577 21892 27204 17406 38370 27161 35615 38850 34408 21896 22549 39384 26404 25117 25701 24503 25877 22478 23196 22572 29788 10878 26348 25116 34187 24112 26364 34192 34844 24981 31315 40196 32282 40070 38844 39842 35617 33254 22669 31114 39096 28647 24467 38843 40672 21899 21891 22876 30172 22582 21126 22921 22524 23681 23293 22561 25019 31714 37465 23297 25057 35616 21890 39386 27507 
15966 35848 28601 35805 36928 4198 26592 26887 36931 4200 35797 4194 
16034 18056 14395 13736 4684 36905 32080 36168 36155 37191 32057 15707 39275 37568 13272 
16158 35597 28857 11362 2903 2266 3304 1287 13839 3086 4646 4622 7393 3268 7371 3792 160 16508 30745 3522 7579 2272 30789 1821 9325 20876 1816 192 36049 446 2567 23742 16391 8896 2474 31363 24754 3736 5425 5420 8297 2362 23734 2141 6803 3094 26281 
16210 37912 28509 20749 20718 38082 27271 23646 25194 22210 21588 22727 22737 22207 21590 37537 37107 21582 20725 20692 22152 21612 
16233 5536 10787 10575 10932 10852 11800 9986 10219 9121 5557 10707 11230 
16279 25876 21913 23712 25529 24260 24618 22650 23532 
16394 15699 37398 35828 32072 18994 38252 38250 12360 12365 37485 14626 38253 32080 37136 37804 40479 
16395 12982 10447 20052 1838 36859 8015 1891 874 21114 9270 2041 2409 2922 3243 2657 632 3955 1740 9299 1933 566 4231 2045 
16490 39846 27257 35568 31713 39712 34747 26104 25018 36278 24414 23697 26096 23108 33272 38296 38465 40217 34054 40719 26407 28809 37203 34168 31349 23348 
16579 32421 16220 37864 28450 15014 17217 1277 40018 
16698 33093 33120 39615 33090 40272 34319 31746 33179 38637 37054 33161 33176 33084 40155 40729 33189 33118 38491 34318 38490 33137 
16814 5530 5147 10159 11810 11241 8266 14743 14744 9554 
16946 1194 16160 31496 222 23952 19326 1294 1300 3697 15388 39907 184 2455 5670 2495 1323 8977 3741 1288 5675 2624 4532 3634 3538 1692 1260 2580 1676 180 230 1623 1302 1183 6222 2423 2432 36378 1504 1502 255 1277 1279 1503 1500 12476 1513 7120 1524 1526 13512 257 1527 13504 19556 1509 1515 258 8385 18889 256 39320 1508 1511 12624 17139 3800 5174 5430 5688 14911 26523 1609 978 3210 20282 1352 
17085 1594 7364 4623 189 204 5422 2461 3268 13682 2071 20517 3794 3472 1319 32921 300 620 11164 2568 16496 4622 29244 3022 14202 5377 23734 12153 1593 
17101 681 682 683 684 685 686 1843 687 688 17914 593 1766 1928 3937 744 1853 1852 1851 1850 1848 1847 1855 1849 1857 1845 1846 1918 11512 2382 2391 609 11695 3915 
17243 29139 22875 34748 30631 26110 23340 9597 28681 38529 39143 21165 31824 31349 39486 36601 28812 
17319 27590 34428 6983 35561 30461 32394 19113 19661 
17363 37600 7408 1060 1739 3131 1816 9445 30348 6041 12332 1821 1062 22753 3200 1843 4074 10017 8274 12701 16025 4069 4068 9730 
17394 32249 28800 27512 27513 29026 28998 28758 29324 31894 27537 26104 29541 31713 28803 36482 34565 37747 27258 36279 23341 26066 25932 
17412 34695 31825 22445 32156 27159 29513 23387 37680 25333 10880 36596 21905 32564 39382 
17573 3596 13807 33032 6863 40512 17332 19083 34142 36014 30509 1355 21727 16319 5330 8266 24026 2220 30979 4280 38589 3154 
17652 27288 33682 28824 28775 27255 33397 23108 38814 33269 29322 29320 37829 29325 29321 39220 27655 31211 30181 39848 20719 38074 38529 25100 25378 38307 30222 24121 24279 35368 32733 9601 32561 23214 22919 23503 34184 22932 24612 24978 34186 21909 24139 38284 29540 40560 26633 39866 34708 38808 23902 38597 29170 25714 
17653 33586 30931 39002 25111 23108 37544 29323 34251 37810 34875 27947 38086 32732 32160 25917 27713 28664 
17679 8489 17740 17368 30075 5981 14807 12517 2713 642 38106 
17763 8855 32717 38331 22555 21948 28028 23869 25738 21933 28199 39523 24965 
17901 28573 8512 35624 23288 19286 1500 8408 12476 5369 5204 17109 32172 17201 17294 32598 28584 13363 8407 12483 4994 8433 27400 1495 28569 4995 5437 17434 4342 26802 32001 8410 5179 
17905 192 27776 3047 8021 36633 4215 201 7394 
17964 31295 35081 39830 35076 39499 27515 30275 37547 25271 31218 24046 23539 22411 38862 36141 34537 22657 24065 22458 24974 39409 34213 25335 29824 26085 21861 32241 
18058 38087 23511 22403 23154 22952 24200 21696 22413 
18068 7911 6455 33240 19240 5286 5284 5283 19353 16058 16059 3534 7336 37435 28639 15174 3563 13273 13274 12495 16065 30623 9995 23127 23130 5271 5272 5273 5274 5275 5277 5278 5276 2656 3569 3581 3572 23126 280 19047 10006 5279 5280 27150 11719 12523 3577 23422 13294 11624 34347 3568 555 15169 2652 2650 2651 2653 1015 11720 2654 11721 16045 2655 16046 16054 3565 1021 36655 3536 3535 1019 18498 10320 21679 23430 32030 3574 23427 32031 31366 10005 10321 1020 1017 15159 13299 1022 36656 20202 16049 1025 1023 27418 17069 37765 13349 34215 11924 51 7551 11942 36660 31882 15975 20495 33033 36657 31485 20765 26934 32268 33997 36654 36658 36530 20764 15974 16216 26566 13344 28006 14866 15180 20586 19682 18513 36724 38037 22345 26876 18307 32363 30507 20757 20490 20492 20489 20763 20759 20767 26263 7605 8102 8103 18177 1500 1493 5430 5174 4994 1314 1492 3820 8388 15531 8461 6081 14329 36662 17218 17377 15630 30831 1685 1684 36663 1683 8452 3171 13476 256 8555 12624 1509 1508 1277 1502 8503 1504 
18093 15474 5006 1430 7201 1004 9165 9163 283 11658 5211 307 18391 2269 4522 412 3053 8884 198 3421 12266 1555 6138 6149 15926 14476 14477 17737 20222 4036 15260 2525 838 6030 6204 12149 372 2061 194 29273 10374 3078 8599 34225 35426 14202 4602 32162 1835 25510 1791 11704 8794 4519 13307 1589 8049 
18264 30589 9914 7550 25852 19652 29163 19006 21287 17570 20541 8868 22684 20825 24988 21368 30591 31307 16145 33565 18947 19653 25826 34910 25834 26293 19003 23406 
18272 28523 29754 36071 28521 25341 40071 20743 30215 25125 20746 
18309 12043 14799 2397 1934 1077 7625 4409 1212 38060 2584 9243 3720 
18312 10435 11571 571 2377 14709 14670 19439 917 15656 12992 13451 2525 972 1733 22787 9775 2978 13374 3852 35266 14476 12575 11464 2283 
18346 7423 3417 23126 2220 13329 32380 11161 9850 3191 10925 2203 8297 3047 28128 11144 8879 8622 3026 2436 16050 
18437 35670 16343 4401 2525 1650 7755 21986 5729 3346 3342 5719 29632 40290 2028 3185 16348 4784 16558 7942 4179 
18440 26244 30558 21590 17484 29806 21913 25523 21325 21353 23095 29051 25437 21358 30208 21352 
18457 27014 29460 32964 27004 37993 27665 29486 38460 26972 38461 40101 2941 38484 30128 16710 4680 26639 8913 8150 30670 36333 29472 40157 34323 
18540 15144 1014 32814 3536 36655 15173 13292 15167 18128 1017 
18587 22357 13053 19755 16456 2207 11236 4385 1307 1676 6901 1302 6100 5692 9168 10849 5549 10143 21214 18875 12222 10179 21204 15201 18872 10783 18867 1329 29072 11396 10118 5524 10583 11195 5532 11245 5470 10166 10107 31018 10787 13651 21213 16473 10554 
18596 2263 6625 2258 1624 3133 8653 5423 1441 18220 6919 18934 34047 9528 3476 5655 20102 13822 13923 9647 13791 32341 5397 11702 28860 11686 3088 5400 7391 19398 2475 1616 12301 2485 11164 3084 8790 3098 13833 17007 3792 808 3421 33578 4519 11134 2067 16522 1643 1666 3036 13322 8879 2299 3787 
18624 32707 24712 22446 24621 26383 31573 27505 23200 23670 30441 39772 36760 27104 28667 27753 22919 31952 40820 27504 33201 21582 23297 29035 34186 21536 24204 25268 27946 39582 
18648 23202 17406 31119 26404 28669 37024 31286 22277 22278 
18657 32513 33723 15707 38264 40378 32063 37886 28716 30499 1165 36173 35284 18986 34883 15698 12361 39161 38543 13272 40339 37275 40463 25254 32077 32070 39963 14627 15711 40324 
18711 24746 32483 24959 24062 25179 36185 22514 25335 29295 22939 38783 33858 38662 23792 30461 22969 24667 21858 21913 38506 22667 38467 37698 26070 12186 30280 24197 22900 23872 24696 22971 23225 24116 25683 27484 
18735 38424 31894 21613 37910 22148 22197 21620 29364 30262 21555 17484 8906 49 39279 4696 4699 4686 22199 38954 30220 38272 37101 22155 
18741 20537 19654 7546 34580 21373 21374 19006 20531 19670 9918 
18861 34124 34629 1546 5172 13720 5362 31612 34450 4289 3810 17102 39106 17297 722 14712 
18874 27845 8849 38192 39590 38195 38187 40373 38874 
18881 40372 12382 18990 39710 39159 13272 9591 39750 37902 
19042 14527 14525 14529 26878 18520 30229 33718 8239 21263 33625 17483 14545 
19078 3601 18816 8003 18 18817 15818 15 8902 16689 17622 17625 36253 25653 15823 15826 7998 15828 8928 10639 28497 29619 33481 33734 23151 27889 8943 38 13740 8944 30124 8942 34413 10642 8146 20 19 25650 10634 8912 28691 11669 15452 19128 9 22 41 36 16685 21 37 35 8117 39 28041 15859 15770 39568 37966 13005 21501 21497 11672 30128 25652 17620 4685 15772 37967 36630 
19097 11381 10329 4435 6698 38900 31018 36774 375 1402 19771 5211 38677 35374 8618 12166 6559 11356 4612 39196 
19119 38554 11950 14920 5944 29390 7666 51 6455 34799 981 27414 
19249 4908 7462 38731 32664 11796 2032 32948 12031 8525 
19283 27947 34713 26958 24213 23017 25751 24301 28179 22834 35099 24746 
19302 17153 37143 256 12504 5691 17304 8399 34117 5168 11026 37440 11837 1508 20615 254 19942 12952 14329 36134 20376 17161 27399 8403 5690 1515 18240 19286 5174 
19308 22594 22999 27948 22966 35101 25634 25532 26119 34783 22466 24209 25000 27111 26628 25160 25536 24230 24252 23700 38285 26434 25694 23195 26093 
19342 34148 627 574 4039 12700 15005 23826 33351 6673 18976 15104 2667 26914 17991 13165 18012 8236 3989 1812 15007 6667 18527 27801 2956 8138 18009 2680 13192 12586 14591 17517 14773 20870 20272 1814 12708 36381 3372 
19405 32870 37702 38959 37191 40266 40200 36905 40444 38830 40297 12383 32077 14624 37563 32871 38962 
19417 25057 23902 23709 22403 25247 27218 23502 23182 22597 23397 22623 8855 24043 26472 21180 29315 28067 24555 28232 22455 27108 25055 
19502 35946 15857 34830 18625 21313 13858 31849 13005 26101 10652 15862 16689 15844 33255 
19521 24444 40845 40567 26450 25578 33781 35784 21536 
19543 4658 27795 33831 4659 33951 17254 37940 29419 
19547 18481 34001 27896 11944 1314 8388 5202 8399 1283 17583 36781 17287 35437 21252 17369 17367 8443 5370 17382 30387 255 1279 1502 18141 38280 2932 15062 1487 11026 5168 22028 27364 14062 14063 14064 38443 37503 34945 36623 20548 4529 5879 18368 28849 27363 14908 14092 5907 14082 5935 5936 14105 5953 14068 30976 33944 35148 5908 14061 17486 570 14895 17242 17243 5163 40390 27385 9464 19478 5430 5174 1493 1492 8426 27188 17131 20997 1494 1496 1284 39791 6081 8546 8503 30520 17175 1500 12644 1685 4900 1463 1482 1550 1537 20462 978 37420 
19556 40666 32868 40716 14616 18981 34884 38238 37044 13271 32861 39591 
19660 5860 20552 17243 5923 17240 569 5957 14902 18362 14075 19301 19298 9415 5928 27370 5905 5859 18368 17242 14053 27633 32508 37402 14077 33955 11885 37403 5939 27897 14895 36310 15753 7209 36826 
19697 22600 29330 36152 22720 40251 10878 37745 17406 13038 36164 32058 36149 15707 40297 32080 37277 40043 39591 37279 36211 19657 30461 23659 16734 13272 
19702 27076 36143 36872 36390 37189 24535 40116 29541 
19767 3138 176 293 208 809 189 15992 2344 17055 2526 331 322 34670 5640 25217 38115 5642 14212 5641 14210 14250 14211 14129 14133 14242 33634 30062 33633 14144 14186 35500 14185 14287 14209 20259 14140 25215 25216 14244 1832 2146 36420 20516 17048 35227 8785 837 1629 
19774 25592 22985 27946 36562 33313 24231 25179 22607 26378 35720 26492 24526 24979 22627 23038 23015 8849 22737 29036 24448 24447 21154 35425 24449 23397 35793 37550 22651 26472 
19837 15413 36808 10315 1236 2635 160 559 26282 8802 718 
19852 628 751 840 10041 8334 9738 30112 953 10435 15106 1086 25397 14451 14768 12972 3224 4787 4803 3617 4792 4006 7947 6685 8321 
20013 21232 10101 10720 13646 11433 5527 5547 15195 11319 5538 5458 5215 10719 
20093 16742 16736 17498 34384 35468 19112 29784 37493 19107 34382 9914 9918 20678 30885 20811 17875 
20113 13308 4647 17058 35640 13822 33208 13823 17062 25957 34926 19774 22046 2153 406 6825 293 32204 620 374 16530 23783 205 12170 16531 31877 36132 371 2359 15230 4525 11136 4657 32206 6588 6826 373 372 3770 176 6575 2146 2309 5379 15904 6824 4458 2263 6624 
20216 18835 36327 2634 25206 160 1236 16160 9564 9565 38958 18833 6355 2580 18279 8036 8037 8035 13529 8042 8040 18830 18834 39510 38857 18269 1676 1413 1128 1127 6184 6179 3648 1130 3637 6181 6178 381 6182 6172 6730 6175 
20252 2337 2525 722 34614 3195 559 203 628 7832 8524 2530 4044 
20257 33191 38479 37059 40456 33199 37991 35779 38499 40102 37210 35773 40772 26974 34321 34323 34314 39182 29493 29489 27667 38500 27007 40103 38501 27008 34327 26979 26980 26971 35163 
20340 30887 19111 20679 22768 30886 22773 8860 22774 9918 16723 22776 17498 30465 30460 39601 9919 30884 9920 29833 714 
20354 19081 5334 26570 141 2971 10689 8266 32150 16297 16323 35672 5328 26863 11807 7631 30981 19091 27798 21716 5331 5332 5337 5336 7626 16321 21436 17738 157 3231 
20357 14952 11647 2536 26016 1637 15969 12669 5110 23066 2971 16760 13643 642 2363 1352 
20379 134 26730 9001 8271 26731 135 37688 22719 21948 23697 34163 39094 24238 24903 23301 22442 25119 23108 23350 33307 23680 35496 28686 
20648 22747 18025 7333 37165 7666 978 3211 20282 30660 35733 24369 37601 7977 3779 26820 17608 31184 31185 5681 8016 27803 31188 20798 13617 5834 14294 12131 20012 2363 1169 1538 2220 
20665 19219 19224 5344 10082 25897 17030 22310 5225 22294 20139 18459 18461 18460 23472 15599 
20701 25759 37192 22131 23674 31312 33869 26394 9584 25056 26467 24318 27957 12188 21948 36779 23522 
20766 39367 10040 13382 30350 32404 677 1712 991 11107 20213 12990 
20790 17573 20531 19670 16711 20812 9919 19669 17875 32541 9916 30568 16722 34534 16715 22766 
20802 39963 38265 15708 36904 40224 40278 38831 36168 14625 14626 37483 
20827 26980 27010 37208 27665 26991 36292 39086 31740 40095 39615 36296 39179 29466 40185 29461 29481 29477 26998 38461 27674 39845 
20921 10131 10130 10923 10919 10787 11311 2662 1355 5518 32954 12175 837 1811 2203 23468 21184 11293 10837 10587 5528 10209 5560 5541 11280 10215 9531 37835 10582 9983 10729 22783 5189 10925 
20933 31125 34445 27721 39541 30599 31815 35982 35981 
20938 37820 12367 37288 32861 39591 37819 18986 40789 37136 40403 34018 32862 37815 12386 12390 12361 32069 38962 38126 32061 40769 39161 37903 36154 32080 32865 
20994 21028 33014 25944 17046 4306 7774 36934 28695 30978 3065 4252 30399 1515 1546 12949 23289 7318 26143 4990 37523 10694 38007 32460 11854 4294 33214 20095 12932 12938 4335 29708 7309 16894 
21068 14801 2337 13815 21426 14637 5492 17717 4908 4907 11795 5496 1811 6037 17530 7671 3180 7578 7572 29258 
21155 9103 6318 37718 19571 36568 27726 5210 6326 
21252 33673 9860 32334 13626 2363 20159 837 24354 283 3582 8170 1609 9858 1620 20800 2364 9867 1133 179 39424 39423 9862 25841 31181 23486 5211 7977 28123 13637 27609 24352 23440 
21299 4695 4693 4694 4692 4699 16704 4698 4686 4697 16705 15835 14398 33747 8906 17644 37938 38377 32116 4696 36630 
21343 17752 5538 11410 13088 11224 10587 10834 10583 5447 10731 22863 15553 11400 13060 10091 40477 10209 9980 10581 10715 
21458 39424 37490 13639 11665 9882 36681 5445 7972 11655 9887 
21562 20758 18123 978 25953 38858 32570 29573 18120 
21604 4301 9571 10814 28565 17352 1546 242 26784 23088 4305 12938 11626 12435 4316 20043 20088 4292 34096 4302 7437 4337 
21688 29098 21286 34905 25834 32233 19004 1509 5179 1500 14829 17133 12478 3581 23124 37865 8169 35039 6081 1683 36560 15752 1504 24591 5172 21327 19652 30591 39785 19653 26307 25832 28163 
21730 15559 10840 10583 21197 204 1807 10852 13610 10722 11818 10140 35279 11803 21846 13945 17515 21227 10888 19756 
21822 38311 21551 20725 21115 25111 23109 23341 22875 23108 22130 26676 21859 22539 34725 30315 25116 22206 12360 40391 29312 40613 21320 17406 24590 17808 39440 34372 21181 8849 8850 23098 21158 37846 
21826 37522 1169 1165 10495 38891 32795 1170 22344 19364 26939 170 24807 19964 19966 165 168 26940 
21845 19513 13759 36673 9212 837 32293 26910 37694 15756 35022 15137 26906 10604 34497 31278 37447 26909 4561 4560 13539 
21873 22058 11193 18514 517 24012 161 165 14337 
21889 30268 22719 32495 31302 38820 25432 31291 22723 25120 21147 23297 37103 
21909 546 309 9389 24752 14679 34592 13753 19773 36691 14292 4489 
21985 16891 1478 4623 293 2467 15900 6588 403 23777 368 2484 1209 604 4074 9298 669 692 18480 11712 10349 6970 11716 9528 2067 7353 3737 2473 3739 4845 5423 20104 3764 189 187 7365 1790 11711 298 2324 2141 1608 546 10357 2146 2153 18640 11717 176 1571 2380 881 2923 12590 2525 559 4841 620 553 4525 2319 35008 
21990 2687 5747 14366 17827 2726 7127 16757 2880 29450 23575 18252 23577 7147 12611 14387 3126 17858 1027 2635 25455 5123 7279 17838 12290 13544 2773 2742 2692 32537 7301 5101 5088 7130 3125 23571 642 18295 3127 640 17778 13868 
22039 23207 23720 39570 22637 25233 23699 22919 23214 38208 26951 22513 37636 36406 21940 23712 17406 
22180 28660 38279 36628 13021 19010 20372 20373 20371 19667 8999 20951 15452 13 12401 35512 38031 
22217 38587 23108 25521 37670 22732 22727 34859 23297 24982 37716 27534 38837 
22260 15560 18270 228 5349 7085 229 3652 12608 
22294 19642 30141 3607 6760 4829 4820 5056 4785 3192 38327 
22354 39199 21326 17495 33465 40479 17406 22669 13266 38162 12368 
22395 17835 7171 642 2403 14659 2635 4187 10428 
22435 2225 8287 23957 22076 19013 7083 1249 1121 18914 2507 1689 21025 26014 
22453 31195 3758 35528 17608 32333 31268 14294 35732 35733 28391 5445 9888 7977 8222 2363 722 5174 21841 1500 1503 39320 1513 7120 6733 12622 35659 
22532 26707 21128 38939 22513 25101 23701 25233 23902 21536 37343 24078 25316 32740 25093 25103 35214 40864 
22543 9858 7974 20928 9854 18936 13639 24355 9841 14687 19575 31031 9486 31192 31201 37601 7971 9896 5161 5159 5578 3671 3689 26818 6090 19595 39934 6893 1128 3711 3655 1127 6182 6170 6172 6171 6173 6174 6176 6175 
22555 33277 28980 15335 4738 16864 4769 12062 7859 
22628 4623 2305 3072 7370 26279 17052 17057 14193 16393 16392 8828 6417 3093 808 4657 6449 4647 3268 3079 7390 2362 5423 3071 12274 1209 7353 20103 1473 16996 3019 28072 9822 3092 205 2259 12557 2153 6589 199 
22637 38437 39709 37902 38298 38379 37898 38302 38192 39277 38440 39131 40374 40317 38162 38218 38439 38215 39132 
22649 37920 36064 31712 25916 39170 35693 30186 27256 32248 35496 23350 23341 40678 36957 23931 27526 23925 
22696 6888 6914 2169 1307 11150 6908 34605 9703 12417 28373 21709 5311 1198 6365 1224 39194 20972 10688 30336 643 20164 978 9699 1638 2193 36470 35271 441 12095 28376 18844 5147 38958 
22769 26796 16672 34596 21302 33479 9316 25370 9296 35547 14451 19095 29915 32648 18294 12882 24943 
22771 17485 36585 30876 32419 40611 14744 18853 32752 
22807 24420 35578 24894 39143 38073 23697 27242 31304 24888 27329 24903 27655 25018 29144 36975 38774 28829 
22926 13034 18602 1843 1742 7897 714 11141 1938 
23003 7444 5826 9158 1362 9154 29124 16468 17874 9135 30872 1500 13363 5438 7318 23639 7427 269 246 274 266 4249 23633 14322 1654 1650 141 5172 8474 8468 17391 9151 12656 30873 1277 31664 6304 6285 6265 4361 22324 
23016 15475 2960 4706 2637 20210 35169 1067 10416 10414 675 674 969 12586 3309 27636 1843 32415 3120 9107 13118 7085 1625 6304 16167 5634 184 6251 9109 
23092 37269 32732 29801 28208 34194 21536 34283 21901 23869 21573 23308 22929 23310 31796 38921 29306 23307 
23192 25661 25662 38695 40376 18206 36 39 37 21 39685 48 11667 19128 
23207 3261 3288 34787 15408 16006 2971 6991 7335 6988 12479 4994 19355 
23278 11159 4660 23755 23768 9412 31675 4669 4665 
23335 29541 24419 29349 39291 28175 36182 30817 23341 28071 35181 39282 28825 39250 39587 23697 1956 744 
23373 4900 4891 11860 32675 245 243 3064 5439 
23380 1571 6931 32162 10384 16478 2153 14185 23962 1441 
23504 26375 27573 26326 27050 28713 37012 26605 27917 34066 33769 25294 31097 22672 27596 37635 29340 22397 24058 34273 40620 24551 22478 40582 27015 24607 26325 25709 40504 27273 32242 27931 
23554 33983 21727 22756 16319 11860 832 15753 7209 19089 141 51 
23613 8348 19674 40632 5237 30654 29413 25485 16001 30651 3288 25974 25476 30078 
23814 38992 28826 39671 37392 23350 28795 35176 39010 35565 31104 38310 39126 24981 27655 38989 35564 40928 26315 26317 27091 38021 23697 
23825 207 761 4526 3795 4422 24753 4215 10343 8601 192 19058 32381 20038 33530 1428 24778 320 1835 794 297 2075 3042 5144 9824 5151 224 225 3437 129 128 8166 4372 1321 2269 369 32616 35858 13915 39225 12319 8661 2292 18664 8593 
23831 718 17030 11925 62 10992 10961 3191 1996 3231 
23883 40542 38122 25018 23697 23350 40553 35480 30247 
23904 9907 8795 8792 9701 12304 8614 39129 1321 34977 14497 6324 8872 34247 15555 3562 2510 9650 2266 8587 15885 6702 38893 9376 9375 13661 25207 6375 3469 9364 11126 18669 8052 
23919 40812 21145 12186 34175 37393 40807 22409 22380 21116 35149 21520 
23945 21979 11602 25421 21461 18285 21793 1652 25422 21822 28345 11579 28342 21743 21083 11588 17592 26545 21809 
24004 23813 27976 6440 19678 32980 18121 25953 29575 32570 29573 38858 29572 22026 
24014 22376 25751 22905 26354 22387 35106 27950 23902 21913 21856 22634 22667 22626 29363 24497 25311 31289 23234 24427 24574 24169 
24019 9997 1021 32444 3572 3581 23124 5286 30992 5287 5285 5279 280 1023 559 8799 2292 6592 9604 19552 1471 9650 2071 11170 4631 36078 27822 3091 
24053 4519 6609 1571 1619 797 11173 28037 3107 13682 805 5211 32551 1791 3788 8299 301 3082 203 3469 5397 13907 12182 17055 2417 6372 10336 559 40028 
24116 35871 20521 32885 19727 31638 21559 29975 31640 33994 283 2673 1352 19989 
24205 2727 31648 5124 21379 21268 5091 29160 5090 5123 7290 19029 5101 7142 19808 2843 19429 3248 2870 7301 7232 33802 14377 31650 7172 29923 2835 2834 2755 7246 13757 14347 33060 7164 36719 2695 32427 2659 7284 9189 17778 18254 
24260 26985 27668 27618 26976 27669 38463 29481 29485 30666 26993 40615 29489 38481 30670 31740 38489 
24329 12266 6449 6951 208 13606 3038 6972 36078 2061 30724 2099 801 5775 36081 26540 3078 18664 2258 305 2129 306 34649 2474 8047 13827 20104 26012 6125 325 329 1209 529 1441 331 14129 9348 3732 15415 20034 11371 2263 6589 3099 8828 2362 3736 4572 34114 805 559 1811 32959 3154 141 2190 9364 3420 
24530 32805 22387 22397 22649 39664 23022 24255 28262 31684 23018 23002 
24669 33581 17405 31813 23542 22505 22438 22831 22839 22525 23234 12186 28254 
24671 23397 22651 25072 22459 30333 23297 40592 23298 23924 27244 21520 28067 24403 38389 37382 25319 27108 21172 25700 22648 
24697 161 38735 24009 22265 26922 22349 16213 19927 19966 24836 28311 20588 24384 19921 19920 165 10512 901 908 
24717 35491 38473 31215 38144 27567 25096 21182 34276 26390 12186 10880 27898 21536 37388 34271 37386 27593 26606 28752 39489 
24741 39664 34583 17139 3800 32047 35958 1493 17109 1500 40261 1285 32510 30619 
24743 36189 33813 38281 33631 24661 24700 24621 21948 24715 38787 23027 36202 38549 37369 24694 36200 22929 35354 40460 23203 23181 24691 31119 10877 37883 31097 27573 32469 
24755 32669 8540 7471 2673 4598 7416 7417 30059 141 3152 5589 3610 19745 17726 19769 30948 17725 4876 26869 4746 
24838 21976 29901 16631 2923 2525 21084 12931 5721 21812 11601 30496 5731 
24856 27416 1023 1010 19241 14423 12509 12519 12512 9439 12471 30624 31408 36738 33522 6028 11891 25788 35033 20584 3726 3723 19074 35118 27368 11950 39234 5944 4207 29267 27386 11947 18133 20806 3006 978 11944 20848 11953 33482 20551 19969 38554 27394 18178 3212 38553 3210 11951 11955 27412 27395 36447 980 11058 7666 11061 11064 11948 10689 3724 31978 3722 39286 22032 19208 37848 7916 31917 3011 17333 19216 19215 720 719 20444 
24938 16321 22013 18015 30533 36041 5326 19099 21435 16547 12022 18565 18556 158 33902 33901 3606 
25208 37928 34571 31237 8868 34774 40649 17579 17497 19112 23176 19114 19115 19117 28494 31723 
25213 23902 30278 38477 17406 23225 26402 25667 25312 
25260 7455 6746 32006 642 2854 2776 14381 19146 2809 12110 5047 4818 10861 9968 2773 2659 27334 5747 2692 2740 7125 2868 9189 2865 16755 19844 19821 14367 7293 3125 14365 640 16256 2866 
25269 6980 1594 8067 17007 2190 18550 838 2378 4053 7745 9325 8336 2525 9868 
25334 38754 9599 27296 28750 28788 27324 24894 23344 23347 24420 9602 31714 39588 33707 23923 23107 
25336 10084 7162 15723 31490 13868 7225 7274 7157 
25369 10863 718 717 10068 5344 35070 22301 17192 34354 2337 1653 36243 10859 3154 
25472 5423 2461 6371 10225 12538 2475 6584 13160 18391 40878 761 
25555 27091 38021 39785 19652 19653 34909 20951 18056 
25556 30913 7337 6987 16062 15098 28642 28643 1022 20245 16831 
25595 325 3102 8579 3077 2902 1611 31016 12551 549 4623 1590 201 3079 12553 780 2067 8805 307 
25747 10091 10843 1806 15558 10889 10291 10106 39459 18826 
25752 38585 22719 37748 37364 17406 26068 38588 24590 21181 20727 
25802 68 1811 11054 7522 18819 11017 11022 38642 3676 3685 6269 2226 22096 3689 26818 1412 40438 2196 1352 16820 110 
25833 29354 39810 40573 22187 21611 22219 21629 21622 21617 35395 22221 22164 21626 21613 22210 
25935 26735 9789 17501 23266 7658 23265 3144 7572 7664 7592 7594 18608 30890 18772 1811 34296 1169 18307 12439 32362 51 
25954 2241 13669 27348 6423 4294 13705 556 1796 547 2299 1831 3419 3261 7365 529 440 25844 11383 34452 1428 12340 978 35595 16100 35426 22020 18036 16948 
26042 10 18817 38022 9920 8906 17644 31735 11 8011 8937 8013 
26080 31159 25571 29769 28155 30702 38199 27578 38410 10879 37635 25774 40888 34020 23721 39787 37388 32475 38968 37386 27159 27447 33564 27156 27932 33859 33210 37379 27591 10880 27596 36191 32757 
26088 22640 23702 24965 22446 38088 23225 21536 25313 23097 22630 22562 22524 24590 22719 
26178 19003 31536 25834 19652 34547 30936 30473 8847 
26268 40193 36492 36507 36506 35556 26824 40194 36490 36504 31140 31145 40552 
26369 7477 22330 4912 22331 239 18878 8983 20413 7435 36271 11644 4276 8989 11643 32769 978 12432 28086 28018 4295 4297 18709 36693 4272 31563 39679 247 18717 37308 11639 19463 4337 9578 29711 18023 18884 
26448 33805 32532 7212 18113 29400 2773 17829 40645 7154 21452 11599 18301 11578 31048 
26532 33673 2611 8178 1668 7087 36712 9257 1122 1194 1127 1154 1224 12425 422 20987 6895 
26534 15587 6074 15565 39020 3187 15625 39655 14463 10803 31997 15561 33537 15617 29256 1538 18020 17328 2971 23070 10830 2363 34817 17604 19581 9886 30999 
26592 22961 37995 23902 39866 39911 29170 22919 40448 
26632 26947 9453 23710 29530 32603 27898 25116 22644 
26681 22438 22594 21536 35615 30818 33577 34189 17406 
26702 22929 26965 25059 22370 24306 37634 36733 26433 23902 39103 28065 24264 38937 35947 25726 
26718 21122 20712 28517 20748 24902 25685 21151 20743 23030 40758 
26769 21250 2044 673 6847 1941 25613 17425 877 
26793 38646 14701 23336 28930 25440 33478 12788 23833 12346 543 12785 
26907 17284 3820 17348 12998 30953 1495 1494 40522 13838 8516 27180 16215 1685 39436 21414 37801 39120 1314 39435 1492 5430 39121 1551 722 30044 19934 24389 24391 18329 24792 30048 16451 30046 33474 30507 38735 26184 520 26516 6695 26187 26186 519 26185 10500 38478 17815 32797 32801 32800 9767 32265 19711 38891 16223 9523 32352 26189 32350 10518 24873 32796 24874 18514 32262 39890 31848 20760 32263 31229 10495 20588 10502 27626 32264 21739 32799 23364 6696 26515 32266 32355 32644 24869 22348 9768 26514 32351 10499 32087 10501 31228 36553 33287 19739 24801 25800 40638 24846 36569 27697 40637 35416 10511 24806 19903 32364 34468 38154 165 35446 491 17023 10512 9526 35447 3808 32366 26750 31227 30115 40815 36789 12601 9525 19714 10513 35402 25801 36556 24814 36788 24796 24826 24834 24829 4924 26569 37423 32361 27761 18515 13365 31971 33289 18307 32363 34466 32354 18308 12439 34467 22113 32362 38663 33288 35404 36554 38273 40634 36722 39236 40216 39104 39239 39240 39238 39237 35405 4926 31970 171 33291 36945 34463 26182 32798 39889 19684 32347 16213 18306 8219 22344 26930 35419 38042 26929 23798 34248 32832 27979 39318 25792 27977 25794 13956 35418 25795 10498 33475 19363 24811 24812 26179 23365 24872 23362 32794 32365 21738 26188 24870 26183 26181 24871 9765 32795 23984 25793 38037 19686 35401 20487 10497 5597 18513 36725 38598 36698 10514 9769 23363 31230 22264 28118 32253 26921 26922 40564 1169 19937 19936 19935 16813 
26956 31778 25554 21909 24201 23902 22939 28872 23301 22530 24992 29106 22566 22877 22929 22522 22874 40362 22882 29512 24115 26070 24185 38940 21128 23719 24449 27652 32284 10880 23910 21536 
26969 20716 29056 23030 23099 8849 23925 34214 22961 
26985 38756 40896 40293 27655 35480 28997 30442 38720 26446 33378 35576 30177 40108 28804 9588 28750 22875 27274 
26992 3607 12112 12111 4767 12122 4738 4818 4732 18482 
27021 40836 27603 27252 25022 32245 27255 9602 28685 29026 27655 39827 26407 9593 35563 35691 23297 
27033 29376 2510 36625 20026 2417 446 479 20248 20025 8593 17055 39372 6627 440 2315 33377 29378 7378 6930 14815 309 35000 35001 35002 
27051 23903 26841 26061 23726 36889 27022 38666 22459 28270 23191 23190 39586 21536 31825 25754 32972 
27117 13036 18958 18960 18959 8013 15770 15858 13748 43 11 4685 15820 50 49 3601 30126 12 4689 
27162 29913 4148 25370 9317 35838 15657 29907 2679 37003 12769 10596 
27171 9453 12190 30584 26468 22640 22719 40910 24293 22831 40963 27168 28687 25253 23681 
27211 13272 24591 8444 1500 1509 19942 17345 34570 1609 40069 38305 36177 
27304 36322 39544 28793 29356 28768 27245 39978 39213 28222 28663 29165 30258 35496 40441 27511 24606 30333 24179 22725 24037 
27550 718 1169 4289 9220 15344 2018 837 978 32178 
27667 36 10660 9 16687 10652 4683 3598 15780 7963 10649 8936 7998 50 15826 15829 37 25650 19 13045 4684 20951 13272 40410 
27768 2692 2852 26040 2732 29400 7129 32526 2740 19147 642 17425 13441 8336 3920 6677 39353 15765 6477 10607 991 11141 1962 969 1851 
27781 36500 36499 39395 31150 36308 27810 40194 36497 36305 26827 40858 37419 31153 
27812 24440 23860 28712 34011 23934 24296 23516 31055 35894 22594 26721 24244 21909 40970 25067 22988 26364 
27912 29010 24414 9597 9591 18 37984 15807 39279 
27947 27324 23348 27246 32307 35955 28835 25029 29012 
27965 19267 30531 18180 20472 1463 8546 5131 1683 
28001 34561 29005 9596 23108 35691 28673 29011 23350 29783 
28033 12186 25301 21923 21696 28243 24264 24097 24990 38098 10882 27218 8844 35768 24109 35355 34695 
28086 40186 31743 33152 38496 40162 33154 33109 33155 33158 40161 37122 37054 
28089 19022 39877 24792 19879 24377 15180 28309 19883 16544 11935 9808 2971 1169 19972 25689 25688 
28126 11164 10351 11689 20258 3027 11712 15890 12164 13338 8896 2067 3772 3474 
28167 29785 30480 23406 26288 39047 31802 40855 20825 
28221 4990 15745 9578 273 9581 269 18718 34231 34309 
28284 19902 4923 4918 34341 32347 18307 37949 26176 34469 10519 164 493 26178 19895 161 501 9770 500 10508 10524 503 5598 10486 162 10525 978 11944 170 24811 
28363 27357 12324 323 3051 761 6389 8805 34998 
28366 20791 22694 4490 14693 9841 24751 28150 13617 
28394 39809 27296 23297 40771 37922 23108 39760 21164 28743 33587 39687 37176 25018 29002 39870 
28395 33093 33098 40164 33151 39916 31130 31743 40823 39949 31132 31134 31133 40155 40426 38496 39030 33097 37049 33190 33084 39915 33146 33148 33147 38479 37059 40614 33118 31131 38486 38485 33188 40485 40851 33127 33124 37121 33160 33133 33117 40625 33180 33130 33101 33164 38637 33197 33154 37062 38636 40482 31741 40171 39614 33169 40166 33102 39029 31129 33144 37118 40484 40169 40454 38492 33087 39085 33135 37115 33134 33136 40170 33159 33085 33158 33157 40729 33141 33142 33106 33104 33105 33107 33155 33129 39948 33181 33132 33149 33116 33193 33173 33123 31751 40466 33095 40273 31742 37116 40427 33179 39947 39616 33112 37058 40630 33128 37051 
28396 26402 35387 23184 25682 40925 23225 36386 39454 
28409 15333 15332 4790 15331 6763 4768 12111 4830 4767 16860 16863 12122 16869 16866 20149 16668 4738 16859 16856 4825 16877 4818 6757 5017 12120 16667 16669 12121 4729 4819 4726 39307 5050 5047 6773 3617 16664 4792 16640 
28412 23294 27492 22535 23699 40367 24698 22503 23225 
28472 30906 21555 1538 4890 4805 4795 7987 3230 4408 2525 36717 9914 17484 23658 8906 40492 
28525 37306 40078 18717 7305 2543 4249 247 7427 266 5438 4272 12932 243 5439 18022 
28553 5775 18403 8828 16984 1469 16996 5411 2242 5615 31669 13915 6372 1601 7353 
28590 38995 35950 40188 28795 40944 21859 24990 35176 37175 40803 25113 25907 17406 28800 38294 
28627 4415 4423 18541 4422 3779 23990 34594 35733 
28666 30293 6980 6624 2327 9822 32211 13822 2141 17016 13825 
28709 35743 8771 2146 13333 7395 17066 194 37772 5702 1428 546 
28792 37311 27691 3810 7120 12488 12489 39819 1513 8392 38870 1274 
28814 36191 26604 31212 23193 27576 28711 24607 24615 25774 27917 32468 33209 32475 32474 
28985 2966 2525 15317 15316 2364 37205 283 3271 
29024 21536 36869 31349 38601 31823 26058 17405 22371 
29097 1127 381 6182 3637 6172 6178 6179 1130 3648 6170 1128 6184 
29129 797 5379 3472 23734 39637 4605 35225 2467 306 21064 403 14235 6023 780 10797 6803 
29232 8549 1504 13363 17391 1509 8442 3409 3809 
29255 9793 1023 3572 5282 3535 3536 11719 27148 
29261 31495 5357 2622 2430 27176 23243 16794 16801 18924 36218 28487 
29374 27453 36130 37335 17168 7457 4220 5603 7643 14041 26579 37334 8542 40259 35083 7648 36106 26945 37164 37800 4906 21965 38729 3231 25847 25504 5601 4755 39880 4545 25359 28989 31722 4884 13678 27463 37092 31789 16636 2373 7831 28488 30968 36737 27459 38731 3607 40738 40580 32951 16336 19649 7989 25806 11846 34789 37091 40774 13558 37243 11840 32806 37717 35427 13250 30827 16331 31429 4735 13248 40894 12073 28610 4702 16964 12022 
29434 7330 23087 25946 4325 24367 4244 11007 29258 40078 11637 34307 3063 3062 29663 7309 4255 35850 9572 7435 18878 4991 
29455 21801 24336 21461 21836 21769 11573 21747 21772 
29480 28323 21917 25676 25680 34020 22521 21695 21536 29314 
29495 22005 5127 18346 1955 32827 15218 1101 6488 16339 13936 
29514 22445 24085 34862 23037 23005 22370 22958 21934 22449 21154 40967 24979 
29515 6974 12160 13904 14776 9396 31026 31926 8063 8605 8770 4565 22702 7391 6978 
29635 3626 12660 129 9128 1236 2018 40918 35999 7209 40919 26021 2019 36826 
29772 1659 5728 23556 5729 5731 5730 5735 23551 23561 18285 25422 1650 
29812 35839 32582 12849 2679 9316 12851 22715 4231 
29822 21815 11596 11597 21770 21824 40873 31520 21768 
29836 1127 6175 6171 6178 6182 6176 6179 39623 3648 39624 39621 6170 6180 6181 6177 6184 
